8.241235587215145486e-02
7.621417874253606783e-02
7.448035238393235780e-02
6.667275670860446646e-02
6.668424324465423159e-02
6.451156512692284017e-02
8.047658616171639301e-02
7.217842367595406206e-02
7.562906399771288091e-02
6.490897927246939980e-02
8.890645880840017390e-02
6.891939653549646050e-02
6.524482709823552218e-02
6.221191004293523397e-02
7.029483185338873674e-02
6.394340510946106004e-02
5.913404998670711982e-02
5.782684353334405919e-02
5.641597536473010738e-02
4.979299541455039363e-02
5.018371323985252458e-02
4.652222424806667228e-02
5.131878541276198302e-02
4.076147290595528994e-02
4.222734303952319773e-02
3.577630829826913134e-02
3.983585547309523300e-02
3.242803195977838476e-02
3.390590453254112291e-02
3.417857682691855664e-02
2.983683420327420607e-02
3.112018440258110599e-02
2.807760454101435391e-02
2.642837035631431797e-02
2.462535981918376540e-02
2.424298342981760085e-02
2.368152579883867417e-02
2.249390151472292418e-02
2.243802495844052225e-02
2.055909737668923376e-02
1.987887223586384811e-02
1.949369641082292562e-02
1.895711299891740184e-02
1.915001821782711874e-02
1.814640406722420676e-02
1.736427906328900234e-02
1.625670196578998458e-02
1.617328779301535277e-02
1.658368227366421865e-02
1.694464999132646102e-02
1.597133210693987837e-02
1.607137888620175856e-02
1.507799770984899132e-02
1.429888612306373132e-02
1.397246701033400158e-02
1.375424130009602827e-02
1.320417926252633739e-02
1.484441292629708024e-02
1.317963460605447480e-02
1.394402640194829755e-02
1.357364559611759676e-02
1.254546672324515291e-02
1.265316096025819424e-02
1.283396036583456593e-02
1.282500434726448028e-02
1.171591986846960351e-02
1.187606483465732110e-02
1.190499204763659918e-02
1.123198365863317151e-02
1.126761200865711819e-02
1.145661888871251331e-02
1.128870580610316122e-02
1.093622526750973392e-02
1.168912235616116450e-02
1.064152429911977178e-02
1.100791717180004889e-02
1.040926805263082781e-02
9.970274015003003504e-03
1.073376419069691293e-02
9.964951676912438966e-03
9.862317518031306005e-03
1.007019427329150334e-02
9.641536003460314530e-03
1.000559572341738583e-02
9.918557897719323946e-03
1.001955509820276133e-02
1.011808308534448662e-02
9.666150096801124497e-03
9.647022734227820792e-03
9.313335791988511941e-03
9.654556170253691255e-03
9.389736495455332232e-03
9.438022482140829769e-03
9.105952912363360699e-03
9.137453576025847055e-03
8.813233529625832952e-03
9.011691787264391323e-03
8.974034465678836295e-03
9.221335155967713346e-03
9.395518812173318454e-03
