3.886679920477137395e-01
2.504970178926441138e-01
2.455268389662027817e-01
2.137176938369781398e-01
2.017892644135188818e-01
1.968190854870775219e-01
1.819085487077534702e-01
1.630218687872763417e-01
1.779324055666003934e-01
1.272365805168985953e-01
1.391650099403578533e-01
1.292246520874751614e-01
1.491053677932405452e-01
1.421471172962226748e-01
1.252485089463220569e-01
1.172962226640159034e-01
1.153081510934393650e-01
1.212723658051689801e-01
1.113320079522862882e-01
1.212723658051689801e-01
1.212723658051689801e-01
1.252485089463220569e-01
1.282306163021868783e-01
1.153081510934393650e-01
1.093439363817097359e-01
1.371769383697813149e-01
1.570576540755467265e-01
1.679920477137177015e-01
1.978131212723658050e-01
2.475149105367793201e-01
3.628230616302187128e-01
6.421471172962226470e-01
8.578528827037773530e-01
