3.657154951866394832e-01
2.446359152599541231e-01
2.428581591128802786e-01
2.209019536973961806e-01
2.014662661301977464e-01
1.994155467574570961e-01
1.899065889820020780e-01
1.782790415141603801e-01
1.815797010624613239e-01
1.408290458018366387e-01
1.471905186942278898e-01
1.353207409999457045e-01
1.474402329978784787e-01
1.468095370229133556e-01
1.280712832497515330e-01
1.220402670709610921e-01
1.228345628588640298e-01
1.230781483623955147e-01
1.218701290444004770e-01
1.281076157143872241e-01
1.237764771996883728e-01
1.276095331651827536e-01
1.321819923852974865e-01
1.129817466644717217e-01
1.248170760048292194e-01
1.373429753845804846e-01
1.633933815525089317e-01
1.817797925765892164e-01
2.061218105435319303e-01
2.699967741864452986e-01
3.846079242528882558e-01
6.674605608121066957e-01
9.330293642570905988e-01
