7.667701900883372446e-01
9.142794743930403589e-01
9.416061037738125972e-01
9.506018054162487241e-01
9.614935646199254116e-01
9.567733621051369708e-01
9.905903614457831630e-01
9.775830046914384397e-01
9.682834925358806411e-01
9.877332391194998396e-01
9.978241323502967663e-01
9.988772186160148614e-01
1.004975124378109541e+00
9.813642630222381147e-01
1.004817480658219297e+00
9.986436800881458575e-01
9.960747562815874812e-01
9.968891470454381842e-01
1.006479197106517454e+00
9.948890991400992645e-01
1.002173704759395489e+00
9.996197513712902216e-01
9.980628278521641583e-01
9.991818018342025765e-01
9.897542216819325001e-01
9.700823394078827988e-01
9.126506024096385783e-01
8.622481854765176035e-01
8.058131001162008866e-01
7.103651720283195026e-01
6.056541075668681051e-01
4.356301255441935583e-01
2.173598565626655710e-01
