1.182163340828677622e-05
1.278303690347455527e-05
1.308061291670283789e-05
1.461239504002858552e-05
1.460987801660245595e-05
1.510192253926975195e-05
1.210598890807952264e-05
1.349778243714141246e-05
1.288193464173121479e-05
1.500945894317990204e-05
1.095813141690212629e-05
1.413605905460975019e-05
1.493219773526217521e-05
1.566016312248686804e-05
1.385946354442952610e-05
1.523610852074711959e-05
1.647525680471485012e-05
1.684768871868433021e-05
1.726902093131090765e-05
1.956597813252166412e-05
1.941364232609559058e-05
2.094157524023223307e-05
1.898425014539739691e-05
2.390121332665351241e-05
2.307151218398905150e-05
2.723167106319292641e-05
2.445657681662800160e-05
3.004340999300355366e-05
2.873389378238859243e-05
2.850465846976227039e-05
3.265254794782931376e-05
3.130600535108141619e-05
3.469842514558929157e-05
3.686374325388834278e-05
3.956281924761484100e-05
4.018683023293122286e-05
4.113960678503329803e-05
4.331167978112511366e-05
4.341953720250947844e-05
4.738771559779119996e-05
4.900925202769723931e-05
4.997762553093524290e-05
5.139224836025832211e-05
5.087455522767586223e-05
5.368824896793296511e-05
5.610648480613109350e-05
5.992904720059568112e-05
6.023813289556294374e-05
5.874742673893384065e-05
5.749594473373824502e-05
6.099983726532823199e-05
6.062010399557534737e-05
6.461392806801280670e-05
6.813458412417221731e-05
6.972631667072771555e-05
7.083259906360975591e-05
7.378335601658916941e-05
6.563066281374791788e-05
7.392076400860864008e-05
6.986853232705583761e-05
7.177501818026722454e-05
7.765742645737411254e-05
7.699646455884211172e-05
7.591177093139566540e-05
7.596478200349678132e-05
8.315596815029311533e-05
8.203463630400062694e-05
8.183530535219921934e-05
8.673878889460577774e-05
8.646451960586777695e-05
8.503806130739940505e-05
8.630295413555057183e-05
8.908454568215827584e-05
8.334660462513958530e-05
9.155160783821458066e-05
8.850435956491961890e-05
9.359434827769798045e-05
9.771533439981900141e-05
9.076486516055925569e-05
9.776752472277998437e-05
9.878496181578243608e-05
9.674576606905973283e-05
1.010470384681642111e-04
9.737038017173579179e-05
9.822482960530619128e-05
9.723472248868600897e-05
9.628786907719632496e-05
1.007897301073628461e-04
1.009895681055246100e-04
1.046079172053379354e-04
1.009107660935846417e-04
1.037567624933228493e-04
1.032259312030008464e-04
1.069903028063196818e-04
1.066214620219799273e-04
1.105438379862386971e-04
1.081094074711569451e-04
1.085630619271471775e-04
1.056515833071468286e-04
1.036929071092442282e-04
