4.781875487399131486e-02
5.678420507640273562e-02
4.583177690709958757e-02
3.343661633415258988e-02
7.609694222462123903e-02
6.142036120090085122e-02
3.412526178411028066e-02
5.612993092812603585e-02
2.240941578452914848e-02
2.219535481474736380e-02
2.796746496211509683e-02
3.612076581885845933e-02
2.042615950185544191e-02
1.870957715070827726e-02
2.166564380202791462e-02
1.153895349216334416e-02
1.409924368054729996e-02
9.024889512952180212e-03
1.560373504490842472e-02
9.566189944942894013e-03
9.623534934349177450e-03
1.028035555836726532e-02
9.805595874523344649e-03
1.092341154048712473e-02
9.347087648020337494e-03
1.137951071761851042e-02
1.026111729648800965e-02
7.245371898233037011e-03
1.115463140743398578e-02
7.963307750253355299e-03
4.025804012783636143e-03
1.863752598234419021e-03
1.008322249217552709e-03
