9.365916009022858812e-01
1.236007364368112205e+00
1.343552124571395501e+00
1.274457399269953717e+00
1.325975233857479729e+00
1.289735646415910209e+00
1.356035654666860157e+00
1.264678608424072426e+00
1.203883497075711961e+00
1.212512692389717373e+00
1.242398256937117473e+00
1.219150702188379620e+00
1.257747876960097599e+00
1.168944380290448226e+00
1.217383381161715850e+00
1.191650873175809533e+00
1.173298781487299269e+00
1.179782181132972729e+00
1.210903183021193374e+00
1.178614272053843059e+00
1.199959734985355686e+00
1.188319918996688873e+00
1.187130347902424221e+00
1.174907713934320252e+00
1.160876728511726297e+00
1.121855074837097677e+00
9.867533423438094031e-01
8.880313846537843947e-01
7.675975659717951816e-01
5.900932197302438675e-01
4.338452942390059186e-01
2.228154130900437402e-01
6.591027384963983604e-02
