6.499999999999950262e-02
4.450000000000002842e-01
9.624999999999994671e-01
6.725000000000003197e-01
6.274999999999995026e-01
4.500000000000001776e-01
9.000000000000003553e-01
2.872499999999999609e+00
5.650000000000003908e-01
5.999999999999960920e-02
8.800000000000007816e-01
6.150000000000002132e-01
1.580000000000000071e+00
2.007500000000000284e+00
2.624999999999992895e-01
2.424999999999997158e-01
1.949999999999993960e-01
8.250000000000046185e-02
4.349999999999996092e-01
2.339999999999999858e+00
9.525000000000005684e-01
2.665000000000000924e+00
1.574999999999997513e-01
1.500000000000003553e-01
2.824999999999997513e-01
1.495000000000000107e+00
5.724999999999997868e-01
2.559999999999999609e+00
3.249999999999992895e-01
3.875000000000001776e-01
3.000000000000024869e-02
1.110000000000000320e+00
4.025000000000001243e+00
9.249999999999998224e-01
1.395000000000000462e+00
4.725000000000001421e-01
1.852500000000000036e+00
7.299999999999995381e-01
2.440000000000000391e+00
2.500000000000000000e+00
2.769999999999999574e+00
1.425000000000000711e-01
2.699999999999995737e-01
2.580000000000000071e+00
3.500000000000014211e-02
5.175000000000000711e-01
1.890000000000000568e+00
1.325000000000002842e-01
1.592499999999999361e+00
2.607499999999999929e+00
2.150000000000000355e+00
4.174999999999995381e-01
2.530000000000000249e+00
7.900000000000000355e-01
8.649999999999993250e-01
1.250000000000017764e-02
3.875000000000010658e-01
3.087500000000000355e+00
7.724999999999990763e-01
2.274999999999999467e+00
4.399999999999995026e-01
2.225000000000001421e-01
7.700000000000004619e-01
8.199999999999993960e-01
2.482500000000000817e+00
1.400000000000005684e-01
8.849999999999997868e-01
2.749999999999985789e-02
2.500000000000035527e-02
6.349999999999997868e-01
3.825000000000002842e-01
2.499999999999502620e-03
1.535000000000000142e+00
1.222500000000000142e+00
5.424999999999995381e-01
1.007500000000000284e+00
1.174999999999997158e-01
4.450000000000002842e-01
6.175000000000006040e-01
4.155000000000001137e+00
7.624999999999992895e-01
4.100000000000001421e-01
3.949999999999995737e-01
4.900000000000002132e-01
3.099999999999996092e-01
4.100000000000001421e-01
2.850000000000001421e-01
4.775000000000000355e-01
6.000000000000005329e-01
1.470000000000000639e+00
1.897499999999999964e+00
8.474999999999992539e-01
7.125000000000003553e-01
2.214999999999999858e+00
3.025000000000002132e-01
1.290000000000000036e+00
3.274999999999996803e-01
7.025000000000005684e-01
1.109999999999999432e+00
2.087500000000000355e+00
4.775000000000000355e-01
5.349999999999992539e-01
1.555000000000000604e+00
1.699999999999999289e-01
1.485000000000000320e+00
8.925000000000000711e-01
1.375000000000001776e-01
2.649999999999996803e-01
1.240000000000000213e+00
1.287500000000000533e+00
4.749999999999996447e-01
1.372500000000000497e+00
9.524999999999996803e-01
3.300000000000000711e-01
1.180000000000000604e+00
2.360000000000000320e+00
8.499999999999996447e-02
7.549999999999998934e-01
7.249999999999978684e-02
1.810000000000000497e+00
1.507500000000000284e+00
1.474999999999999645e+00
1.034999999999999254e+00
4.475000000000006750e-01
2.017500000000000071e+00
1.740000000000000213e+00
4.425000000000000711e+00
1.699999999999999289e-01
8.749999999999946709e-02
5.650000000000003908e-01
4.399999999999995026e-01
1.600000000000001421e-01
7.050000000000000711e-01
2.500000000000035527e-02
1.917499999999999538e+00
7.799999999999993605e-01
3.647499999999999964e+00
3.020000000000000462e+00
1.174999999999997158e-01
3.224999999999997868e-01
2.350000000000000533e+00
2.354999999999999538e+00
1.520000000000000462e+00
2.749999999999985789e-02
1.674999999999995381e-01
1.050000000000004263e-01
1.217500000000000249e+00
4.045000000000001705e+00
6.349999999999997868e-01
4.675000000000002487e-01
1.332499999999999574e+00
6.325000000000002842e-01
1.974999999999997868e-01
6.999999999999992895e-01
4.700000000000006395e-01
7.300000000000004263e-01
1.839999999999999858e+00
1.315000000000000391e+00
6.499999999999950262e-02
3.415000000000000036e+00
9.824999999999999289e-01
2.774999999999998579e-01
3.000000000000024869e-02
6.860000000000001208e+00
4.399999999999995026e-01
6.825000000000001066e-01
1.522499999999999964e+00
1.312500000000000000e+00
2.299999999999995381e-01
4.750000000000120792e-02
7.300000000000004263e-01
1.384999999999999787e+00
1.777499999999999858e+00
6.074999999999999289e-01
5.700000000000002842e-01
3.275000000000005684e-01
2.224999999999992539e-01
1.140000000000000568e+00
1.922499999999999432e+00
2.225000000000010303e-01
1.574999999999988631e-01
1.772500000000000853e+00
3.649999999999993250e-01
6.550000000000002487e-01
2.475000000000004974e-01
1.212499999999999467e+00
2.105000000000000426e+00
8.050000000000006040e-01
8.224999999999997868e-01
2.374999999999998224e-01
7.000000000000001776e-01
2.247499999999999609e+00
4.999999999999893419e-03
8.650000000000002132e-01
8.075000000000001066e-01
1.149999999999993250e-01
1.717500000000000249e+00
8.425000000000002487e-01
4.775000000000000355e-01
1.964999999999999858e+00
4.499999999999992895e-02
2.925000000000004263e-01
1.399999999999996803e-01
7.500000000000000000e-01
2.717499999999999361e+00
2.025000000000005684e-01
4.499999999999992895e-01
1.242499999999999716e+00
9.074999999999997513e-01
1.152500000000000746e+00
1.349999999999997868e-01
6.174999999999997158e-01
2.215000000000000746e+00
1.219999999999999751e+00
5.774999999999996803e-01
1.152499999999999858e+00
2.385000000000000675e+00
1.500000000000003553e-01
4.624999999999994671e-01
1.392500000000000071e+00
5.600000000000004974e-01
7.024999999999996803e-01
1.042500000000000426e+00
9.999999999999964473e-02
1.147499999999999964e+00
1.775000000000002132e-01
1.849999999999996092e-01
7.225000000000001421e-01
1.625000000000005329e-01
8.724999999999996092e-01
3.849999999999997868e-01
3.597499999999999254e+00
1.260000000000000675e+00
6.524999999999998579e-01
1.274999999999995026e-01
1.500000000000003553e-01
3.717499999999999361e+00
1.290000000000000036e+00
6.749999999999989342e-02
3.650000000000002132e-01
4.699999999999997513e-01
1.017500000000000071e+00
1.100000000000001421e+00
3.450000000000006395e-01
9.899999999999993250e-01
1.137500000000000178e+00
3.850000000000006750e-01
3.499999999999925393e-02
1.087499999999999467e+00
3.307499999999999218e+00
3.355000000000000426e+00
1.872499999999999609e+00
1.750000000000000000e+00
2.549999999999998934e-01
2.749999999999994671e-01
5.250000000000021316e-02
3.375000000000000000e+00
8.950000000000004619e-01
1.094999999999999751e+00
7.800000000000002487e-01
8.175000000000007816e-01
3.674999999999997158e-01
2.850000000000001421e-01
1.124999999999998224e-01
2.774999999999998579e-01
6.800000000000006040e-01
1.087499999999999467e+00
6.150000000000002132e-01
1.749999999999998224e-01
1.897500000000000853e+00
7.500000000000284217e-03
4.424999999999998934e-01
1.100000000000003197e-01
4.574999999999995737e-01
1.112499999999999822e+00
5.750000000000010658e-02
9.900000000000002132e-01
3.592500000000000249e+00
1.999999999999957367e-02
2.022499999999999964e+00
2.549999999999998934e-01
1.055000000000000604e+00
1.724999999999994316e-01
5.325000000000006395e-01
3.500000000000014211e-02
1.310000000000000497e+00
6.025000000000000355e-01
8.449999999999997513e-01
1.134999999999999787e+00
5.250000000000021316e-02
1.990000000000000213e+00
1.509999999999999787e+00
9.050000000000002487e-01
2.149999999999998579e-01
1.025000000000000355e-01
4.975000000000004974e-01
4.099999999999992539e-01
4.549999999999998934e+00
3.400000000000000355e+00
8.149999999999995026e-01
2.324999999999999289e-01
3.574999999999999289e-01
2.975000000000003197e-01
7.424999999999997158e-01
6.400000000000005684e-01
6.399999999999996803e-01
3.250000000000001776e-01
2.047499999999999432e+00
1.350000000000006750e-01
2.749999999999985789e-02
1.897499999999999964e+00
6.574999999999997513e-01
1.430000000000000604e+00
5.449999999999999289e-01
1.932500000000000107e+00
1.479999999999999538e+00
9.299999999999997158e-01
1.289999999999999147e+00
2.740000000000000213e+00
1.024999999999999467e+00
9.950000000000001066e-01
1.225000000000004974e-01
8.999999999999985789e-02
6.974999999999997868e-01
2.625000000000001776e-01
4.999999999999893419e-03
3.075000000000001066e-01
8.324999999999995737e-01
2.475000000000004974e-01
7.550000000000007816e-01
1.724999999999994316e-01
4.599999999999999645e-01
1.370000000000000107e+00
9.925000000000006040e-01
7.224999999999992539e-01
8.000000000000007105e-02
7.574999999999993960e-01
1.945000000000000284e+00
1.230000000000000426e+00
5.999999999999960920e-02
3.984999999999999432e+00
7.000000000000001776e-01
4.624999999999994671e-01
8.150000000000003908e-01
7.074999999999995737e-01
1.609999999999999432e+00
1.850000000000004974e-01
1.424999999999999822e+00
4.199999999999999289e-01
7.125000000000003553e-01
2.924999999999998934e+00
9.150000000000000355e-01
5.724999999999997868e-01
4.549999999999999822e+00
2.104999999999999538e+00
1.047499999999999432e+00
2.800000000000002487e-01
5.800000000000000711e-01
8.599999999999994316e-01
4.500000000000001776e-01
5.400000000000000355e-01
1.174999999999999822e+00
1.304999999999999716e+00
1.194999999999999396e+00
7.250000000000005329e-01
4.224999999999994316e-01
3.775000000000003908e-01
4.100000000000001421e-01
1.550000000000002487e-01
7.499999999999928946e-02
1.100000000000000533e+00
1.170000000000000817e+00
4.649999999999998579e-01
7.024999999999996803e-01
1.350000000000000533e+00
1.749999999999998224e-01
5.274999999999998579e-01
3.754999999999999893e+00
4.700000000000006395e-01
6.699999999999999289e-01
3.475000000000001421e-01
7.974999999999994316e-01
2.425000000000006040e-01
5.124999999999992895e-01
3.824999999999999289e+00
1.012500000000000178e+00
6.250000000000000000e-01
2.249999999999996447e-01
1.500000000000056843e-02
2.070000000000000284e+00
5.400000000000000355e-01
1.264999999999999680e+00
4.950000000000001066e-01
7.774999999999998579e-01
8.174999999999998934e-01
4.072499999999999787e+00
5.424999999999995381e-01
5.974999999999992539e-01
1.275000000000000355e+00
1.750000000000007105e-02
1.637500000000000178e+00
1.824999999999992184e-01
4.400000000000003908e-01
2.249999999999996447e-02
1.024999999999999467e+00
1.082500000000000462e+00
4.000000000000003553e-02
1.155000000000000249e+00
2.084999999999999076e+00
9.500000000000063949e-02
8.300000000000000711e-01
3.925000000000000711e-01
1.947499999999999787e+00
3.422500000000001208e+00
9.124999999999996447e-01
4.000000000000003553e-02
2.324999999999999289e-01
1.772499999999999964e+00
8.774999999999995026e-01
1.357499999999999929e+00
6.400000000000005684e-01
2.549999999999998934e-01
6.749999999999998224e-01
2.025000000000000355e+00
7.249999999999978684e-02
6.250000000000000000e-01
6.224999999999996092e-01
6.600000000000001421e-01
2.250000000000000000e+00
6.399999999999996803e-01
7.400000000000002132e-01
2.004999999999999893e+00
5.099999999999997868e-01
1.722500000000000142e+00
5.500000000000060396e-02
1.749999999999998224e-01
1.037500000000000533e+00
3.849999999999997868e-01
7.750000000000003553e-01
2.999999999999936051e-02
1.074999999999999289e-01
1.852500000000000036e+00
4.357499999999999929e+00
2.175000000000002487e-01
3.249999999999975131e-02
4.199999999999999289e-01
8.450000000000006395e-01
2.577499999999998792e+00
1.347500000000000142e+00
3.900000000000005684e-01
6.574999999999997513e-01
6.499999999999950262e-02
8.175000000000007816e-01
4.100000000000001421e-01
1.389999999999999680e+00
2.925000000000004263e-01
1.125000000000000000e+00
1.959999999999999964e+00
3.107500000000000817e+00
1.189999999999999503e+00
3.550000000000004263e-01
3.125000000000000000e-01
4.724999999999992539e-01
7.525000000000003908e-01
4.927500000000001101e+00
1.799999999999997158e-01
2.425000000000014921e-01
2.724999999999999645e-01
9.874999999999998224e-01
3.224999999999997868e-01
2.189999999999999503e+00
1.692499999999999893e+00
3.334999999999999964e+00
3.725000000000004974e-01
3.080000000000000071e+00
2.500000000000390799e-03
4.325000000000001066e-01
2.824999999999997513e-01
3.127499999999999503e+00
3.324999999999995737e-01
2.000000000000046185e-02
2.299999999999995381e-01
7.500000000000284217e-03
5.600000000000004974e-01
1.799999999999999822e+00
4.624999999999994671e-01
5.924999999999993605e-01
3.530000000000000249e+00
1.425000000000009592e-01
1.872499999999999609e+00
8.650000000000002132e-01
1.582499999999999574e+00
2.467499999999999361e+00
7.599999999999997868e-01
1.252499999999999503e+00
4.875000000000007105e-01
3.525000000000000355e-01
4.975000000000004974e-01
4.024999999999998579e-01
1.250000000000000000e-01
1.049999999999995381e-01
7.500000000000017764e-02
4.450000000000002842e-01
4.500000000000001776e-01
3.797499999999999432e+00
4.000000000000003553e-01
7.500000000000017764e-02
5.500000000000000000e+00
1.362500000000000711e+00
2.472500000000000142e+00
3.432500000000000995e+00
6.150000000000002132e-01
1.144999999999999574e+00
4.699999999999997513e-01
8.974999999999990763e-01
4.999999999999982236e-02
4.224999999999994316e-01
2.225000000000001421e-01
3.550000000000004263e-01
8.999999999999985789e-02
9.649999999999998579e-01
3.700000000000001066e-01
6.425000000000000711e-01
3.500000000000014211e-02
1.469999999999999751e+00
1.205000000000000071e+00
3.125000000000000000e-01
1.152499999999999858e+00
5.849999999999999645e-01
8.225000000000006750e-01
1.309999999999999609e+00
1.907499999999999751e+00
1.687500000000000000e+00
2.592500000000000249e+00
5.300000000000002487e-01
1.899999999999995026e-01
3.750000000000053291e-02
1.367499999999998828e+00
6.074999999999999289e-01
1.299999999999998934e-01
5.849999999999999645e-01
4.974999999999996092e-01
1.975000000000006750e-01
6.025000000000000355e-01
3.892500000000000071e+00
1.087500000000000355e+00
1.839999999999999858e+00
8.000000000000007105e-02
1.924999999999990052e-01
2.474999999999996092e-01
5.750000000000001776e-01
2.077499999999999680e+00
4.350000000000004974e-01
4.075000000000006395e-01
1.987500000000000711e+00
1.402500000000000746e+00
4.924999999999997158e-01
9.124999999999996447e-01
1.860000000000000320e+00
2.057499999999999218e+00
1.184999999999999609e+00
1.025000000000000355e-01
4.400000000000003908e-01
1.002499999999999503e+00
1.100000000000003197e-01
1.059999999999999609e+00
1.755000000000000782e+00
1.185000000000000497e+00
2.699999999999995737e-01
5.549999999999997158e-01
5.175000000000000711e-01
8.075000000000009948e-01
7.749999999999994671e-01
2.777499999999999858e+00
3.524999999999991473e-01
5.750000000000010658e-02
2.000000000000046185e-02
2.049999999999999822e+00
1.250000000000000000e-01
1.174999999999997158e-01
2.374999999999998224e-01
6.100000000000003197e-01
4.250000000000007105e-01
1.842500000000000249e+00
7.649999999999996803e-01
1.427500000000000213e+00
2.050000000000000711e-01
2.177499999999999325e+00
1.250000000000000000e+00
1.120000000000000107e+00
3.250000000000001776e-01
2.699999999999995737e-01
3.957499999999999574e+00
4.424999999999998934e-01
6.149999999999993250e-01
7.450000000000001066e-01
1.250000000000017764e-02
3.249999999999992895e-01
8.499999999999996447e-02
1.822499999999999787e+00
3.000000000000007105e-01
1.247499999999999609e+00
1.602499999999999147e+00
5.500000000000060396e-02
6.250000000000000000e-02
1.012499999999999289e+00
2.105000000000000426e+00
2.850000000000001421e-01
1.464999999999999858e+00
1.057500000000000107e+00
3.099999999999996092e-01
4.450000000000002842e-01
3.799999999999998934e-01
3.702499999999998792e+00
2.834999999999999076e+00
4.249999999999998224e-01
4.250000000000042633e-02
4.524999999999996803e-01
6.400000000000005684e-01
1.049999999999999822e+00
7.999999999999998224e-01
2.000000000000010658e-01
6.524999999999998579e-01
1.825000000000001066e-01
4.325000000000001066e-01
7.524999999999995026e-01
2.850000000000001421e-01
8.750000000000035527e-02
1.162499999999998757e+00
1.494999999999999218e+00
1.250000000000000000e+00
1.750000000000007105e-02
8.999999999999985789e-02
1.750000000000007105e-02
9.125000000000005329e-01
1.224999999999996092e-01
5.849999999999999645e-01
4.225000000000003197e-01
1.979999999999999538e+00
1.057500000000000107e+00
3.174999999999998934e-01
1.399999999999999467e+00
7.975000000000003197e-01
1.725000000000003197e-01
1.942499999999999893e+00
1.897499999999999964e+00
8.575000000000008171e-01
1.589999999999999858e+00
7.199999999999997513e-01
5.250000000000021316e-02
8.525000000000000355e-01
2.394999999999999574e+00
9.850000000000003197e-01
1.539999999999999147e+00
3.194999999999999396e+00
5.125000000000010658e-01
1.545000000000000817e+00
1.442499999999999893e+00
1.180000000000000604e+00
6.824999999999992184e-01
1.757499999999999396e+00
6.174999999999997158e-01
1.474999999999999645e+00
7.400000000000002132e-01
5.475000000000003197e-01
2.490000000000000213e+00
1.682500000000000107e+00
2.452499999999999680e+00
1.750000000000007105e-01
2.499999999999946709e-02
8.550000000000004263e-01
2.299999999999995381e-01
1.070000000000000284e+00
5.599999999999996092e-01
1.299999999999998934e-01
9.574999999999995737e-01
1.035000000000000142e+00
6.650000000000000355e-01
2.249999999999996447e-01
1.392500000000000071e+00
3.075000000000001066e-01
1.805000000000000604e+00
6.050000000000004263e-01
5.299999999999993605e-01
1.299999999999998934e-01
9.225000000000003197e-01
2.820000000000001172e+00
3.275000000000005684e-01
1.054999999999999716e+00
1.499999999999994671e-01
1.442500000000000782e+00
1.365000000000000213e+00
8.274999999999996803e-01
3.125000000000000000e-01
1.309999999999999609e+00
5.125000000000001776e-01
4.099999999999992539e-01
1.355000000000000426e+00
3.825000000000002842e-01
5.049999999999998934e-01
2.214999999999999858e+00
1.275000000000003908e-01
1.275000000000003908e-01
1.524999999999998579e-01
2.349999999999999645e+00
1.580000000000000071e+00
3.249999999999975131e-02
4.999999999999893419e-03
1.097500000000000142e+00
6.574999999999997513e-01
9.250000000000007105e-01
7.624999999999992895e-01
5.499999999999971578e-02
6.699999999999999289e-01
1.037499999999999645e+00
1.857500000000000817e+00
2.252499999999999503e+00
3.174999999999998934e-01
1.282499999999999751e+00
3.550000000000004263e-01
6.649999999999991473e-01
2.280000000000000249e+00
4.924999999999997158e-01
4.675000000000002487e-01
2.450000000000001066e-01
3.425000000000002487e-01
1.775000000000002132e-01
2.397499999999999964e+00
8.025000000000002132e-01
4.275000000000002132e-01
2.225000000000001421e-01
7.199999999999997513e-01
8.125000000000000000e-01
2.549999999999998934e-01
1.172500000000000320e+00
2.199999999999997513e-01
2.099999999999999645e-01
1.925000000000007816e-01
1.324999999999999289e+00
1.237500000000000711e+00
5.049999999999998934e-01
4.424999999999998934e-01
1.512500000000000178e+00
4.924999999999997158e-01
4.499999999999992895e-02
5.274999999999998579e-01
1.412500000000000533e+00
4.212500000000000355e+00
1.422500000000000320e+00
5.424999999999995381e-01
2.949999999999999289e-01
1.899999999999999467e+00
7.424999999999997158e-01
5.150000000000005684e-01
6.875000000000000000e-01
5.999999999999960920e-02
1.349999999999997868e-01
1.742499999999999716e+00
2.680000000000000604e+00
1.049999999999995381e-01
4.675000000000002487e-01
2.250000000000005329e-01
5.064999999999999503e+00
8.299999999999991829e-01
4.750000000000031974e-02
5.274999999999998579e-01
3.502500000000000391e+00
3.875000000000001776e-01
6.174999999999997158e-01
7.900000000000000355e-01
5.750000000000010658e-02
1.865000000000000213e+00
1.004999999999999893e+00
8.025000000000002132e-01
6.924999999999998934e-01
1.057500000000000107e+00
2.050000000000000711e-01
1.199999999999992184e-01
9.975000000000004974e-01
7.500000000000000000e-01
4.090000000000000746e+00
1.000000000000067502e-02
5.024999999999995026e-01
1.155000000000000249e+00
6.349999999999997868e-01
3.125000000000000000e-01
3.075000000000001066e-01
3.500000000000014211e-02
6.925000000000007816e-01
1.489999999999999325e+00
5.150000000000005684e-01
7.374999999999998224e-01
6.499999999999950262e-02
3.050000000000006040e-01
4.949999999999992184e-01
3.889999999999999680e+00
9.350000000000004974e-01
3.649999999999993250e-01
9.575000000000004619e-01
1.690000000000000391e+00
7.850000000000001421e-01
1.007499999999999396e+00
3.325000000000004619e-01
1.862499999999998934e+00
1.360000000000000320e+00
1.224999999999996092e-01
4.750000000000031974e-02
1.250000000000000000e-01
1.072499999999999787e+00
4.950000000000001066e-01
2.525000000000003908e-01
7.499999999999991118e-01
4.000000000000003553e-02
2.035000000000000142e+00
4.899999999999993250e-01
7.425000000000006040e-01
1.697500000000000675e+00
3.275000000000005684e-01
6.799999999999997158e-01
4.499999999999992895e-02
1.825000000000001066e-01
6.775000000000002132e-01
3.300000000000000711e-01
5.499999999999971578e-02
6.100000000000003197e-01
7.575000000000002842e-01
9.249999999999936051e-02
8.275000000000005684e-01
2.699999999999995737e-01
7.699999999999995737e-01
1.109999999999999432e+00
2.985000000000000320e+00
9.175000000000004263e-01
3.899999999999996803e-01
1.650000000000000355e-01
1.310000000000000497e+00
4.249999999999953815e-02
5.750000000000001776e-01
6.899999999999995026e-01
4.452500000000000568e+00
3.775000000000003908e-01
2.175000000000002487e-01
3.975000000000008527e-01
5.324999999999997513e-01
9.575000000000004619e-01
1.650000000000000355e-01
1.775000000000002132e-01
1.427499999999999325e+00
1.449999999999995737e-01
5.325000000000006395e-01
5.499999999999998224e-01
1.157499999999999751e+00
1.334999999999999964e+00
7.500000000000017764e-02
2.924999999999995381e-01
7.824999999999997513e-01
6.124999999999998224e-01
1.060000000000000497e+00
7.225000000000001421e-01
7.499999999999928946e-02
4.125000000000005329e-01
9.850000000000003197e-01
1.684999999999999609e+00
5.000000000000000000e-01
5.449999999999999289e-01
1.780000000000000249e+00
4.750000000000031974e-02
9.924999999999997158e-01
2.450000000000001066e-01
1.575000000000006395e-01
2.074999999999995737e-01
4.749999999999996447e-01
1.275000000000003908e-01
6.299999999999998934e-01
4.757499999999999396e+00
9.500000000000001776e-01
2.724999999999999645e-01
1.524999999999998579e-01
2.502499999999999503e+00
2.410000000000000142e+00
9.249999999999998224e-01
1.492500000000000604e+00
6.250000000000000000e-02
2.574999999999993960e-01
1.142500000000000071e+00
1.750000000000000000e+00
1.575000000000006395e-01
2.500000000000035527e-02
1.699999999999999289e-01
5.580000000000000071e+00
1.639999999999999680e+00
7.050000000000000711e-01
3.950000000000004619e-01
1.312500000000000000e+00
1.799999999999997158e-01
1.217500000000000249e+00
2.500000000000000000e-01
4.775000000000000355e-01
4.524999999999996803e-01
2.099999999999999645e-01
1.474999999999999645e+00
3.632500000000000284e+00
1.999999999999957367e-02
1.500000000000003553e-01
3.025000000000002132e-01
3.574999999999999289e-01
2.084999999999999964e+00
4.725000000000001421e-01
1.062499999999999112e+00
2.745000000000000107e+00
1.349999999999997868e-01
1.674999999999995381e-01
4.850000000000003197e-01
1.250000000000000000e-01
1.464999999999999858e+00
3.450000000000006395e-01
8.574999999999990408e-01
1.447500000000000675e+00
5.299999999999993605e-01
7.149999999999998579e-01
3.125000000000000000e-01
4.700000000000006395e-01
2.974999999999994316e-01
2.975000000000003197e-01
3.359999999999999432e+00
2.574999999999993960e-01
1.790000000000000036e+00
1.290000000000000036e+00
3.154999999999999361e+00
1.190000000000000391e+00
1.725000000000003197e-01
1.199999999999992184e-01
5.525000000000002132e-01
5.600000000000004974e-01
2.907500000000000639e+00
2.275000000000000355e-01
1.824999999999992184e-01
7.125000000000003553e-01
3.419999999999999929e+00
4.824999999999999289e-01
4.900000000000002132e-01
1.614999999999999325e+00
7.724999999999999645e-01
5.424999999999986500e-01
1.699999999999999289e-01
2.249999999999996447e-02
1.177500000000000213e+00
1.302500000000000213e+00
4.524999999999996803e-01
2.375000000000007105e-01
8.425000000000002487e-01
3.399999999999998579e-01
7.249999999999996447e-01
4.875000000000007105e-01
1.269999999999999574e+00
2.892499999999999183e+00
3.549999999999995381e-01
2.505000000000000782e+00
5.899999999999998579e-01
3.625000000000007105e-01
1.709999999999999964e+00
1.084999999999999964e+00
2.974999999999994316e-01
2.727500000000000036e+00
2.099999999999999645e+00
1.105000000000000426e+00
2.064999999999999503e+00
1.035000000000000142e+00
1.250000000000000000e+00
1.482499999999999041e+00
1.474999999999999645e-01
2.427500000000000213e+00
6.749999999999989342e-02
1.029999999999999361e+00
1.292500000000000426e+00
1.247499999999999609e+00
6.450000000000004619e-01
9.424999999999998934e-01
1.995000000000000107e+00
2.499999999999946709e-02
6.750000000000078160e-02
2.719999999999999751e+00
1.867500000000000604e+00
2.190000000000000391e+00
9.999999999999964473e-02
4.999999999999893419e-03
1.165000000000000036e+00
1.967499999999999361e+00
1.032499999999999751e+00
1.025000000000000355e-01
2.000000000000001776e-01
4.725000000000001421e-01
3.125000000000000000e+00
3.050000000000006040e-01
5.750000000000010658e-02
6.849999999999996092e-01
1.900000000000003908e-01
1.087500000000000355e+00
7.074999999999995737e-01
9.150000000000000355e-01
7.224999999999992539e-01
2.402499999999999858e+00
6.050000000000004263e-01
4.999999999999982236e-02
5.124999999999992895e-01
1.134999999999999787e+00
9.150000000000000355e-01
1.044999999999999929e+00
1.907500000000000639e+00
2.350000000000000533e+00
1.749999999999998224e-01
9.000000000000003553e-01
4.000000000000003553e-02
2.752499999999999503e+00
1.510000000000000675e+00
9.499999999999992895e-01
1.500000000000000000e+00
5.300000000000002487e-01
6.699999999999999289e-01
1.624999999999996447e-01
1.294999999999999929e+00
2.475000000000004974e-01
5.750000000000010658e-02
2.325000000000001066e+00
5.300000000000002487e-01
1.500000000000003553e-01
3.099999999999996092e-01
7.400000000000002132e-01
4.349999999999996092e-01
8.700000000000001066e-01
9.675000000000011369e-01
2.324999999999999289e-01
1.074999999999999289e+00
7.500000000000017764e-02
2.999999999999998224e-01
8.750000000000000000e-01
3.255000000000000782e+00
6.299999999999998934e-01
8.750000000000000000e-01
1.229999999999999538e+00
6.349999999999997868e-01
2.807500000000000107e+00
5.449999999999999289e-01
5.674999999999998934e-01
6.250000000000000000e-01
2.175000000000002487e-01
1.574999999999997513e-01
1.500000000000056843e-02
2.874999999999996447e-01
1.485000000000000320e+00
4.924999999999997158e-01
1.592499999999999361e+00
9.475000000000006750e-01
6.099999999999994316e-01
3.399999999999998579e-01
3.650000000000002132e-01
1.375000000000001776e-01
6.250000000000000000e-01
9.500000000000001776e-01
1.107499999999999041e+00
1.870000000000000107e+00
1.000000000000000000e+00
2.900000000000000355e-01
8.550000000000004263e-01
9.275000000000002132e-01
5.750000000000010658e-02
1.937500000000000000e+00
5.125000000000001776e-01
1.499999999999994671e-01
4.674999999999998934e+00
5.029999999999999361e+00
1.850000000000004974e-01
9.725000000000001421e-01
3.300000000000000711e-01
2.137500000000000178e+00
9.325000000000009948e-01
1.599999999999992539e-01
2.925000000000004263e-01
3.324999999999995737e-01
3.025000000000002132e-01
1.469999999999999751e+00
1.750000000000007105e-02
2.237499999999999822e+00
8.399999999999998579e-01
8.624999999999998224e-01
3.137500000000001066e+00
4.249999999999998224e-01
5.000000000000071054e-02
9.024999999999998579e-01
1.214999999999999858e+00
1.674999999999995381e-01
8.499999999999996447e-02
2.949999999999999289e-01
4.250000000000042633e-02
1.099999999999994316e-01
6.375000000000001776e-01
2.169999999999999929e+00
8.550000000000004263e-01
8.650000000000011013e-01
7.249999999999978684e-02
1.122500000000000497e+00
8.525000000000000355e-01
7.799999999999993605e-01
1.169999999999999041e+00
7.400000000000002132e-01
2.125000000000000000e+00
2.865000000000000213e+00
3.425000000000002487e-01
1.375000000000000000e+00
4.150000000000000355e-01
1.950000000000002842e-01
3.274999999999996803e-01
1.499999999999968026e-02
5.750000000000001776e-01
1.775000000000002132e-01
6.025000000000000355e-01
3.349999999999999645e-01
1.669999999999999929e+00
2.922499999999999432e+00
1.040000000000000036e+00
4.525000000000005684e-01
2.525000000000000355e+00
1.999999999999957367e-02
1.485000000000000320e+00
6.799999999999997158e-01
7.800000000000002487e-01
6.300000000000007816e-01
2.110000000000000320e+00
2.249999999999996447e-02
8.974999999999999645e-01
1.750000000000000000e+00
4.874999999999998224e-01
1.177500000000000213e+00
2.474999999999996092e-01
2.975000000000003197e-01
4.775000000000000355e-01
4.999999999999893419e-03
2.660000000000000142e+00
2.355000000000000426e+00
6.399999999999996803e-01
3.537500000000000533e+00
1.330000000000000071e+00
3.750000000000000000e-01
6.725000000000003197e-01
8.550000000000004263e-01
7.124999999999994671e-01
2.649999999999996803e-01
2.125000000000003553e-01
1.252499999999999503e+00
1.602500000000000036e+00
4.250000000000042633e-02
2.700000000000004619e-01
3.749999999999964473e-02
2.872499999999999609e+00
7.750000000000003553e-01
3.700000000000001066e-01
1.907499999999999751e+00
3.974999999999999645e-01
1.932500000000000107e+00
3.852499999999999147e+00
1.662500000000000533e+00
2.165000000000000036e+00
1.097499999999999254e+00
2.452500000000000568e+00
2.724999999999999645e-01
2.022500000000000853e+00
4.999999999999982236e-02
2.024999999999996803e-01
1.360000000000000320e+00
8.499999999999996447e-01
1.150000000000002132e-01
1.209999999999999964e+00
1.040000000000000036e+00
6.349999999999997868e-01
3.624999999999989342e-01
1.074999999999999289e-01
2.324999999999999289e-01
3.925000000000000711e-01
1.799999999999997158e-01
5.700000000000002842e-01
1.047499999999999432e+00
4.275000000000011013e-01
3.094999999999999751e+00
5.649999999999995026e-01
5.000000000000000000e-01
1.442499999999999893e+00
3.349999999999999645e-01
6.574999999999997513e-01
2.975000000000003197e-01
8.774999999999995026e-01
2.400000000000002132e-01
4.475000000000006750e-01
8.925000000000000711e-01
8.300000000000000711e-01
9.174999999999995381e-01
2.542500000000000426e+00
2.125000000000003553e-01
2.624999999999992895e-01
7.600000000000006750e-01
3.724999999999996092e-01
6.200000000000001066e-01
1.082499999999999574e+00
7.224999999999992539e-01
6.250000000000000000e-02
5.275000000000007461e-01
7.874999999999996447e-01
2.102500000000000036e+00
1.025000000000000355e+00
2.699999999999995737e-01
9.350000000000004974e-01
1.499999999999968026e-02
1.342500000000000249e+00
1.622500000000000497e+00
2.649999999999996803e-01
2.000000000000046185e-02
2.249999999999996447e-02
9.025000000000007461e-01
2.699999999999995737e-01
9.749999999999996447e-01
6.225000000000004974e-01
9.599999999999999645e-01
3.372500000000000497e+00
2.237499999999998934e+00
6.450000000000004619e-01
5.424999999999995381e-01
3.624999999999998224e-01
5.849999999999999645e-01
4.424999999999998934e-01
3.450000000000006395e-01
5.449999999999999289e-01
4.725000000000001421e-01
2.424999999999997158e-01
8.925000000000000711e-01
4.675000000000002487e-01
1.324999999999993960e-01
4.875000000000007105e-01
1.924999999999999822e+00
3.025000000000002132e-01
1.250000000000000000e-01
4.649999999999998579e-01
1.280000000000000249e+00
4.649999999999998579e-01
2.294999999999999929e+00
1.200000000000001066e-01
2.225000000000001421e-01
3.524999999999991473e-01
1.907500000000000639e+00
4.000000000000003553e-02
1.969999999999999751e+00
3.275000000000005684e-01
3.800000000000007816e-01
2.200000000000006395e-01
6.799999999999997158e-01
2.069999999999999396e+00
2.032500000000000639e+00
2.500000000000035527e-02
5.899999999999998579e-01
7.275000000000000355e-01
1.579999999999999183e+00
1.097499999999998366e+00
2.357499999999999929e+00
5.525000000000011013e-01
8.825000000000002842e-01
5.350000000000001421e-01
1.325000000000000178e+00
9.050000000000002487e-01
2.749999999999985789e-02
6.499999999999950262e-02
2.889999999999999680e+00
6.675000000000004263e-01
1.229999999999999538e+00
1.712499999999999467e+00
2.800000000000002487e-01
1.792499999999999538e+00
2.695000000000000284e+00
6.499999999999950262e-02
1.057500000000000107e+00
3.750000000000053291e-02
1.349999999999997868e-01
5.999999999999960920e-02
2.375000000000007105e-01
1.217500000000000249e+00
1.119999999999999218e+00
1.327500000000000568e+00
9.950000000000001066e-01
5.049999999999998934e-01
1.945000000000000284e+00
9.775000000000000355e-01
1.064999999999999503e+00
1.100000000000003197e-01
1.455000000000000071e+00
6.749999999999989342e-02
1.479999999999999538e+00
1.975000000000006750e-01
1.762500000000000178e+00
6.000000000000005329e-01
1.067499999999999893e+00
6.924999999999998934e-01
1.614999999999999325e+00
7.050000000000000711e-01
5.224999999999999645e-01
6.350000000000006750e-01
3.899999999999996803e-01
9.750000000000014211e-02
2.199999999999997513e-01
4.652499999999999858e+00
7.050000000000000711e-01
5.549999999999997158e-01
8.825000000000002842e-01
9.999999999999786837e-03
1.420000000000000817e+00
1.817499999999999893e+00
1.189999999999999503e+00
1.124999999999998224e-01
6.600000000000001421e-01
1.992499999999999716e+00
1.524999999999998579e-01
1.342500000000000249e+00
1.599999999999992539e-01
1.212500000000000355e+00
6.624999999999996447e-01
2.042499999999999538e+00
2.900000000000000355e-01
1.342500000000000249e+00
2.802500000000001101e+00
2.629999999999999893e+00
3.657499999999999751e+00
3.682500000000000995e+00
2.394999999999999574e+00
6.400000000000005684e-01
3.600000000000003197e-01
4.924999999999997158e-01
2.020000000000000462e+00
1.494999999999999218e+00
9.649999999999998579e-01
1.825000000000001066e-01
4.000000000000003553e-01
4.224999999999994316e-01
3.399999999999998579e-01
2.550000000000007816e-01
1.802499999999999325e+00
2.124999999999994671e-01
1.850000000000004974e-01
4.999999999999893419e-03
8.650000000000002132e-01
2.249999999999996447e-02
1.629999999999999893e+00
1.899999999999995026e-01
1.372500000000000497e+00
8.725000000000004974e-01
4.800000000000004263e-01
9.950000000000001066e-01
1.339999999999999858e+00
2.262500000000000178e+00
1.929999999999999716e+00
3.275000000000005684e-01
1.474999999999999645e-01
4.249999999999953815e-02
1.207500000000000462e+00
3.250000000000001776e-01
1.072499999999999787e+00
5.350000000000001421e-01
4.495000000000000107e+00
7.399999999999993250e-01
9.599999999999999645e-01
5.849999999999999645e-01
1.575000000000006395e-01
3.300000000000000711e-01
9.499999999999975131e-02
2.490000000000000213e+00
7.900000000000000355e-01
9.750000000000014211e-02
1.512499999999999289e+00
2.207499999999999574e+00
1.459999999999999964e+00
1.074999999999999289e-01
4.629999999999999893e+00
6.699999999999999289e-01
5.150000000000005684e-01
1.507499999999999396e+00
1.557500000000000107e+00
2.580000000000000071e+00
1.447499999999999787e+00
1.889999999999999680e+00
1.147499999999999964e+00
3.525000000000000355e-01
3.249999999999975131e-02
3.160000000000000142e+00
2.549999999999998934e-01
1.479999999999999538e+00
9.050000000000002487e-01
2.699999999999995737e-01
4.625000000000003553e-01
1.810000000000000497e+00
1.125000000000000000e+00
2.805000000000000604e+00
1.227500000000000036e+00
8.449999999999997513e-01
9.725000000000001421e-01
2.724999999999999645e-01
1.612500000000000711e+00
6.074999999999999289e-01
1.650000000000000355e-01
3.384999999999999787e+00
1.065000000000000391e+00
7.374999999999998224e-01
3.209999999999999964e+00
7.949999999999999289e-01
7.149999999999998579e-01
1.455000000000000071e+00
4.650000000000007461e-01
1.267500000000000959e+00
2.024999999999996803e-01
9.250000000000024869e-02
2.125000000000003553e-01
2.124999999999994671e-01
1.250000000000017764e-02
7.599999999999997868e-01
2.047499999999999432e+00
2.165000000000000036e+00
1.109999999999999432e+00
3.775000000000003908e-01
9.249999999999936051e-02
1.625000000000000000e+00
3.832499999999999574e+00
2.107500000000000817e+00
3.250000000000001776e-01
4.749999999999996447e-01
4.974999999999996092e-01
3.282499999999999751e+00
4.500000000000001776e-01
1.174999999999999822e+00
6.225000000000004974e-01
3.780000000000000249e+00
2.549999999999998934e-01
1.147499999999999076e+00
1.852500000000000036e+00
2.644999999999999574e+00
9.199999999999999289e-01
5.674999999999998934e-01
4.552500000000000213e+00
2.925000000000000711e+00
1.739999999999999325e+00
3.875000000000001776e-01
4.625000000000003553e-01
1.062500000000000000e+00
1.875000000000000000e-01
3.049999999999997158e-01
6.000000000000049738e-02
6.624999999999996447e-01
1.724999999999994316e-01
7.525000000000012790e-01
8.999999999999985789e-02
4.550000000000000711e-01
4.900000000000002132e-01
6.849999999999996092e-01
7.474999999999996092e-01
9.650000000000016342e-01
9.400000000000003908e-01
5.475000000000003197e-01
7.099999999999999645e-01
1.174999999999997158e-01
1.074999999999990408e-01
2.569999999999999396e+00
2.624999999999992895e-01
1.242500000000000604e+00
3.827500000000000568e+00
2.630000000000000782e+00
3.099999999999996092e-01
3.349999999999999645e-01
3.242499999999999716e+00
1.375000000000010658e-01
3.349999999999999645e-01
2.077499999999999680e+00
2.744999999999999218e+00
4.400000000000003908e-01
9.124999999999996447e-01
9.924999999999997158e-01
6.025000000000000355e-01
1.982499999999999929e+00
9.000000000000003553e-01
1.499999999999968026e-02
7.500000000000284217e-03
1.824999999999992184e-01
9.300000000000006040e-01
1.115000000000000213e+00
1.524999999999998579e-01
8.250000000000001776e-01
3.425000000000002487e-01
3.735000000000000320e+00
8.949999999999995737e-01
2.322500000000000675e+00
2.622499999999999609e+00
2.004999999999999893e+00
2.799999999999993605e-01
1.565000000000000391e+00
1.862499999999999822e+00
5.449999999999999289e-01
4.674999999999993605e-01
2.500000000000000000e-01
2.425000000000006040e-01
4.449999999999993960e-01
5.275000000000000355e+00
1.687500000000000000e+00
9.999999999999964473e-02
5.800000000000000711e-01
4.725000000000001421e-01
4.999999999999893419e-03
5.775000000000005684e-01
1.894999999999999574e+00
1.174999999999997158e-01
7.149999999999998579e-01
7.125000000000003553e-01
1.250000000000000000e-01
3.650000000000002132e-01
9.625000000000003553e-01
5.925000000000002487e-01
3.899999999999996803e-01
2.410000000000000142e+00
4.249999999999953815e-02
1.067499999999999005e+00
4.649999999999998579e-01
1.285000000000000142e+00
1.325000000000002842e-01
1.282499999999999751e+00
2.525000000000003908e-01
3.749999999999964473e-02
8.300000000000000711e-01
5.950000000000006395e-01
1.817499999999999893e+00
1.380000000000000782e+00
5.524999999999993250e-01
5.475000000000003197e-01
1.799999999999997158e-01
1.775000000000002132e-01
2.014999999999999680e+00
6.775000000000002132e-01
4.299999999999997158e-01
1.717500000000000249e+00
5.075000000000002842e-01
7.549999999999998934e-01
2.257500000000000284e+00
1.574999999999997513e-01
2.749999999999985789e-02
6.775000000000002132e-01
9.999999999999786837e-03
2.207499999999999574e+00
2.022499999999999076e+00
2.099999999999999645e-01
7.549999999999998934e-01
3.812499999999999112e+00
2.349999999999999645e+00
2.850000000000001421e-01
1.615000000000000213e+00
1.064999999999999503e+00
2.675000000000000711e-01
4.425000000000007816e-01
8.999999999999985789e-02
1.229999999999999538e+00
8.075000000000001066e-01
1.212500000000000355e+00
8.599999999999994316e-01
1.334999999999999076e+00
1.447500000000000675e+00
2.285000000000001030e+00
1.022499999999999076e+00
1.500000000000056843e-02
2.299999999999995381e-01
8.950000000000004619e-01
4.925000000000006040e-01
3.839999999999999858e+00
1.944999999999999396e+00
1.625000000000005329e-01
1.095000000000000639e+00
8.650000000000002132e-01
1.259999999999999787e+00
9.324999999999992184e-01
3.367499999999999716e+00
1.260000000000000675e+00
2.749999999999985789e-02
1.124999999999998224e-01
3.550000000000004263e-01
1.375000000000001776e-01
2.695000000000000284e+00
2.557500000000000107e+00
2.549999999999998934e-01
3.494999999999999218e+00
2.230000000000000426e+00
3.740000000000000213e+00
4.594999999999999751e+00
3.645000000000000462e+00
9.524999999999987921e-01
1.175000000000000711e+00
7.124999999999994671e-01
8.224999999999997868e-01
4.999999999999893419e-03
1.500000000000003553e-01
1.474999999999999645e-01
2.550000000000007816e-01
1.174999999999999822e+00
4.399999999999995026e-01
1.650000000000000355e-01
1.017500000000000959e+00
1.637499999999999289e+00
1.599999999999999645e+00
2.125000000000003553e-01
1.274999999999999467e+00
1.232500000000000817e+00
8.250000000000046185e-02
6.450000000000004619e-01
8.799999999999998934e-01
8.499999999999996447e-01
1.127500000000000391e+00
3.584999999999999964e+00
1.349999999999999645e+00
2.177500000000000213e+00
6.449999999999995737e-01
2.874999999999996447e-01
1.602500000000000036e+00
1.962500000000000355e+00
1.725000000000000533e+00
1.150000000000002132e-01
5.749999999999921840e-02
8.774999999999995026e-01
4.750000000000031974e-02
1.842499999999999361e+00
2.249999999999996447e-02
7.625000000000001776e-01
1.924999999999998934e-01
1.895000000000000462e+00
1.477500000000000924e+00
6.925000000000007816e-01
1.349999999999997868e-01
1.949999999999993960e-01
1.275000000000003908e-01
8.825000000000002842e-01
2.850000000000001421e-01
8.325000000000004619e-01
3.300000000000009592e-01
1.439999999999999503e+00
2.549999999999990052e-01
1.400000000000000355e+00
