3.599999999999999645e+00
9.949999999999992184e-01
5.099999999999997868e-01
6.650000000000009237e-01
1.447500000000001563e+00
2.100000000000008527e-01
3.324999999999995737e-01
3.042500000000000426e+00
4.324999999999992184e-01
2.054999999999999716e+00
2.350000000000012079e-01
3.324999999999995737e-01
3.275000000000005684e-01
1.442499999999999005e+00
9.700000000000006395e-01
6.799999999999997158e-01
2.002500000000001279e+00
5.524999999999984368e-01
8.500000000000014211e-01
1.057499999999999218e+00
2.125000000000003553e-01
5.737500000000000711e+00
3.750000000000000000e-01
4.324999999999992184e-01
1.355000000000000426e+00
1.300000000000000711e+00
1.512500000000001066e+00
2.449999999999997513e+00
3.690000000000001279e+00
4.425000000000007816e-01
1.569999999999998508e+00
2.000000000000000000e+00
1.074999999999999289e+00
1.879999999999999005e+00
3.725000000000004974e-01
7.099999999999990763e-01
9.675000000000011369e-01
5.199999999999995737e-01
3.100000000000004974e-01
9.275000000000002132e-01
3.057500000000000995e+00
1.265000000000000568e+00
3.224999999999997868e-01
7.500000000000284217e-03
4.899999999999984368e-01
1.949999999999985079e-01
1.082500000000001350e+00
8.999999999999985789e-02
3.249999999999886313e-02
4.499999999999992895e-02
4.100000000000001421e-01
2.190000000000001279e+00
6.300000000000025580e-01
4.499999999999992895e-02
1.212500000000000355e+00
2.649999999999987921e-01
7.350000000000012079e-01
1.412499999999997868e+00
1.539999999999999147e+00
5.075000000000002842e-01
1.404999999999999361e+00
6.699999999999999289e-01
1.225000000000004974e-01
1.405000000000001137e+00
5.000000000000071054e-02
2.187500000000000000e+00
8.500000000000085265e-02
1.554999999999999716e+00
4.399999999999977263e-01
1.349999999999997868e-01
7.374999999999989342e-01
1.315000000000001279e+00
9.749999999999996447e-01
7.475000000000004974e-01
1.400000000000005684e-01
3.725000000000022737e-01
1.892500000000000071e+00
7.200000000000006395e-01
1.277499999999998082e+00
2.390000000000002345e+00
7.650000000000005684e-01
8.499999999999996447e-01
1.222500000000000142e+00
2.349999999999994316e-01
4.800000000000004263e-01
2.474999999999987210e-01
1.597500000000000142e+00
1.540000000000000924e+00
5.999999999999872102e-02
2.700000000000013500e-01
2.692500000000002558e+00
1.050000000000004263e-01
7.449999999999992184e-01
1.664999999999999147e+00
1.062500000000000000e+00
5.300000000000011369e-01
3.674999999999997158e-01
2.250000000000085265e-02
3.587499999999998579e+00
4.574999999999995737e-01
1.290000000000000924e+00
1.824999999999999289e+00
8.674999999999997158e-01
2.812500000000000000e+00
1.859999999999999432e+00
6.575000000000006395e-01
1.374999999999992895e-01
2.275000000000000355e+00
3.100000000000004974e-01
5.625000000000000000e-01
1.740000000000000213e+00
6.624999999999996447e-01
2.062499999999998224e+00
1.475000000000008527e-01
5.975000000000001421e-01
5.949999999999988631e-01
9.750000000000014211e-02
1.577500000000000568e+00
9.849999999999976552e-01
1.085000000000000853e+00
1.240000000000000213e+00
9.525000000000005684e-01
1.822499999999999787e+00
2.025000000000000355e+00
1.499999999999879208e-02
1.250000000000106581e-02
4.299999999999997158e-01
3.117499999999999716e+00
1.432499999999999218e+00
1.475000000000008527e-01
2.057500000000000995e+00
5.025000000000012790e-01
1.614999999999998437e+00
4.000000000000003553e-01
6.300000000000007816e-01
3.532499999999998863e+00
8.549999999999986500e-01
1.750000000000007105e-02
3.917500000000000426e+00
3.250000000000063949e-02
1.064999999999999503e+00
2.410000000000000142e+00
1.500000000000056843e-02
1.222499999999998366e+00
6.100000000000012079e-01
3.925000000000000711e-01
4.574999999999995737e-01
2.274999999999991473e-01
5.125000000000010658e-01
3.499999999999996447e-01
5.850000000000008527e-01
1.839999999999999858e+00
1.439999999999999503e+00
9.350000000000004974e-01
2.750000000000003553e-01
2.624999999999992895e-01
8.475000000000001421e-01
1.067500000000000782e+00
2.087499999999998579e+00
5.717499999999999361e+00
1.389999999999998792e+00
7.200000000000006395e-01
2.749999999999985789e-02
2.500000000000000000e-01
9.024999999999998579e-01
1.024999999999991473e-01
1.575000000000006395e-01
1.899999999999995026e-01
2.717500000000001137e+00
4.030000000000001137e+00
3.252499999999999503e+00
3.174999999999990052e-01
2.679999999999999716e+00
3.525000000000009237e-01
9.525000000000005684e-01
2.024999999999987921e-01
7.000000000000028422e-02
8.049999999999997158e-01
1.324999999999999289e+00
1.850000000000022737e-01
1.589999999999999858e+00
4.249999999999864997e-02
5.150000000000005684e-01
5.500000000000007105e-01
3.849999999999997868e-01
2.207499999999999574e+00
2.749999999999985789e-02
2.574999999999999289e+00
1.169999999999999929e+00
5.199999999999995737e-01
2.675000000000000711e-01
7.249999999999996447e-01
8.625000000000007105e-01
2.167500000000000426e+00
2.687500000000000000e+00
6.600000000000001421e-01
1.974999999999997868e-01
5.625000000000000000e-01
8.099999999999987210e-01
7.525000000000012790e-01
5.499999999999971578e-02
1.092499999999999361e+00
2.429999999999999716e+00
3.499999999999996447e-01
6.699999999999999289e-01
1.675000000000000711e+00
1.189999999999997726e+00
1.695000000000000284e+00
9.199999999999999289e-01
1.624999999999996447e-01
8.000000000000024869e-01
4.400000000000012790e-01
1.999999999999992895e-01
3.497500000000000497e+00
3.650000000000000355e+00
1.299999999999990052e-01
2.265000000000000568e+00
2.475000000000004974e-01
1.980000000000000426e+00
1.325000000000002842e-01
6.074999999999999289e-01
2.609999999999999432e+00
9.750000000000014211e-02
2.154999999999999361e+00
2.230000000000000426e+00
4.975000000000004974e-01
6.999999999999992895e-01
2.524999999999995026e-01
2.269999999999999574e+00
1.294999999999999929e+00
2.422499999999999432e+00
1.317500000000000782e+00
5.249999999999985789e-01
4.375000000000000000e-01
6.024999999999991473e-01
3.370000000000000995e+00
1.999999999999992895e-01
3.150000000000012790e-01
1.834999999999999076e+00
5.024999999999995026e-01
6.125000000000007105e-01
1.649999999999991473e-01
4.849999999999994316e-01
1.500000000000056843e-02
1.275000000000012790e-01
1.997499999999998721e+00
2.160000000000000142e+00
5.024999999999995026e-01
1.574999999999999289e+00
1.974999999999997868e-01
1.085000000000000853e+00
1.435000000000000497e+00
3.227500000000000924e+00
2.262499999999999289e+00
1.602499999999999147e+00
3.900000000000005684e-01
1.384999999999999787e+00
7.749999999999879208e-02
6.500000000000127898e-02
1.974999999999997868e-01
4.275000000000002132e-01
3.724999999999987210e-01
3.700000000000009948e-01
4.557500000000000995e+00
8.375000000000003553e-01
4.100000000000001421e-01
3.300000000000000711e-01
2.825000000000006395e-01
4.452499999999998792e+00
1.224999999999999645e+00
4.924999999999997158e-01
6.850000000000004974e-01
9.550000000000000711e-01
3.520000000000001350e+00
6.099999999999994316e-01
5.725000000000015632e-01
7.124999999999985789e-01
2.807500000000000995e+00
2.055000000000001492e+00
1.097499999999998366e+00
2.089999999999999858e+00
2.512499999999999289e+00
9.750000000000014211e-02
3.922499999999999432e+00
2.324999999999999289e-01
3.574999999999999289e-01
5.499999999999971578e-02
2.224999999999999645e+00
2.395000000000001350e+00
1.030000000000001137e+00
1.667499999999998650e+00
4.574999999999995737e-01
3.562500000000000000e+00
2.582499999999999574e+00
1.550000000000011369e-01
1.794999999999999929e+00
5.000000000000071054e-02
1.750000000000007105e-01
2.417499999999998650e+00
4.000000000000092371e-02
1.412500000000001421e+00
2.657499999999998863e+00
1.850000000000004974e-01
1.257500000000000284e+00
1.484999999999999432e+00
2.925000000000004263e-01
9.725000000000001421e-01
8.599999999999994316e-01
3.470000000000000639e+00
2.297500000000001208e+00
4.749999999999996447e-01
3.644999999999997797e+00
2.680000000000001492e+00
2.852499999999999147e+00
4.800000000000004263e-01
4.249999999999864997e-02
1.445000000000000284e+00
1.567500000000000782e+00
1.562500000000000000e+00
1.560000000000000497e+00
1.254999999999999005e+00
6.575000000000006395e-01
2.449999999999992184e-01
1.072499999999999787e+00
4.050000000000011369e-01
2.574999999999985079e-01
5.700000000000002842e-01
7.500000000000106581e-02
1.399999999999987921e-01
5.625000000000000000e-01
7.000000000000028422e-02
2.849999999999997868e+00
2.374999999999989342e-01
1.110000000000001208e+00
1.892500000000000071e+00
1.424999999999998934e+00
1.074999999999999289e-01
7.524999999999995026e-01
1.400000000000005684e-01
8.149999999999995026e-01
1.382500000000000284e+00
9.475000000000015632e-01
1.792500000000000426e+00
8.075000000000009948e-01
1.324999999999985079e-01
3.275000000000005684e-01
1.682499999999997442e+00
3.085000000000000853e+00
2.912500000000001421e+00
4.725000000000001421e-01
3.650000000000002132e-01
9.399999999999995026e-01
1.335000000000000853e+00
4.724999999999983658e-01
3.585000000000000853e+00
3.149999999999995026e-01
1.475000000000008527e-01
1.865000000000000213e+00
7.999999999999829470e-02
2.215000000000001634e+00
5.750000000000010658e-01
6.250000000000000000e-01
6.474999999999990763e-01
1.152499999999999858e+00
6.174999999999997158e-01
1.687500000000000000e+00
4.474999999999997868e-01
5.574999999999992184e-01
1.275000000000012790e-01
3.399999999999998579e-01
1.749999999999829470e-02
1.145000000000003126e+00
1.387500000000001066e+00
1.727499999999999147e+00
9.999999999999964473e-02
1.600000000000001421e-01
1.224999999999987210e-01
7.025000000000005684e-01
9.349999999999987210e-01
7.400000000000002132e-01
1.895000000000001350e+00
7.999999999999829470e-02
3.024999999999984368e-01
6.174999999999997158e-01
2.334999999999999076e+00
6.225000000000022737e-01
8.999999999999985789e-02
1.607500000000001705e+00
1.044999999999999929e+00
2.125000000000003553e-01
1.314999999999999503e+00
1.252499999999999503e+00
5.049999999999990052e-01
8.000000000000007105e-02
3.377500000000001279e+00
2.174999999999975842e-01
1.000000000000014211e-01
2.345000000000000639e+00
4.574999999999995737e-01
2.064999999999999503e+00
3.500000000000014211e-02
8.925000000000000711e-01
3.000000000000113687e-02
1.769999999999999574e+00
1.017500000000000071e+00
3.224999999999997868e-01
4.290000000000000924e+00
4.824999999999999289e-01
2.300000000000000711e+00
9.425000000000007816e-01
7.524999999999995026e-01
9.250000000000007105e-01
8.924999999999982947e-01
1.727500000000000924e+00
8.000000000000007105e-02
2.032499999999998863e+00
3.250000000000063949e-02
4.824999999999999289e-01
1.750000000000007105e-02
1.974999999999997868e-01
4.777500000000001634e+00
1.602499999999999147e+00
7.550000000000007816e-01
7.500000000000284217e-03
1.549999999999993605e-01
3.260000000000001563e+00
4.399999999999995026e-01
3.500000000000014211e-02
3.600000000000012079e-01
1.299999999999990052e-01
1.515000000000000568e+00
1.892500000000000071e+00
1.500000000000056843e-02
1.425000000000000711e+00
9.375000000000000000e-01
3.949999999999995737e-01
1.355000000000000426e+00
1.374999999999992895e-01
7.100000000000008527e-01
3.149999999999995026e-01
4.100000000000001421e-01
4.849999999999994316e-01
5.824999999999995737e-01
7.149999999999998579e-01
3.359999999999999432e+00
2.535000000000000142e+00
1.074999999999999289e-01
6.600000000000001421e-01
1.150000000000002132e-01
1.397500000000000853e+00
9.999999999999786837e-03
2.320000000000000284e+00
1.474999999999990763e-01
1.145000000000001350e+00
6.600000000000001421e-01
2.024999999999987921e-01
1.430000000000001492e+00
1.174999999999997158e-01
3.527499999999999858e+00
9.575000000000013500e-01
6.824999999999992184e-01
2.464999999999999858e+00
5.274999999999998579e-01
8.799999999999990052e-01
1.464999999999999858e+00
8.575000000000017053e-01
1.009999999999998010e+00
3.060000000000000497e+00
5.425000000000004263e-01
2.442499999999999005e+00
1.999999999999992895e-01
1.355000000000000426e+00
1.775000000000002132e-01
1.147499999999999076e+00
2.749999999999985789e-02
1.262499999999999289e+00
5.250000000000003553e-01
4.375000000000000000e-01
2.109999999999999432e+00
6.724999999999994316e-01
7.949999999999981526e-01
1.547499999999999432e+00
1.807500000000000995e+00
1.862499999999998934e+00
3.000000000000113687e-02
1.674999999999986500e-01
5.725000000000015632e-01
1.024999999999998579e+00
7.149999999999998579e-01
1.225000000000004974e-01
1.524999999999998579e-01
2.919999999999999929e+00
1.050000000000004263e-01
7.799999999999993605e-01
1.052500000000000213e+00
1.092499999999999361e+00
2.650000000000005684e-01
2.267500000000001847e+00
1.125000000000007105e-01
1.312500000000000000e+00
9.749999999999996447e-01
2.749999999999985789e-02
1.425000000000000711e-01
1.887499999999999289e+00
1.919999999999999929e+00
9.350000000000004974e-01
8.699999999999992184e-01
4.224999999999994316e-01
5.124999999999992895e-01
1.485000000000001208e+00
8.949999999999995737e-01
2.047499999999999432e+00
1.799999999999997158e-01
3.949999999999995737e-01
7.550000000000007816e-01
1.650000000000000355e+00
5.999999999999996447e-01
1.147500000000000853e+00
5.525000000000002132e-01
1.600000000000001421e-01
2.099999999999990763e-01
1.177500000000000213e+00
5.449999999999999289e-01
4.800000000000004263e-01
1.675000000000004263e-01
3.117499999999999716e+00
7.900000000000009237e-01
1.490000000000000213e+00
9.074999999999988631e-01
3.525000000000009237e-01
2.179999999999999716e+00
1.652499999999999858e+00
1.397500000000000853e+00
1.327500000000000568e+00
1.119999999999999218e+00
9.375000000000000000e-01
1.160000000000000142e+00
1.100000000000012079e-01
1.622500000000000497e+00
2.152499999999999858e+00
4.925000000000000711e+00
1.229999999999998650e+00
4.399999999999995026e-01
2.200000000000006395e-01
9.725000000000001421e-01
1.482499999999999929e+00
1.170000000000001705e+00
9.299999999999997158e-01
1.047500000000001208e+00
5.849999999999990763e-01
2.225000000000001421e-01
2.399999999999984368e-01
1.527499999999999858e+00
1.549999999999998934e+00
4.725000000000019185e-01
1.000000000000000000e+00
1.302500000000000213e+00
2.452500000000000568e+00
5.000000000000071054e-02
3.527499999999999858e+00
1.900000000000012790e-01
5.574999999999974420e-01
1.277499999999999858e+00
1.285000000000000142e+00
6.850000000000004974e-01
2.450000000000009948e-01
1.804999999999999716e+00
8.125000000000000000e-01
8.125000000000000000e-01
2.054999999999999716e+00
4.149999999999998579e+00
2.127499999999999503e+00
1.107500000000001705e+00
3.475000000000001421e-01
8.424999999999993605e-01
1.225000000000004974e-01
9.450000000000002842e-01
1.352500000000000924e+00
5.974999999999983658e-01
2.500000000000000000e-01
1.142500000000000071e+00
1.917500000000000426e+00
8.824999999999985079e-01
8.450000000000024158e-01
4.799999999999986500e-01
2.445000000000000284e+00
3.699999999999992184e-01
1.755000000000000782e+00
4.275000000000002132e-01
1.577500000000000568e+00
2.125000000000003553e-01
1.149999999999984368e-01
8.574999999999999289e-01
2.427500000000001990e+00
1.332500000000001350e+00
6.724999999999994316e-01
6.074999999999999289e-01
8.199999999999985079e-01
2.122500000000000497e+00
1.015000000000000568e+00
1.339999999999999858e+00
1.600000000000001421e+00
7.349999999999994316e-01
1.044999999999999929e+00
9.275000000000002132e-01
7.424999999999997158e-01
3.022500000000000853e+00
8.550000000000004263e-01
7.100000000000008527e-01
2.099999999999990763e-01
2.500000000000035527e-02
1.667500000000000426e+00
2.650000000000005684e-01
1.389999999999998792e+00
1.584999999999999076e+00
6.649999999999991473e-01
1.517500000000000071e+00
5.199999999999995737e-01
1.217499999999997584e+00
6.474999999999990763e-01
8.875000000000010658e-01
3.724999999999987210e-01
3.500000000000014211e-02
2.000000000000135003e-02
9.375000000000000000e-01
5.019999999999999574e+00
2.174999999999993605e-01
3.500000000000014211e-02
1.449999999999995737e-01
1.550000000000011369e-01
6.349999999999997868e-01
3.275000000000005684e-01
2.399999999999984368e-01
1.605000000000000426e+00
8.925000000000000711e-01
4.292500000000000426e+00
6.875000000000000000e-01
1.310000000000000497e+00
1.174999999999997158e-01
2.499999999999502620e-03
1.237499999999998934e+00
1.357500000000001705e+00
1.575000000000006395e-01
2.467499999999999361e+00
7.424999999999997158e-01
1.999999999999957367e-02
1.597500000000000142e+00
2.000000000000000000e+00
2.749999999999985789e-02
1.600000000000001421e-01
1.549999999999993605e-01
9.225000000000012079e-01
1.617499999999999716e+00
2.424999999999997158e-01
6.349999999999997868e-01
5.650000000000012790e-01
1.499999999999879208e-02
3.100000000000004974e-01
9.649999999999998579e-01
1.250000000000106581e-02
8.324999999999995737e-01
2.690000000000001279e+00
8.600000000000012079e-01
8.550000000000004263e-01
2.249999999999907629e-02
2.449999999999992184e-01
9.600000000000008527e-01
7.500000000000284217e-03
1.460000000000000853e+00
1.332499999999999574e+00
4.149999999999991473e-01
1.699999999999999289e-01
4.950000000000009948e-01
1.094999999999998863e+00
2.037500000000001421e+00
2.572499999999999787e+00
4.699999999999988631e-01
5.499999999999971578e-02
8.574999999999981526e-01
7.750000000000056843e-02
1.204999999999998295e+00
2.825000000000006395e-01
1.652500000000001634e+00
2.892500000000001847e+00
2.400000000000002132e-01
6.950000000000002842e-01
9.100000000000001421e-01
1.547499999999999432e+00
1.374999999999992895e-01
3.562500000000000000e+00
1.325000000000002842e-01
2.217500000000001137e+00
1.302500000000000213e+00
1.272499999999999076e+00
4.479999999999998650e+00
7.175000000000011369e-01
1.742499999999999716e+00
4.775000000000009237e-01
1.377499999999999503e+00
9.224999999999994316e-01
1.394999999999999574e+00
1.849999999999987210e-01
2.275000000000009237e-01
8.999999999999985789e-02
1.277500000000001634e+00
6.074999999999981526e-01
6.775000000000002132e-01
2.499999999999857891e-02
3.800000000000007816e-01
2.207500000000001350e+00
5.775000000000005684e-01
2.650000000000005684e-01
3.574999999999999289e-01
7.925000000000004263e-01
1.644999999999999574e+00
3.774999999999995026e-01
1.225000000000001421e+00
1.585000000000000853e+00
1.467499999999999361e+00
9.750000000000014211e-02
4.442499999999999005e+00
1.074999999999999289e-01
5.424999999999986500e-01
8.925000000000000711e-01
1.599999999999965894e-01
3.565000000000001279e+00
6.750000000000007105e-01
2.697499999999999787e+00
6.349999999999997868e-01
3.377499999999999503e+00
3.349999999999990763e-01
1.315000000000001279e+00
1.640000000000000568e+00
1.004999999999999005e+00
3.749999999999964473e-02
2.032499999999998863e+00
2.070000000000000284e+00
7.424999999999997158e-01
5.524999999999998579e+00
6.175000000000014921e-01
3.362500000000000711e+00
8.249999999999992895e-01
5.000000000000781597e-03
4.699999999999988631e-01
5.300000000000011369e-01
1.919999999999999929e+00
2.025000000000005684e-01
2.124999999999985789e-01
3.250000000000010658e-01
1.452500000000000568e+00
3.449999999999988631e-01
3.670000000000001705e+00
3.574999999999999289e-01
5.425000000000004263e-01
1.015000000000000568e+00
3.774999999999995026e-01
6.824999999999992184e-01
8.650000000000002132e-01
2.675000000000000711e-01
1.042499999999998650e+00
2.047499999999997655e+00
5.849999999999990763e-01
5.700000000000002842e-01
9.550000000000000711e-01
3.774999999999995026e-01
3.500000000000014211e-01
6.200000000000009948e-01
2.782500000000000639e+00
5.749999999999921840e-02
3.700000000000009948e-01
2.187500000000000000e+00
1.630000000000000782e+00
1.592499999999999361e+00
1.072500000000001563e+00
9.824999999999999289e-01
2.925000000000004263e-01
4.824999999999999289e-01
2.500000000000035527e-02
4.749999999999943157e-02
1.097500000000000142e+00
6.074999999999997513e+00
4.624999999999985789e-01
8.225000000000015632e-01
1.627500000000001279e+00
2.207499999999999574e+00
1.487499999999998934e+00
3.175000000000007816e-01
3.475000000000001421e-01
1.482499999999999929e+00
1.664999999999999147e+00
1.584999999999999076e+00
2.175000000000011369e-01
7.124999999999985789e-01
4.125000000000014211e-01
5.600000000000004974e-01
4.422500000000001208e+00
1.400000000000005684e-01
3.874999999999992895e-01
6.675000000000004263e-01
8.599999999999994316e-01
2.424999999999997158e-01
1.900000000000012790e-01
1.082499999999999574e+00
2.250000000000085265e-02
1.137499999999999289e+00
1.449999999999995737e-01
3.644999999999999574e+00
7.900000000000009237e-01
4.949999999999992184e-01
2.274999999999991473e-01
6.675000000000004263e-01
9.700000000000006395e-01
1.719999999999998863e+00
3.270000000000001350e+00
1.372499999999998721e+00
4.950000000000009948e-01
1.439999999999999503e+00
8.249999999999957367e-02
1.540000000000000924e+00
5.700000000000002842e-01
3.975000000000008527e-01
2.825000000000006395e-01
1.847500000000000142e+00
1.292500000000000426e+00
4.107499999999999929e+00
6.250000000000017764e-01
8.574999999999999289e-01
2.102499999999999147e+00
4.049999999999975842e-01
3.975000000000008527e-01
6.749999999999900524e-02
1.524999999999998579e-01
1.630000000000000782e+00
1.107499999999998153e+00
7.500000000000284217e-02
2.942499999999999005e+00
9.225000000000012079e-01
8.025000000000002132e-01
1.019999999999999574e+00
2.342499999999999361e+00
4.250000000000042633e-02
1.274999999999995026e-01
7.424999999999997158e-01
3.550000000000004263e-01
1.224999999999987210e-01
7.275000000000009237e-01
3.249999999999992895e-01
1.574999999999999289e+00
1.082499999999999574e+00
3.375000000000003553e-01
4.574999999999995737e-01
2.750000000000003553e-01
1.720000000000000639e+00
5.374999999999996447e-01
2.295000000000001705e+00
4.125000000000014211e-01
7.149999999999998579e-01
5.175000000000000711e-01
3.149999999999995026e-01
1.147499999999999076e+00
1.359999999999999432e+00
7.074999999999995737e-01
3.874999999999992895e-01
1.250000000000000000e-01
1.437500000000000000e+00
2.625000000000010658e-01
1.832499999999999574e+00
4.049999999999993605e-01
1.050000000000004263e-01
4.474999999999997868e-01
9.649999999999998579e-01
8.949999999999995737e-01
3.425000000000011369e-01
3.872500000000000497e+00
1.402499999999998082e+00
9.974999999999987210e-01
2.000000000000010658e-01
1.422499999999999432e+00
3.625000000000007105e-01
8.549999999999986500e-01
2.890000000000000568e+00
5.674999999999990052e-01
7.500000000000284217e-03
1.957499999999999574e+00
1.155000000000001137e+00
3.425000000000011369e-01
9.649999999999998579e-01
1.164999999999999147e+00
3.599999999999994316e-01
1.742499999999999716e+00
2.500000000000213163e-02
2.499999999999857891e-02
1.455000000000000071e+00
7.349999999999994316e-01
4.150000000000009237e-01
1.052500000000000213e+00
1.187500000000001776e+00
6.675000000000004263e-01
1.615000000000000213e+00
1.074999999999999289e-01
1.552500000000000213e+00
1.899999999999995026e-01
2.134999999999999787e+00
2.230000000000000426e+00
1.049999999999998934e+00
6.050000000000004263e-01
6.074999999999981526e-01
4.199999999999999289e-01
7.074999999999995737e-01
4.075000000000006395e-01
4.824999999999999289e-01
5.999999999999996447e-01
4.100000000000001421e-01
1.317499999999999005e+00
3.250000000000063949e-02
1.314999999999999503e+00
9.875000000000007105e-01
2.974999999999994316e-01
2.867500000000001492e+00
8.049999999999997158e-01
1.225000000000004974e-01
3.499999999999996447e-01
5.774999999999987921e-01
5.865000000000000213e+00
9.975000000000022737e-01
6.624999999999996447e-01
1.654999999999999361e+00
1.025000000000009237e-01
2.274999999999991473e-01
1.922499999999999432e+00
1.095000000000000639e+00
1.119999999999999218e+00
1.542500000000000426e+00
6.500000000000127898e-02
8.999999999999985789e-02
1.172499999999999432e+00
7.699999999999995737e-01
1.032500000000000639e+00
2.910000000000000142e+00
4.775000000000009237e-01
1.177500000000000213e+00
9.750000000000014211e-01
5.424999999999986500e-01
1.940000000000001279e+00
7.749999999999879208e-02
2.992499999999999716e+00
8.300000000000000711e-01
5.000000000000000000e-01
9.750000000000014211e-02
3.467499999999999361e+00
1.879999999999999005e+00
1.724999999999999645e+00
2.624999999999992895e-01
8.525000000000009237e-01
3.219999999999998863e+00
6.750000000000078160e-02
5.075000000000002842e-01
9.624999999999985789e-01
1.417500000000000426e+00
8.225000000000015632e-01
8.574999999999999289e-01
2.649999999999987921e-01
2.324999999999999289e-01
3.250000000000010658e-01
5.999999999999872102e-02
1.567499999999999005e+00
4.450000000000002842e-01
8.424999999999993605e-01
9.500000000000063949e-02
9.900000000000002132e-01
5.399999999999991473e-01
1.250000000000000000e-01
1.650000000000009237e-01
9.450000000000002842e-01
1.197499999999999787e+00
4.725000000000001421e-01
1.902499999999999858e+00
6.549999999999993605e-01
1.449999999999995737e-01
5.474999999999994316e-01
1.575000000000006395e-01
4.499999999999992895e-01
2.410000000000000142e+00
3.650000000000002132e-01
5.700000000000002842e-01
1.310000000000000497e+00
3.082499999999999574e+00
2.650000000000005684e-01
2.874999999999996447e-01
4.450000000000002842e-01
6.449999999999995737e-01
3.800000000000007816e-01
1.162499999999999645e+00
1.252500000000001279e+00
9.500000000000010658e-01
1.297499999999999432e+00
5.999999999999996447e-01
3.700000000000009948e-01
3.799999999999990052e-01
4.474999999999997868e-01
8.975000000000008527e-01
7.475000000000004974e-01
5.999999999999996447e-01
3.149999999999995026e-01
7.449999999999992184e-01
1.049999999999998934e+00
8.300000000000000711e-01
8.125000000000000000e-01
1.075000000000001066e+00
5.575000000000009948e-01
5.749999999999992895e-01
1.237500000000000711e+00
8.499999999999907629e-02
4.749999999999943157e-02
1.727499999999999147e+00
6.199999999999992184e-01
9.500000000000063949e-02
5.749999999999921840e-02
1.667500000000000426e+00
6.325000000000002842e-01
6.750000000000007105e-01
8.750000000000035527e-02
1.182499999999999218e+00
2.032499999999998863e+00
2.487499999999998934e+00
9.725000000000001421e-01
1.362500000000000711e+00
2.447499999999998010e+00
4.749999999999996447e-01
1.619999999999999218e+00
7.500000000000106581e-02
4.174999999999986500e-01
5.075000000000020606e-01
9.149999999999991473e-01
2.099999999999990763e-01
1.500000000000056843e-02
5.250000000000021316e-02
3.027499999999999858e+00
1.577499999999998792e+00
9.999999999999786837e-03
1.870000000000000995e+00
6.250000000000000000e-02
2.149999999999998579e-01
2.724999999999990763e-01
9.600000000000008527e-01
2.902499999999999858e+00
2.459999999999999076e+00
5.224999999999990763e-01
3.100000000000004974e-01
2.225000000000001421e-01
1.357500000000001705e+00
2.187500000000000000e+00
8.599999999999994316e-01
1.524999999999998579e-01
4.000000000000092371e-02
3.974999999999990763e-01
6.525000000000016342e-01
2.059999999999998721e+00
1.917500000000000426e+00
1.152499999999999858e+00
8.499999999999996447e-01
1.730000000000000426e+00
8.150000000000012790e-01
1.384999999999999787e+00
1.624999999999996447e-01
4.749999999999996447e-01
1.240000000000001990e+00
4.700000000000006395e-01
3.324999999999995737e-01
2.344999999999998863e+00
3.059999999999998721e+00
2.500000000000000000e-01
3.274999999999987921e-01
1.502500000000001279e+00
3.107499999999998153e+00
2.600000000000015632e-01
8.249999999999992895e-01
1.462499999999998579e+00
1.427500000000001990e+00
8.049999999999997158e-01
1.724999999999994316e-01
7.500000000000284217e-03
6.824999999999992184e-01
5.549999999999997158e-01
1.500000000000003553e-01
8.075000000000009948e-01
6.424999999999982947e-01
3.890000000000000568e+00
1.074999999999999289e-01
6.699999999999999289e-01
3.425000000000011369e-01
5.399999999999991473e-01
1.119999999999999218e+00
8.175000000000007816e-01
2.407500000000000639e+00
7.000000000000028422e-02
3.782500000000000639e+00
1.169999999999999929e+00
2.225000000000001421e-01
7.349999999999994316e-01
1.892499999999998295e+00
8.774999999999995026e-01
1.475000000000008527e-01
5.075000000000002842e-01
1.285000000000000142e+00
1.799999999999997158e-01
1.227499999999999147e+00
4.950000000000009948e-01
1.594999999999998863e+00
8.375000000000021316e-01
1.002499999999999503e+00
1.202500000000000568e+00
1.195000000000000284e+00
2.284999999999998366e+00
1.600000000000001421e-01
2.247499999999998721e+00
2.025000000000005684e-01
3.925000000000018474e-01
2.665000000000000924e+00
4.399999999999977263e-01
1.699999999999981526e-01
9.049999999999993605e-01
2.225000000000001421e-01
4.250000000000007105e-01
3.799999999999990052e-01
5.175000000000000711e-01
7.300000000000004263e-01
2.557500000000000995e+00
5.250000000000021316e-02
2.774999999999998579e-01
1.332499999999999574e+00
5.347500000000000142e+00
2.100000000000008527e-01
2.539999999999999147e+00
3.774999999999995026e-01
1.832499999999999574e+00
9.824999999999999289e-01
1.297499999999999432e+00
1.574999999999988631e-01
2.110000000000001208e+00
2.462500000000000355e+00
8.149999999999995026e-01
9.400000000000012790e-01
2.892500000000001847e+00
2.949999999999999289e-01
3.424999999999993605e-01
7.525000000000012790e-01
5.649999999999995026e-01
6.300000000000007816e-01
1.824999999999999289e+00
1.464999999999999858e+00
6.400000000000005684e-01
1.074999999999999289e+00
3.025000000000002132e-01
1.500000000000056843e-02
5.899999999999998579e-01
2.024999999999987921e-01
1.387500000000001066e+00
2.599999999999997868e-01
1.235000000000001208e+00
7.600000000000015632e-01
2.072499999999999787e+00
7.425000000000014921e-01
7.999999999999829470e-02
4.999999999999005240e-03
1.067499999999999005e+00
6.574999999999988631e-01
1.492500000000001492e+00
5.425000000000004263e-01
4.499999999999815259e-02
3.269999999999997797e+00
2.500000000000035527e-02
4.450000000000002842e-01
2.425000000000000711e+00
5.274999999999998579e-01
6.500000000000127898e-02
1.624999999999996447e-01
7.149999999999998579e-01
2.074999999999995737e-01
2.245000000000000995e+00
3.149999999999995026e-01
1.785000000000001918e+00
5.449999999999999289e-01
7.225000000000001421e-01
6.675000000000004263e-01
1.475000000000008527e-01
4.149999999999991473e-01
1.342499999999999361e+00
1.849999999999987210e-01
6.450000000000013500e-01
1.529999999999999361e+00
9.249999999999936051e-02
1.532500000000002416e+00
3.599999999999994316e-01
7.850000000000001421e-01
9.550000000000000711e-01
4.224999999999994316e-01
2.575000000000002842e-01
4.800000000000004263e-01
3.874999999999992895e-01
1.647500000000000853e+00
3.750000000000000000e-01
2.345000000000000639e+00
2.067500000000000782e+00
1.279999999999999361e+00
5.274999999999998579e-01
9.999999999999786837e-03
6.225000000000004974e-01
8.249999999999957367e-02
8.774999999999995026e-01
3.480000000000000426e+00
2.475000000000004974e-01
1.820000000000000284e+00
7.750000000000056843e-02
1.999999999999992895e-01
4.425000000000007816e-01
5.274999999999998579e-01
3.774999999999995026e-01
1.437500000000000000e+00
1.297499999999999432e+00
8.349999999999990763e-01
1.575000000000006395e-01
2.007500000000000284e+00
1.134999999999998010e+00
1.052500000000000213e+00
4.100000000000001421e-01
9.574999999999995737e-01
2.100000000000008527e-01
7.275000000000009237e-01
2.195000000000000284e+00
3.710000000000000853e+00
7.099999999999990763e-01
5.499999999999971578e-02
6.975000000000015632e-01
1.699999999999999289e-01
1.087499999999998579e+00
2.469999999999998863e+00
1.524999999999998579e-01
3.750000000000000000e-01
2.625000000000010658e-01
1.285000000000001918e+00
8.525000000000009237e-01
4.474999999999997868e-01
9.800000000000004263e-01
2.649999999999987921e-01
1.692499999999999005e+00
7.624999999999992895e-01
6.475000000000008527e-01
1.292500000000000426e+00
1.762499999999999289e+00
4.875000000000007105e-01
1.269999999999999574e+00
2.025000000000005684e-01
6.625000000000014211e-01
2.262500000000002842e+00
2.075000000000013500e-01
6.349999999999997868e-01
5.724999999999997868e-01
8.249999999999957367e-02
2.925000000000004263e-01
5.950000000000006395e-01
4.474999999999980105e-01
3.747500000000000497e+00
1.549999999999993605e-01
1.009999999999999787e+00
2.225000000000001421e-01
1.769999999999999574e+00
7.249999999999996447e-01
2.724999999999990763e-01
3.500000000000014211e-01
1.724999999999994316e-01
2.874999999999996447e-01
3.107500000000001705e+00
2.174999999999993605e-01
2.624999999999992895e-01
7.249999999999978684e-02
7.175000000000011369e-01
6.449999999999995737e-01
5.625000000000000000e-01
4.174999999999986500e-01
1.319999999999998508e+00
6.400000000000005684e-01
1.577499999999998792e+00
1.600000000000001421e-01
7.474999999999987210e-01
2.699999999999995737e-01
4.049999999999993605e-01
1.992500000000001492e+00
1.499999999999985789e-01
4.974999999999987210e-01
6.524999999999998579e-01
1.615000000000000213e+00
3.000000000000007105e-01
3.099999999999987210e-01
1.282499999999998863e+00
9.600000000000008527e-01
8.699999999999992184e-01
2.475000000000001421e+00
1.222500000000000142e+00
9.499999999999886313e-02
1.640000000000000568e+00
1.500000000000056843e-02
1.605000000000000426e+00
2.717499999999999361e+00
3.099999999999987210e-01
3.460000000000000853e+00
3.574999999999999289e-01
4.749999999999996447e-01
9.175000000000004263e-01
1.232499999999999929e+00
7.750000000000003553e-01
7.325000000000017053e-01
1.352500000000000924e+00
3.750000000000000000e-01
1.772499999999999076e+00
3.874999999999992895e-01
6.250000000000000000e-01
1.785000000000000142e+00
1.775000000000002132e-01
1.637499999999999289e+00
3.975000000000008527e-01
9.249999999999989342e-01
1.174999999999997158e-01
7.800000000000011369e-01
6.500000000000003553e-01
9.600000000000008527e-01
2.550000000000007816e-01
6.849999999999987210e-01
1.100000000000012079e-01
1.624999999999996447e-01
2.824999999999988631e-01
6.925000000000007816e-01
2.299999999999986500e-01
2.974999999999999645e+00
6.675000000000004263e-01
1.192500000000000782e+00
2.024999999999987921e-01
1.217499999999999361e+00
1.299999999999998934e+00
1.650000000000009237e-01
4.149999999999991473e-01
3.387499999999999289e+00
7.000000000000010658e-01
1.487499999999998934e+00
4.175000000000022027e-01
3.499999999999996447e-01
4.499999999999992895e-01
7.475000000000004974e-01
3.974999999999990763e-01
5.750000000000099476e-02
1.602500000000000924e+00
8.000000000000007105e-02
5.099999999999997868e-01
2.200000000000006395e-01
7.050000000000000711e-01
2.862499999999998934e+00
8.275000000000005684e-01
1.950000000000001066e+00
6.099999999999976552e-01
2.839999999999999858e+00
6.775000000000019895e-01
6.274999999999995026e-01
9.625000000000003553e-01
7.649999999999987921e-01
3.357499999999998153e+00
1.245000000000000995e+00
1.502499999999999503e+00
2.449999999999992184e-01
6.250000000000000000e-02
7.949999999999999289e-01
4.625000000000003553e-01
1.080000000000000071e+00
2.500000000000000000e-01
1.500000000000003553e-01
1.282499999999998863e+00
1.850000000000004974e-01
2.507499999999998508e+00
1.602500000000000924e+00
2.654999999999997584e+00
9.999999999999786837e-03
3.600000000000012079e-01
8.750000000000035527e-02
6.999999999999992895e-01
1.322500000000001563e+00
1.887499999999999289e+00
6.349999999999997868e-01
7.400000000000002132e-01
1.125000000000000000e+00
1.422500000000001208e+00
3.049999999999997158e-01
7.299999999999986500e-01
1.029999999999999361e+00
1.624999999999996447e-01
1.817500000000000782e+00
1.647500000000000853e+00
1.530000000000001137e+00
1.030000000000001137e+00
9.999999999998010480e-03
1.357499999999999929e+00
2.650000000000005684e-01
9.275000000000002132e-01
7.225000000000001421e-01
1.889999999999998792e+00
8.175000000000007816e-01
2.382500000000002061e+00
7.925000000000004263e-01
2.435000000000000497e+00
1.054999999999999716e+00
1.332499999999999574e+00
1.402499999999999858e+00
4.375000000000000000e-01
7.750000000000056843e-02
4.475000000000015632e-01
6.999999999999992895e-01
1.654999999999999361e+00
1.242500000000001492e+00
1.712500000000000355e+00
8.000000000000007105e-02
2.272500000000000853e+00
1.624999999999996447e-01
1.757500000000000284e+00
1.499999999999879208e-02
6.924999999999990052e-01
8.975000000000008527e-01
7.750000000000003553e-01
3.149999999999995026e-01
6.875000000000000000e-01
2.850000000000001421e-01
5.000000000000781597e-03
1.724999999999994316e-01
2.930000000000001492e+00
9.349999999999987210e-01
2.750000000000003553e-01
3.299999999999998934e+00
3.712500000000000355e+00
1.500000000000003553e-01
1.200000000000001066e+00
1.575000000000006395e-01
1.109999999999999432e+00
7.949999999999999289e-01
2.864999999999998437e+00
9.050000000000011369e-01
1.695000000000000284e+00
1.165000000000000924e+00
1.950000000000002842e-01
5.950000000000006395e-01
8.550000000000004263e-01
2.512500000000001066e+00
1.847500000000000142e+00
2.024999999999987921e-01
6.649999999999991473e-01
2.225000000000001421e-01
8.525000000000009237e-01
8.324999999999995737e-01
2.812499999999998224e+00
9.199999999999999289e-01
1.142500000000001847e+00
5.325000000000006395e-01
6.924999999999990052e-01
5.075000000000002842e-01
1.047499999999999432e+00
1.387500000000001066e+00
8.950000000000013500e-01
3.867499999999997939e+00
3.049999999999997158e-01
2.175000000000000711e+00
7.050000000000000711e-01
7.125000000000003553e-01
1.037499999999999645e+00
9.000000000000003553e-01
2.749999999999985789e-02
5.549999999999997158e-01
4.149999999999991473e-01
2.174999999999975842e-01
1.689999999999999503e+00
5.375000000000014211e-01
4.174999999999968736e-01
1.750000000000007105e-02
8.249999999999957367e-02
1.157499999999998863e+00
1.175000000000014921e-01
4.949999999999992184e-01
1.425000000000000711e-01
4.500000000000170530e-02
5.425000000000004263e-01
1.870000000000000995e+00
8.075000000000009948e-01
3.900000000000005684e-01
4.999999999999005240e-03
1.172500000000001208e+00
6.249999999999982236e-01
1.599999999999999645e+00
8.024999999999984368e-01
4.925000000000014921e-01
3.799999999999990052e-01
4.250000000000007105e-01
1.042499999999998650e+00
8.600000000000012079e-01
3.350000000000008527e-01
1.502500000000001279e+00
6.924999999999990052e-01
2.502500000000001279e+00
1.192499999999999005e+00
2.350000000000012079e-01
1.824999999999992184e-01
1.475000000000008527e-01
1.974999999999997868e+00
6.524999999999998579e-01
9.249999999999936051e-02
4.300000000000014921e-01
1.054999999999999716e+00
1.387499999999999289e+00
9.499999999999886313e-02
4.775000000000009237e-01
1.342500000000001137e+00
2.570000000000000284e+00
4.049999999999993605e-01
7.500000000000284217e-03
5.975000000000001421e-01
4.450000000000002842e-01
1.875000000000000000e-01
4.050000000000011369e-01
2.447500000000001563e+00
5.950000000000006395e-01
3.777499999999999858e+00
9.900000000000002132e-01
3.500000000000014211e-02
4.949999999999992184e-01
2.367500000000001492e+00
1.974999999999997868e-01
2.342500000000001137e+00
1.830000000000000071e+00
1.185000000000000497e+00
2.750000000000003553e-01
1.575000000000006395e-01
7.475000000000004974e-01
1.524999999999998579e-01
2.850000000000001421e-01
2.967499999999999361e+00
3.825000000000002842e-01
1.867499999999997939e+00
3.925000000000000711e-01
2.590000000000001634e+00
8.799999999999990052e-01
2.637500000000001066e+00
1.074999999999999289e-01
2.074999999999995737e-01
2.177500000000000213e+00
5.700000000000002842e-01
1.304999999999999716e+00
1.852499999999999147e+00
1.000000000000156319e-02
1.077500000000000568e+00
9.699999999999988631e-01
2.100000000000001421e+00
5.649999999999995026e-01
1.824999999999997513e+00
7.975000000000012079e-01
2.050000000000000711e-01
5.090000000000001634e+00
3.999999999999914735e-02
1.349999999999997868e-01
1.409999999999998366e+00
1.124999999999989342e-01
1.225000000000001421e+00
2.499999999999502620e-03
3.647500000000000853e+00
2.315000000000001279e+00
3.999999999999914735e-02
7.575000000000002842e-01
1.492499999999999716e+00
2.015000000000000568e+00
1.107499999999999929e+00
1.297500000000001208e+00
9.074999999999988631e-01
2.624999999999992895e-01
2.825000000000006395e-01
1.250000000000000000e+00
1.452499999999998792e+00
1.362500000000000711e+00
2.144999999999999574e+00
4.100000000000001421e-01
9.000000000000021316e-01
1.425000000000000711e-01
1.279999999999999361e+00
9.775000000000027001e-01
1.429999999999999716e+00
2.602499999999999147e+00
5.499999999999971578e-02
2.999999999999936051e-02
6.074999999999999289e-01
8.650000000000002132e-01
1.799999999999997158e-01
1.692499999999999005e+00
7.724999999999990763e-01
6.750000000000007105e-01
3.200000000000002842e-01
6.274999999999977263e-01
3.324999999999995737e-01
4.750000000000014211e-01
9.499999999999886313e-02
1.600000000000001421e-01
3.850000000000015632e-01
1.524999999999998579e-01
1.227499999999999147e+00
1.100000000000029843e-01
1.295000000000001705e+00
4.474999999999997868e-01
1.117499999999999716e+00
2.500000000000035527e-02
9.000000000000003553e-01
6.250000000000000000e-02
2.824999999999999289e+00
1.107499999999999929e+00
4.075000000000006395e-01
3.399999999999998579e-01
9.600000000000008527e-01
2.349999999999994316e-01
1.492499999999999716e+00
4.749999999999996447e-01
1.392500000000000071e+00
1.750000000000007105e-02
1.137500000000001066e+00
3.624999999999989342e-01
3.734999999999999432e+00
5.500000000000149214e-02
3.974999999999990763e-01
9.725000000000001421e-01
5.525000000000019895e-01
1.512500000000001066e+00
1.200000000000002842e+00
8.374999999999985789e-01
2.087499999999998579e+00
7.000000000000028422e-02
1.699999999999999289e+00
1.414999999999999147e+00
2.440000000000001279e+00
3.124999999999982236e-01
1.100000000000029843e-01
1.049999999999968736e-01
1.650000000000002132e+00
2.140000000000000568e+00
6.250000000000000000e-02
2.975000000000029843e-01
2.210000000000000853e+00
