5.730000000000000426e+00
1.320000000000000284e+00
1.157499999999998863e+00
5.999999999999872102e-02
3.275000000000005684e-01
2.275000000000027001e-01
6.149999999999984368e-01
2.124999999999985789e-01
8.000000000000007105e-01
2.162499999999997868e+00
4.625000000000021316e-01
3.125000000000000000e-01
1.839999999999999858e+00
3.200000000000002842e-01
2.812500000000000000e+00
2.675000000000018474e-01
1.574999999999999289e+00
3.674999999999997158e-01
2.457499999999999574e+00
1.774999999999998579e+00
1.017499999999998295e+00
3.750000000000142109e-02
4.499999999999992895e-01
3.324999999999999289e+00
1.700000000000017053e-01
5.677499999999998437e+00
1.449999999999999289e+00
2.125000000000021316e-01
1.527499999999999858e+00
1.797499999999999432e+00
1.144999999999999574e+00
2.824999999999988631e-01
1.004999999999999005e+00
1.250000000000000000e+00
1.157500000000002416e+00
9.149999999999991473e-01
6.749999999999900524e-02
7.549999999999990052e-01
1.447499999999998010e+00
5.450000000000017053e-01
1.397500000000000853e+00
7.000000000000028422e-02
1.620000000000000995e+00
2.249999999999978684e-01
1.924999999999990052e-01
7.800000000000011369e-01
3.475000000000001421e-01
6.449999999999995737e-01
2.100000000000008527e-01
3.874999999999992895e-01
1.282499999999998863e+00
8.949999999999995737e-01
1.900000000000012790e-01
1.337499999999998579e+00
7.800000000000011369e-01
1.032500000000002416e+00
1.105000000000000426e+00
1.749999999999971578e-01
2.275000000000027001e-01
1.224999999999987210e-01
1.899999999999998579e+00
2.300000000000004263e-01
1.560000000000002274e+00
1.000000000000156319e-02
5.425000000000004263e-01
4.499999999999992895e-01
2.925000000000000711e+00
2.250000000000085265e-02
1.499999999999701572e-02
2.704999999999998295e+00
3.025000000000019895e-01
1.484999999999999432e+00
8.174999999999990052e-01
1.900000000000012790e-01
4.425000000000000711e+00
5.449999999999981526e-01
6.469999999999998863e+00
3.850000000000015632e-01
7.175000000000011369e-01
2.552500000000001990e+00
2.029999999999997584e+00
2.250000000000085265e-02
2.749999999999985789e-02
1.742499999999999716e+00
3.200000000000002842e-01
1.050000000000004263e-01
1.649999999999991473e-01
1.797499999999999432e+00
2.075000000000031264e-01
3.249999999999992895e-01
2.949999999999981526e-01
3.169999999999998153e+00
2.884999999999998010e+00
7.250000000000014211e-01
4.347500000000000142e+00
3.049999999999997158e-01
2.300000000000004263e-01
2.149999999999998579e-01
2.109999999999999432e+00
8.799999999999990052e-01
9.250000000000113687e-02
1.072499999999998010e+00
4.625000000000021316e-01
4.924999999999997158e-01
1.045000000000001705e+00
7.000000000000028422e-02
1.537500000000001421e+00
1.304999999999999716e+00
1.227499999999999147e+00
2.100000000000008527e-01
1.442499999999999005e+00
1.975000000000015632e-01
1.499999999999985789e-01
1.152499999999999858e+00
9.800000000000004263e-01
9.849999999999994316e-01
1.825000000000009948e-01
7.399999999999984368e-01
5.625000000000000000e-01
3.150000000000012790e-01
2.499999999999857891e-02
3.825000000000002842e-01
2.850000000000001421e-01
8.650000000000019895e-01
2.375000000000007105e-01
2.412499999999997868e+00
3.019999999999999574e+00
4.550000000000018474e-01
4.274999999999984368e-01
5.749999999999992895e-01
3.975000000000008527e-01
2.749999999999985789e-01
7.125000000000021316e-01
1.125000000000000000e+00
2.085000000000000853e+00
4.499999999999992895e-01
1.894999999999999574e+00
7.749999999999985789e-01
2.250000000000085265e-02
3.662500000000001421e+00
2.300000000000000711e+00
2.129999999999999005e+00
1.592499999999997584e+00
5.749999999999744205e-02
3.425000000000011369e-01
4.699999999999988631e-01
1.475000000000008527e-01
3.949999999999995737e-01
1.042500000000000426e+00
5.725000000000015632e-01
6.375000000000028422e-01
2.500000000000000000e-01
1.574999999999999289e+00
9.500000000000241585e-02
1.855000000000000426e+00
8.499999999999729994e-02
2.544999999999998153e+00
1.717500000000001137e+00
4.699999999999988631e-01
8.674999999999997158e-01
1.549999999999997158e+00
1.319999999999996732e+00
3.725000000000022737e-01
1.799999999999997158e-01
2.300000000000004263e-01
5.899999999999998579e-01
2.599999999999980105e-01
1.375000000000028422e-01
1.585000000000000853e+00
1.002500000000001279e+00
1.504999999999999005e+00
8.874999999999992895e-01
5.000000000000071054e-02
1.242499999999999716e+00
7.549999999999990052e-01
1.625000000000014211e-01
1.369999999999997442e+00
4.875000000000007105e-01
2.149999999999998579e+00
5.750000000000099476e-02
8.650000000000019895e-01
8.599999999999994316e-01
8.874999999999992895e-01
4.050000000000011369e-01
1.872499999999998721e+00
8.024999999999984368e-01
2.382500000000000284e+00
4.149999999999991473e-01
2.850000000000001421e-01
7.575000000000002842e-01
3.800000000000025580e-01
1.732499999999998153e+00
5.000000000000071054e-02
3.599999999999994316e-01
2.100000000000008527e-01
1.524999999999998579e-01
4.125000000000014211e-01
1.162499999999997868e+00
4.950000000000009948e-01
1.085000000000000853e+00
7.949999999999981526e-01
3.749999999999786837e-02
1.160000000000000142e+00
2.787500000000001421e+00
7.475000000000022737e-01
3.250000000000241585e-02
1.564999999999997726e+00
9.975000000000022737e-01
3.449999999999988631e-01
1.999999999999992895e-01
4.074999999999988631e-01
5.324999999999988631e-01
1.299999999999990052e-01
1.299999999999990052e-01
1.322500000000001563e+00
9.875000000000007105e-01
1.359999999999999432e+00
5.499999999999971578e-01
1.134999999999998010e+00
2.575000000000002842e-01
1.249999999999928946e-02
2.255000000000002558e+00
1.669999999999998153e+00
8.375000000000021316e-01
5.249999999999985789e-01
2.635000000000001563e+00
3.642499999999998295e+00
9.299999999999997158e-01
4.250000000000007105e-01
1.455000000000001847e+00
3.825000000000002842e-01
5.899999999999998579e-01
1.524999999999998579e-01
6.850000000000022737e-01
7.624999999999992895e-01
9.974999999999987210e-01
9.600000000000008527e-01
2.434999999999998721e+00
4.500000000000170530e-02
4.600000000000008527e-01
2.399999999999998579e+00
3.017499999999998295e+00
6.425000000000018474e-01
1.989999999999998437e+00
8.275000000000005684e-01
9.825000000000017053e-01
2.974999999999994316e-01
2.549999999999997158e+00
2.974999999999994316e-01
1.872500000000002274e+00
3.097500000000000142e+00
5.049999999999990052e-01
6.499999999999985789e-01
8.750000000000213163e-02
1.675000000000004263e-01
5.375000000000014211e-01
1.149999999999984368e-01
2.549999999999990052e-01
7.499999999999928946e-02
1.970000000000002416e+00
9.274999999999984368e-01
1.317499999999999005e+00
1.324999999999999289e+00
1.515000000000000568e+00
7.999999999999829470e-02
3.674999999999997158e-01
8.750000000000213163e-02
2.500000000001278977e-03
5.499999999999971578e-02
9.299999999999997158e-01
1.099999999999994316e-01
6.024999999999991473e-01
3.975000000000008527e-01
6.250000000000000000e-02
3.125000000000000000e-01
2.374999999999971578e-01
5.500000000000326850e-02
5.699999999999967315e-01
1.500000000000021316e-01
1.007500000000000284e+00
6.250000000000000000e-01
7.925000000000004263e-01
1.500000000000056843e-02
1.207499999999999574e+00
1.429999999999999716e+00
4.525000000000002132e+00
1.167500000000000426e+00
1.160000000000000142e+00
6.099999999999994316e-01
4.679999999999999716e+00
1.099999999999994316e-01
4.450000000000002842e-01
3.399999999999998579e-01
2.850000000000001421e-01
4.100000000000001421e-01
7.050000000000018474e-01
3.399999999999998579e-01
3.825000000000002842e-01
1.099999999999994316e-01
2.025000000000005684e-01
6.149999999999984368e-01
2.749999999999985789e-02
5.674999999999990052e-01
1.075000000000017053e-01
8.150000000000012790e-01
5.099999999999980105e-01
1.397500000000000853e+00
6.700000000000017053e-01
2.925000000000004263e-01
1.070000000000000284e+00
1.124999999999971578e-01
1.195000000000000284e+00
1.710000000000000853e+00
1.410000000000000142e+00
3.399999999999998579e-01
1.457499999999999574e+00
6.750000000000007105e-01
1.809999999999998721e+00
1.480000000000000426e+00
1.367499999999999716e+00
9.350000000000022737e-01
5.449999999999981526e-01
1.295000000000001705e+00
3.325000000000031264e-01
1.127500000000001279e+00
2.799999999999975842e-01
3.125000000000000000e-01
1.550000000000011369e-01
7.575000000000002842e-01
1.002499999999997726e+00
8.049999999999997158e-01
8.549999999999968736e-01
4.024999999999998579e-01
8.575000000000017053e-01
4.699999999999988631e-01
8.650000000000019895e-01
1.249999999999928946e-02
1.420000000000001705e+00
2.277499999999999858e+00
9.500000000000241585e-02
5.649999999999977263e-01
5.350000000000001421e-01
2.424999999999997158e-01
2.160000000000000142e+00
2.225000000000001421e-01
5.625000000000000000e-01
1.050000000000000711e+00
1.875000000000000000e-01
8.999999999999985789e-01
3.049999999999997158e-01
2.690000000000001279e+00
1.117499999999999716e+00
1.649999999999998579e+00
3.750000000000142109e-02
1.425000000000000711e+00
1.799999999999997158e-01
2.924999999999968736e-01
5.050000000000025580e-01
9.499999999999886313e-02
1.600000000000001421e-01
8.425000000000011369e-01
4.422499999999999432e+00
4.250000000000042633e-02
4.757500000000000284e+00
6.100000000000029843e-01
1.949999999999967315e-01
6.600000000000001421e-01
1.080000000000001847e+00
3.000000000000113687e-02
1.674999999999968736e-01
1.045000000000001705e+00
5.324999999999988631e-01
1.600000000000001421e-01
2.245000000000000995e+00
5.824999999999999289e+00
4.662500000000001421e+00
2.425000000000000711e+00
1.112500000000000711e+00
2.427499999999998437e+00
8.975000000000008527e-01
2.924999999999968736e-01
1.742500000000003268e+00
9.249999999999971578e-01
1.475000000000008527e-01
1.607499999999998153e+00
7.500000000000284217e-03
1.567499999999999005e+00
1.812500000000000000e+00
3.300000000000018474e-01
1.337499999999998579e+00
7.774999999999998579e-01
3.299999999999982947e-01
1.300000000000025580e-01
1.394999999999999574e+00
6.250000000000000000e-01
8.674999999999997158e-01
1.024999999999991473e-01
5.099999999999980105e-01
3.550000000000004263e-01
1.390000000000000568e+00
1.500000000000021316e-01
2.815000000000001279e+00
7.599999999999980105e-01
9.250000000000113687e-02
7.025000000000005684e-01
3.749999999999786837e-02
7.250000000000156319e-02
2.225000000000001421e-01
7.750000000000056843e-02
2.749999999999985789e-02
6.174999999999997158e-01
5.300000000000011369e-01
3.074999999999974420e-01
1.365000000000001990e+00
2.350000000000029843e-01
7.249999999999801048e-02
1.629999999999999005e+00
2.625000000000028422e-01
4.124999999999978684e-01
2.575000000000002842e-01
1.144999999999999574e+00
2.400000000000019895e-01
1.324999999999999289e+00
1.062500000000000000e+00
6.924999999999990052e-01
2.250000000000014211e-01
4.840000000000003411e+00
1.725000000000029843e-01
1.949999999999967315e-01
1.225000000000022737e-01
1.149999999999984368e-01
1.487500000000000711e+00
6.524999999999998579e-01
6.024999999999991473e-01
1.400000000000005684e-01
7.699999999999995737e-01
1.350000000000015632e-01
8.849999999999980105e-01
1.635000000000001563e+00
1.055000000000003268e+00
5.950000000000024158e-01
4.649999999999998579e-01
1.199999999999974420e-01
2.675000000000018474e-01
1.550000000000000711e+00
7.999999999999971578e-01
2.310000000000002274e+00
3.949999999999995737e-01
8.000000000000184741e-02
1.154999999999997584e+00
8.000000000000184741e-02
5.999999999999978684e-01
7.000000000000028422e-02
2.582499999999999574e+00
5.224999999999972999e-01
3.150000000000002132e+00
4.204999999999998295e+00
3.424999999999975842e-01
7.675000000000018474e-01
3.700000000000009948e-01
9.525000000000005684e-01
2.024999999999970157e-01
4.850000000000029843e-01
9.149999999999991473e-01
2.195000000000000284e+00
1.402499999999999858e+00
1.207499999999999574e+00
2.377499999999997726e+00
1.167500000000000426e+00
1.999999999999992895e-01
1.050000000000004263e-01
8.450000000000024158e-01
1.919999999999998153e+00
5.399999999999991473e-01
1.425000000000018474e-01
1.624999999999978684e-01
4.900000000000019895e-01
1.099999999999994316e-01
7.100000000000008527e-01
5.500000000000007105e-01
2.157499999999998863e+00
2.947500000000001563e+00
1.225000000000001421e+00
1.105000000000000426e+00
2.164999999999999147e+00
6.724999999999994316e-01
5.174999999999982947e-01
7.749999999999985789e-01
1.230000000000000426e+00
3.200000000000002842e-01
3.900000000000005684e-01
1.597500000000000142e+00
1.250000000000000000e-01
1.850000000000022737e-01
4.749999999999978684e-01
9.299999999999997158e-01
2.100000000000008527e-01
8.249999999999957367e-02
1.167500000000000426e+00
3.035000000000000142e+00
1.462499999999998579e+00
1.377500000000001279e+00
2.112499999999997158e+00
5.725000000000015632e-01
5.425000000000004263e-01
2.124999999999985789e-01
1.725000000000001421e+00
7.725000000000008527e-01
2.427499999999998437e+00
4.224999999999994316e-01
6.825000000000009948e-01
1.724999999999994316e-01
3.249999999999992895e-01
5.075000000000002842e-01
5.000000000000071054e-02
1.225000000000001421e+00
4.149999999999991473e-01
9.050000000000011369e-01
7.074999999999995737e-01
4.949999999999974420e-01
8.100000000000022737e-01
2.674999999999982947e-01
8.599999999999994316e-01
3.750000000000142109e-02
1.289999999999999147e+00
7.475000000000022737e-01
7.574999999999967315e-01
1.925000000000025580e-01
1.349999999999980105e-01
7.750000000000056843e-02
1.594999999999998863e+00
1.999999999999992895e-01
2.774999999999998579e-01
2.620000000000000995e+00
1.525000000000002132e+00
3.392499999999998295e+00
3.347500000000000142e+00
4.525000000000005684e-01
7.450000000000009948e-01
8.324999999999995737e-01
1.250000000000000000e-01
2.124999999999985789e-01
4.775000000000027001e-01
5.474999999999994316e-01
2.010000000000001563e+00
2.650000000000005684e-01
2.654999999999997584e+00
1.144999999999999574e+00
1.102499999999999147e+00
2.925000000000004263e-01
1.382500000000000284e+00
2.724999999999972999e-01
3.925000000000018474e-01
3.999999999999914735e-02
1.042500000000000426e+00
1.157500000000002416e+00
1.282499999999998863e+00
1.265000000000000568e+00
5.480000000000003979e+00
3.825000000000002842e-01
1.994999999999997442e+00
2.527499999999999858e+00
4.650000000000034106e-01
1.679999999999999716e+00
5.774999999999970157e-01
8.300000000000018474e-01
1.072500000000001563e+00
3.750000000000142109e-02
6.199999999999974420e-01
6.750000000000007105e-01
7.875000000000014211e-01
7.624999999999992895e-01
4.162500000000001421e+00
9.474999999999980105e-01
2.250000000000014211e-01
7.800000000000011369e-01
6.974999999999980105e-01
2.092500000000001137e+00
8.500000000000014211e-01
4.224999999999994316e-01
4.424999999999990052e-01
1.422499999999999432e+00
2.600000000000015632e-01
1.049999999999968736e-01
5.475000000000029843e-01
2.500000000000000000e-01
2.999999999999758415e-02
1.667500000000000426e+00
3.700000000000009948e-01
2.065000000000001279e+00
2.879999999999999005e+00
1.500000000000056843e-02
7.899999999999991473e-01
1.254999999999999005e+00
9.500000000000241585e-02
9.424999999999990052e-01
1.160000000000000142e+00
1.750000000000007105e-01
2.099999999999972999e-01
6.850000000000022737e-01
2.609999999999999432e+00
1.074999999999981526e-01
2.250000000000014211e-01
7.500000000000284217e-03
9.024999999999998579e-01
9.149999999999991473e-01
1.137499999999999289e+00
1.057500000000000995e+00
8.524999999999991473e-01
2.500000000000000000e-01
9.175000000000004263e-01
5.324999999999988631e-01
4.024999999999998579e-01
3.204999999999998295e+00
5.525000000000019895e-01
4.375000000000000000e-01
8.174999999999990052e-01
1.565000000000001279e+00
2.144999999999999574e+00
3.374999999999985789e-01
4.024999999999998579e-01
4.725000000000001421e-01
1.132500000000000284e+00
2.525000000000012790e-01
9.625000000000021316e-01
4.999999999999005240e-03
1.717500000000001137e+00
3.075000000000009948e-01
6.974999999999980105e-01
7.950000000000017053e-01
3.575000000000017053e-01
2.044999999999998153e+00
7.250000000000014211e-01
3.174999999999990052e-01
3.949999999999995737e-01
4.050000000000011369e-01
2.809999999999998721e+00
4.050000000000011369e-01
1.522500000000000853e+00
9.949999999999974420e-01
6.300000000000025580e-01
7.524999999999977263e-01
1.477499999999999147e+00
3.664999999999999147e+00
1.702500000000000568e+00
4.499999999999815259e-02
1.745000000000000995e+00
6.974999999999980105e-01
4.197500000000001563e+00
1.027499999999999858e+00
2.339999999999999858e+00
2.774999999999998579e-01
7.949999999999981526e-01
5.925000000000011369e-01
6.374999999999992895e-01
1.394999999999999574e+00
1.642500000000001847e+00
1.287499999999997868e+00
5.425000000000004263e-01
9.150000000000027001e-01
2.004999999999999005e+00
4.325000000000009948e-01
4.349999999999987210e-01
1.085000000000000853e+00
8.499999999999729994e-02
1.875000000000000000e-01
2.575000000000002842e-01
2.575000000000002842e-01
2.067500000000002558e+00
3.274999999999970157e-01
4.087499999999998579e+00
1.905000000000001137e+00
4.224999999999994316e-01
3.932500000000000995e+00
6.674999999999968736e-01
1.457500000000003126e+00
3.224999999999980105e-01
4.574999999999995737e-01
2.740000000000001990e+00
4.224999999999994316e-01
1.275000000000012790e-01
1.707499999999999574e+00
1.269999999999999574e+00
1.297499999999999432e+00
2.704999999999998295e+00
1.625000000000014211e-01
2.850000000000001421e-01
3.225000000000015632e-01
1.199999999999999289e+00
8.249999999999957367e-02
4.800000000000004263e-01
4.250000000000007105e-01
1.825000000000009948e-01
7.449999999999974420e-01
2.307500000000000995e+00
3.999999999999914735e-02
1.407499999999998863e+00
3.224999999999980105e-01
4.500000000000028422e-01
5.749999999999992895e-01
6.475000000000008527e-01
1.582499999999999574e+00
4.424999999999990052e-01
1.687500000000000000e+00
3.140000000000000568e+00
1.469999999999998863e+00
7.300000000000004263e-01
4.774999999999991473e-01
1.442500000000002558e+00
3.799999999999990052e-01
4.674999999999975842e-01
2.472500000000000142e+00
2.375000000000007105e-01
1.350000000000015632e-01
3.650000000000002132e+00
3.900000000000005684e-01
1.424999999999982947e-01
1.792500000000000426e+00
4.175000000000004263e-01
6.449999999999995737e-01
5.625000000000000000e-01
1.200000000000009948e-01
3.524999999999991473e-01
4.525000000000005684e-01
1.750000000000007105e-01
1.125000000000007105e-01
3.150000000000012790e-01
9.899999999999984368e-01
1.047499999999999432e+00
3.475000000000001421e-01
8.700000000000009948e-01
1.524999999999998579e-01
1.435000000000002274e+00
3.227499999999999147e+00
3.072500000000001563e+00
7.474999999999987210e-01
8.425000000000011369e-01
1.400000000000005684e-01
6.899999999999977263e-01
3.112500000000000711e+00
3.277499999999999858e+00
8.850000000000015632e-01
1.032500000000002416e+00
6.474999999999972999e-01
2.475000000000022737e-01
1.682499999999997442e+00
3.635000000000001563e+00
5.199999999999995737e-01
2.225000000000001421e-01
7.249999999999978684e-01
2.449999999999999289e+00
5.800000000000018474e-01
2.190000000000001279e+00
8.825000000000002842e-01
9.999999999998010480e-03
1.300000000000000711e+00
8.449999999999988631e-01
3.349999999999997868e+00
6.325000000000002842e-01
6.125000000000007105e-01
4.050000000000011369e-01
2.699999999999995737e-01
3.094999999999998863e+00
2.399999999999984368e-01
1.475000000000008527e-01
1.897500000000000853e+00
6.724999999999994316e-01
1.350000000000015632e-01
2.749999999999985789e-01
3.175000000000025580e-01
2.599999999999980105e-01
1.900000000000012790e-01
7.432500000000000995e+00
8.249999999999957367e-02
1.649999999999991473e-01
9.875000000000007105e-01
2.999999999999758415e-02
1.075000000000017053e-01
6.600000000000001421e-01
4.224999999999994316e-01
4.250000000000042633e-02
8.825000000000002842e-01
2.249999999999978684e-01
5.700000000000002842e-01
2.850000000000001421e-01
1.744999999999997442e+00
6.699999999999981526e-01
8.000000000000184741e-02
1.884999999999998010e+00
2.000000000000312639e-02
2.265000000000000568e+00
1.252500000000001279e+00
7.399999999999984368e-01
5.175000000000018474e-01
4.499999999999815259e-02
1.054999999999999716e+00
1.024999999999998579e+00
3.449999999999988631e-01
2.325000000000017053e-01
4.074999999999988631e-01
7.250000000000014211e-01
6.349999999999980105e-01
4.265000000000000568e+00
1.739999999999998437e+00
2.405000000000001137e+00
2.595000000000002416e+00
1.449999999999995737e-01
2.274999999999998579e+00
2.487500000000000711e+00
2.652499999999999858e+00
7.375000000000007105e-01
1.769999999999999574e+00
1.414999999999999147e+00
1.885000000000001563e+00
3.750000000000000000e-01
1.009999999999998010e+00
1.025000000000027001e-01
1.399999999999970157e-01
2.749999999999985789e-02
3.625000000000007105e-01
4.249999999999971578e-01
2.725000000000008527e-01
1.775000000000019895e-01
1.019999999999999574e+00
2.035000000000000142e+00
3.545000000000001705e+00
1.000000000000156319e-02
1.734999999999999432e+00
7.274999999999991473e-01
7.500000000000284217e-03
5.249999999999985789e-01
4.574999999999995737e-01
6.099999999999994316e-01
2.250000000000085265e-02
5.599999999999987210e-01
2.575000000000002842e-01
2.499999999997726263e-03
3.750000000000142109e-02
6.250000000000000000e-01
8.075000000000009948e-01
2.974999999999994316e-01
1.975000000000015632e-01
2.017500000000001847e+00
4.450000000000002842e-01
1.325000000000002842e-01
4.200000000000017053e-01
6.974999999999980105e-01
3.999999999999914735e-02
3.644999999999999574e+00
9.275000000000019895e-01
4.500000000000170530e-02
5.150000000000005684e-01
2.124999999999985789e-01
1.174999999999997158e-01
1.257500000000000284e+00
9.274999999999984368e-01
2.297499999999999432e+00
7.249999999999801048e-02
1.225000000000001421e+00
1.160000000000000142e+00
1.550000000000000711e+00
1.125000000000007105e-01
1.299999999999990052e-01
1.500000000000056843e-02
4.749999999999943157e-02
7.375000000000007105e-01
6.799999999999997158e-01
2.000000000000000000e+00
4.600000000000008527e-01
1.109999999999999432e+00
9.375000000000000000e-01
2.300000000000004263e-01
2.207499999999999574e+00
8.075000000000009948e-01
4.950000000000009948e-01
1.015000000000000568e+00
1.675000000000004263e-01
3.927500000000001990e+00
5.899999999999998579e-01
1.144999999999999574e+00
1.032499999999998863e+00
7.199999999999988631e-01
1.732500000000001705e+00
2.417500000000000426e+00
6.099999999999994316e-01
8.724999999999987210e-01
3.275000000000005684e-01
2.499999999997726263e-03
1.112500000000000711e+00
4.175000000000004263e-01
1.462500000000002132e+00
1.297499999999999432e+00
6.749999999999900524e-02
1.432500000000000995e+00
6.549999999999975842e-01
8.600000000000029843e-01
9.999999999998010480e-03
2.670000000000001705e+00
1.132500000000000284e+00
8.825000000000002842e-01
7.124999999999985789e-01
5.487500000000000711e+00
2.450000000000009948e-01
1.129999999999999005e+00
1.900000000000012790e-01
4.725000000000001421e-01
4.999999999999005240e-03
5.199999999999995737e-01
6.075000000000017053e-01
5.799999999999982947e-01
6.099999999999994316e-01
3.740000000000001990e+00
3.500000000000014211e-02
9.324999999999974420e-01
1.999999999999957367e-02
9.850000000000029843e-01
3.774999999999977263e-01
7.320000000000003837e+00
8.925000000000018474e-01
1.000000000000000000e+00
8.775000000000012790e-01
7.749999999999701572e-02
3.049999999999997158e-01
6.200000000000009948e-01
2.500000000000000000e-01
1.099999999999994316e-01
1.800000000000000711e+00
1.359999999999999432e+00
6.499999999999772626e-02
5.949999999999988631e-01
6.799999999999997158e-01
5.675000000000025580e-01
8.749999999999857891e-02
1.544999999999998153e+00
3.300000000000018474e-01
4.250000000000042633e-02
4.524999999999998579e+00
1.027499999999999858e+00
2.517500000000001847e+00
1.202500000000000568e+00
1.750000000000007105e-01
7.800000000000011369e-01
1.272500000000000853e+00
6.074999999999981526e-01
8.275000000000005684e-01
7.725000000000008527e-01
1.127500000000001279e+00
1.749999999999971578e-01
1.985000000000002984e+00
2.249999999999729994e-02
6.000000000000227374e-02
5.150000000000005684e-01
2.049999999999982947e-01
2.537499999999997868e+00
9.500000000000241585e-02
9.849999999999994316e-01
4.049999999999975842e-01
4.200000000000017053e-01
1.315000000000001279e+00
6.075000000000017053e-01
2.025000000000005684e-01
2.499999999999857891e-02
2.250000000000014211e-01
1.999999999999992895e-01
1.000000000000000000e+00
1.282499999999998863e+00
1.537499999999997868e+00
2.174999999999975842e-01
3.425000000000011369e-01
2.499999999999857891e-02
1.580000000000001847e+00
8.449999999999988631e-01
8.775000000000012790e-01
1.142499999999998295e+00
2.749999999999985789e-02
5.875000000000021316e-01
2.822500000000001563e+00
3.475000000000001421e-01
3.200000000000002842e-01
5.000000000000071054e-02
5.899999999999998579e-01
2.225000000000001421e-01
4.904999999999997584e+00
6.500000000000127898e-02
8.249999999999957367e-02
6.425000000000018474e-01
1.850000000000022737e-01
1.669999999999998153e+00
8.900000000000005684e-01
3.049999999999997158e-01
5.925000000000011369e-01
1.425000000000000711e+00
1.724999999999994316e-01
3.125000000000000000e-01
8.975000000000008527e-01
3.999999999999914735e-02
4.424999999999990052e-01
1.624999999999978684e-01
1.967500000000001137e+00
5.249999999999843681e-02
1.295000000000001705e+00
2.055000000000003268e+00
2.162500000000001421e+00
5.174999999999982947e-01
1.952500000000000568e+00
7.474999999999987210e-01
1.267500000000001847e+00
2.027499999999999858e+00
2.577500000000000568e+00
1.867499999999999716e+00
4.749999999999943157e-02
9.200000000000017053e-01
3.750000000000142109e-02
1.239999999999998437e+00
3.875000000000028422e-01
1.317499999999999005e+00
1.795000000000001705e+00
9.249999999999758415e-02
6.750000000000007105e-01
1.332499999999999574e+00
1.025000000000002132e+00
8.975000000000008527e-01
2.824999999999988631e-01
1.227500000000002700e+00
1.232499999999998153e+00
1.144999999999999574e+00
1.500000000000056843e-02
2.980000000000000426e+00
1.947499999999998010e+00
1.024999999999991473e-01
2.520000000000003126e+00
3.187500000000000000e+00
4.474999999999980105e-01
1.799999999999997158e-01
1.317499999999999005e+00
1.429999999999999716e+00
7.750000000000056843e-02
2.974999999999994316e-01
1.452500000000000568e+00
1.750000000000184741e-02
1.957499999999999574e+00
1.224999999999987210e-01
9.400000000000012790e-01
4.050000000000011369e-01
2.824999999999988631e-01
2.650000000000005684e-01
2.420000000000001705e+00
1.169999999999998153e+00
2.850000000000001421e-01
2.362500000000000711e+00
1.499999999999701572e-02
1.600000000000001421e-01
1.560000000000002274e+00
1.404999999999997584e+00
1.769999999999999574e+00
2.247499999999998721e+00
2.537500000000001421e+00
3.125000000000000000e-01
1.030000000000001137e+00
1.067499999999999005e+00
2.612500000000000711e+00
5.500000000000007105e-01
1.199999999999999289e+00
6.885000000000001563e+00
1.094999999999998863e+00
8.999999999999985789e-02
1.589999999999999858e+00
6.024999999999991473e-01
3.399999999999998579e-01
1.400000000000005684e-01
3.700000000000009948e-01
3.484999999999999432e+00
3.000000000000113687e-02
1.227499999999999147e+00
5.249999999999843681e-02
4.600000000000008527e-01
1.377499999999997726e+00
2.325000000000017053e-01
3.750000000000142109e-02
8.999999999999985789e-01
7.149999999999998579e-01
1.967500000000001137e+00
6.275000000000012790e-01
4.375000000000000000e-01
8.975000000000008527e-01
1.567499999999999005e+00
2.214999999999999858e+00
9.175000000000004263e-01
3.825000000000002842e-01
1.544999999999998153e+00
7.624999999999992895e-01
8.900000000000005684e-01
8.249999999999957367e-02
3.237500000000000711e+00
1.682500000000000995e+00
1.070000000000000284e+00
1.325000000000002842e-01
6.349999999999980105e-01
7.325000000000017053e-01
7.974999999999994316e-01
1.524999999999998579e-01
2.899999999999991473e-01
2.065000000000001279e+00
2.000000000000028422e-01
3.799999999999990052e-01
4.475000000000015632e-01
1.999999999999992895e-01
2.225000000000001421e-01
2.474999999999987210e-01
3.335000000000000853e+00
1.067499999999999005e+00
3.999999999999985789e-01
1.037499999999997868e+00
1.550000000000011369e-01
2.499999999997726263e-03
2.125000000000021316e-01
1.902499999999999858e+00
4.724999999999965894e-01
5.599999999999987210e-01
3.800000000000025580e-01
1.324999999999999289e+00
6.750000000000007105e-01
9.250000000000007105e-01
1.074999999999981526e-01
1.074999999999999289e+00
6.000000000000227374e-02
1.325000000000002842e-01
1.074999999999981526e-01
2.250000000000085265e-02
1.849999999999987210e-01
4.999999999999005240e-03
7.100000000000008527e-01
7.750000000000021316e-01
1.129999999999999005e+00
1.677500000000001990e+00
3.574999999999981526e-01
7.725000000000008527e-01
1.400000000000005684e-01
6.274999999999977263e-01
1.562500000000000000e+00
2.250000000000014211e-01
3.000000000000113687e-02
8.900000000000005684e-01
1.704999999999998295e+00
6.675000000000004263e-01
8.750000000000000000e-01
1.079999999999998295e+00
1.905000000000001137e+00
1.432500000000000995e+00
2.049999999999997158e+00
1.997499999999998721e+00
3.125000000000000000e-01
1.687500000000000000e+00
5.025000000000012790e-01
7.725000000000008527e-01
1.849999999999987210e-01
3.000000000000007105e-01
2.359999999999999432e+00
1.125000000000007105e-01
8.749999999999857891e-02
1.132500000000000284e+00
1.122500000000002274e+00
3.349999999999997868e+00
1.175000000000000711e+00
4.027499999999996305e+00
5.700000000000002842e-01
2.140000000000000568e+00
2.987500000000000711e+00
1.000000000000000000e+00
5.274999999999998579e-01
6.824999999999974420e-01
2.500000000000213163e-02
1.849999999999997868e+00
1.449999999999995737e-01
3.950000000000031264e-01
2.292500000000000426e+00
7.875000000000014211e-01
2.105000000000000426e+00
6.150000000000019895e-01
7.024999999999970157e-01
3.450000000000024158e-01
7.524999999999977263e-01
3.250000000000241585e-02
8.249999999999957367e-02
7.850000000000001421e-01
9.249999999999971578e-01
4.725000000000001421e-01
1.875000000000000000e-01
2.550000000000025580e-01
4.375000000000000000e-01
3.230000000000000426e+00
1.492499999999999716e+00
2.400000000000019895e-01
3.599999999999994316e-01
2.375000000000007105e-01
1.299999999999990052e-01
3.550000000000004263e-01
2.155000000000001137e+00
3.349999999999972999e-01
2.742499999999999716e+00
5.725000000000015632e-01
1.242499999999999716e+00
4.900000000000019895e-01
1.009999999999998010e+00
8.700000000000009948e-01
1.855000000000000426e+00
8.599999999999994316e-01
2.132499999999996732e+00
7.249999999999978684e-01
2.750000000000021316e-01
4.675000000000011369e-01
1.375000000000000000e+00
1.219999999999998863e+00
8.475000000000001421e-01
2.195000000000000284e+00
1.272500000000000853e+00
7.499999999999928946e-02
2.212499999999998579e+00
3.500000000000014211e-01
1.299999999999990052e-01
2.399999999999984368e-01
9.800000000000004263e-01
9.849999999999994316e-01
1.750000000000184741e-02
9.000000000000021316e-01
2.139999999999997016e+00
7.074999999999995737e-01
1.320000000000000284e+00
1.277499999999999858e+00
6.875000000000000000e-01
1.974999999999980105e-01
1.225000000000022737e-01
1.050000000000004263e-01
9.574999999999995737e-01
4.900000000000019895e-01
1.515000000000000568e+00
2.724999999999972999e-01
6.450000000000031264e-01
4.164999999999999147e+00
5.575000000000009948e-01
3.725000000000022737e-01
1.577500000000000568e+00
5.599999999999987210e-01
2.552499999999998437e+00
1.577500000000000568e+00
1.182500000000000995e+00
7.599999999999980105e-01
4.749999999999943157e-02
2.699999999999995737e-01
4.875000000000007105e-01
1.200000000000009948e-01
1.249999999999928946e-02
1.875000000000000000e-01
3.537500000000001421e+00
1.089999999999999858e+00
1.719999999999998863e+00
2.230000000000000426e+00
2.400000000000019895e-01
1.549999999999997158e+00
1.030000000000001137e+00
4.899999999999984368e-01
3.375000000000021316e-01
9.474999999999980105e-01
3.275000000000005684e-01
6.000000000000227374e-02
2.674999999999982947e-01
6.250000000000000000e-01
3.275000000000005684e-01
2.650000000000005684e-01
6.499999999999772626e-02
2.300000000000004263e-01
6.300000000000025580e-01
1.187500000000000000e+00
7.124999999999985789e-01
8.525000000000027001e-01
2.080000000000001847e+00
1.074999999999981526e-01
2.239999999999998437e+00
1.749999999999971578e-01
3.325000000000031264e-01
1.712499999999998579e+00
1.012499999999999289e+00
1.125000000000007105e-01
3.225000000000015632e-01
2.442499999999999005e+00
1.207499999999999574e+00
4.499999999999992895e-01
1.724999999999994316e-01
1.370000000000000995e+00
2.682499999999997442e+00
8.425000000000011369e-01
1.237500000000000711e+00
6.500000000000021316e-01
4.149999999999991473e-01
7.525000000000012790e-01
2.124999999999985789e-01
7.250000000000156319e-02
3.299999999999982947e-01
2.624999999999992895e-01
5.274999999999998579e-01
2.107499999999998153e+00
1.402499999999999858e+00
1.575000000000024158e-01
3.599999999999994316e-01
1.399999999999998579e+00
1.142499999999998295e+00
9.500000000000241585e-02
2.249999999999978684e-01
1.450000000000031264e-01
1.209999999999997300e+00
2.500000000001278977e-03
1.457499999999999574e+00
5.625000000000000000e-01
9.400000000000012790e-01
1.210000000000000853e+00
1.099999999999994316e-01
8.174999999999990052e-01
1.605000000000000426e+00
8.174999999999990052e-01
2.450000000000009948e-01
1.300000000000000711e+00
1.114999999999998437e+00
3.250000000000000000e+00
3.437500000000000000e+00
2.332500000000003126e+00
2.237500000000000711e+00
1.405000000000001137e+00
8.475000000000001421e-01
2.445000000000000284e+00
1.122499999999998721e+00
7.175000000000011369e-01
1.924999999999990052e-01
1.477500000000002700e+00
1.122499999999998721e+00
2.472500000000000142e+00
9.849999999999994316e-01
2.187500000000000000e+00
9.750000000000014211e-01
5.700000000000002842e-01
4.224999999999994316e-01
3.224999999999980105e-01
1.099999999999994316e-01
1.425000000000018474e-01
4.149999999999991473e-01
4.424999999999990052e-01
1.999999999999992895e-01
8.949999999999995737e-01
1.120000000000000995e+00
8.999999999999985789e-02
6.025000000000027001e-01
1.037499999999997868e+00
1.030000000000001137e+00
4.102499999999999147e+00
1.054999999999999716e+00
4.474999999999980105e-01
1.952500000000000568e+00
2.500000000001278977e-03
1.469999999999998863e+00
8.125000000000000000e-01
3.927499999999998437e+00
1.232499999999998153e+00
1.475000000000008527e-01
2.624999999999992895e-01
3.225000000000015632e-01
4.725000000000001421e-01
4.749999999999978684e-01
1.275000000000012790e-01
1.574999999999999289e+00
5.500000000000007105e-01
1.374999999999992895e-01
3.030000000000001137e+00
4.199999999999981526e-01
1.000000000000156319e-02
3.550000000000004263e-01
4.499999999999815259e-02
1.250000000000284217e-02
2.434999999999998721e+00
2.357499999999998153e+00
1.932500000000000995e+00
2.594999999999998863e+00
7.250000000000156319e-02
1.974999999999980105e-01
1.750000000000184741e-02
5.150000000000005684e-01
1.057500000000000995e+00
1.147500000000000853e+00
1.974999999999980105e-01
2.412500000000001421e+00
1.517500000000001847e+00
1.237500000000000711e+00
2.050000000000018474e-01
7.249999999999801048e-02
1.750000000000007105e-01
3.347500000000000142e+00
3.500000000000014211e-02
6.299999999999990052e-01
1.749999999999829470e-02
4.274999999999984368e-01
1.749999999999829470e-02
1.649999999999991473e-01
2.185000000000002274e+00
1.637499999999999289e+00
1.425000000000000711e+00
1.497500000000002274e+00
1.277499999999999858e+00
1.374999999999992895e-01
2.049999999999982947e-01
3.372500000000002274e+00
2.862500000000000711e+00
2.922499999999999432e+00
2.925000000000004263e-01
2.394999999999999574e+00
2.124999999999985789e-01
3.000000000000113687e-02
1.597500000000000142e+00
5.949999999999988631e-01
8.099999999999987210e-01
1.774999999999998579e+00
2.925000000000004263e-01
7.899999999999991473e-01
4.500000000000170530e-02
8.799999999999990052e-01
1.750000000000184741e-02
8.975000000000008527e-01
7.000000000000028422e-02
1.030000000000001137e+00
1.799999999999997158e-01
2.024999999999970157e-01
1.975000000000015632e-01
4.462500000000002132e+00
2.019999999999999574e+00
1.627500000000001279e+00
3.249999999999886313e-02
1.517500000000001847e+00
5.599999999999987210e-01
1.000000000000014211e-01
2.499999999997726263e-03
2.075000000000031264e-01
4.074999999999988631e-01
9.899999999999984368e-01
1.650000000000002132e+00
1.250000000000284217e-02
3.475000000000001421e-01
5.274999999999998579e-01
2.499999999997726263e-03
2.109999999999999432e+00
6.225000000000022737e-01
1.024999999999998579e+00
1.050000000000004263e-01
4.587499999999998579e+00
9.899999999999984368e-01
7.675000000000018474e-01
4.175000000000004263e-01
3.900000000000005684e-01
5.350000000000001421e-01
7.850000000000001421e-01
1.532500000000002416e+00
3.825000000000002842e-01
9.999999999999786837e-02
4.749999999999943157e-02
7.074999999999995737e-01
5.375000000000014211e-01
9.725000000000001421e-01
3.999999999999914735e-02
8.550000000000004263e-01
2.672500000000002984e+00
8.275000000000005684e-01
2.522500000000000853e+00
1.062500000000000000e+00
1.649999999999998579e+00
1.550000000000011369e-01
4.725000000000001421e-01
4.024999999999998579e-01
1.467500000000001137e+00
2.850000000000001421e-01
2.622499999999998721e+00
2.274999999999991473e-01
1.532499999999998863e+00
1.012499999999999289e+00
1.135000000000001563e+00
2.049999999999982947e-01
3.150000000000012790e-01
7.624999999999992895e-01
6.250000000000000000e-02
2.074999999999995737e-01
2.462500000000002132e+00
4.499999999999815259e-02
5.175000000000018474e-01
1.297499999999999432e+00
6.724999999999994316e-01
1.185000000000002274e+00
1.679999999999999716e+00
3.449999999999988631e-01
1.649999999999991473e-01
1.772499999999997300e+00
1.102500000000002700e+00
2.859999999999999432e+00
1.870000000000000995e+00
4.937500000000000000e+00
1.299999999999990052e-01
7.549999999999990052e-01
2.924999999999968736e-01
6.775000000000019895e-01
7.424999999999997158e-01
4.125000000000014211e-01
2.499999999997726263e-03
2.175000000000011369e-01
5.750000000000099476e-02
3.299999999999982947e-01
8.225000000000015632e-01
5.724999999999980105e-01
2.712500000000002132e+00
2.182499999999997442e+00
2.725000000000008527e-01
1.127500000000001279e+00
1.600000000000001421e-01
3.399999999999998579e-01
4.149999999999991473e-01
3.300000000000018474e-01
2.099999999999972999e-01
1.350000000000015632e-01
9.624999999999985789e-01
3.774999999999977263e-01
1.737499999999997158e+00
1.725000000000029843e-01
4.092500000000001137e+00
2.349999999999994316e-01
3.100000000000022737e-01
7.949999999999981526e-01
2.135000000000001563e+00
2.774999999999998579e-01
6.474999999999972999e-01
5.850000000000008527e-01
5.375000000000014211e-01
3.074999999999974420e-01
1.925000000000025580e-01
9.750000000000014211e-02
3.424999999999975842e-01
3.657499999999998863e+00
7.400000000000019895e-01
6.974999999999980105e-01
2.725000000000008527e-01
8.350000000000008527e-01
1.579999999999998295e+00
9.000000000000021316e-01
4.849999999999994316e-01
1.524999999999998579e+00
1.232500000000001705e+00
4.175000000000004263e-01
3.007500000000000284e+00
3.167500000000000426e+00
4.250000000000007105e-01
2.542499999999996874e+00
1.100000000000001421e+00
2.237500000000000711e+00
2.297499999999999432e+00
5.250000000000198952e-02
1.400000000000005684e-01
3.000000000000113687e-02
1.649999999999991473e-01
1.200000000000009948e-01
3.075000000000009948e-01
1.017499999999998295e+00
2.265000000000000568e+00
1.489999999999998437e+00
7.375000000000007105e-01
1.532500000000002416e+00
1.007499999999996732e+00
1.149999999999998579e+00
5.499999999999971578e-02
9.249999999999758415e-02
2.225000000000001421e-01
6.000000000000227374e-02
1.074999999999981526e-01
4.275000000000019895e-01
5.850000000000008527e-01
4.800000000000004263e-01
9.999999999998010480e-03
6.999999999999992895e-01
4.325000000000009948e-01
1.552499999999998437e+00
9.749999999999978684e-01
6.850000000000022737e-01
5.399999999999991473e-01
3.127499999999997726e+00
3.024999999999984368e-01
4.999999999999005240e-03
7.824999999999988631e-01
3.850000000000015632e-01
1.524999999999998579e-01
3.700000000000009948e-01
5.324999999999988631e-01
9.750000000000014211e-02
2.575000000000002842e-01
1.899999999999977263e-01
4.525000000000005684e-01
3.025000000000019895e-01
3.174999999999990052e-01
2.232500000000001705e+00
1.899999999999998579e+00
9.675000000000011369e-01
1.400000000000002132e+00
3.624999999999971578e-01
8.775000000000012790e-01
4.074999999999988631e-01
1.967500000000001137e+00
8.174999999999990052e-01
2.100000000000008527e-01
2.062500000000000000e+00
2.440000000000001279e+00
8.449999999999988631e-01
2.900000000000027001e-01
2.225000000000001421e+00
1.972500000000000142e+00
1.129999999999999005e+00
5.250000000000198952e-02
1.207499999999999574e+00
1.012499999999999289e+00
2.799999999999975842e-01
8.125000000000000000e-01
1.100000000000029843e-01
1.617499999999999716e+00
1.357500000000001705e+00
3.625000000000007105e-01
9.375000000000000000e-01
1.592500000000001137e+00
9.999999999998010480e-03
7.274999999999991473e-01
1.925000000000000711e+00
3.849999999999980105e-01
1.950000000000002842e-01
3.989999999999998437e+00
9.849999999999994316e-01
1.920000000000001705e+00
8.250000000000312639e-02
2.499999999997726263e-03
