6.575000000000130740e-01
5.124999999999886313e-01
6.400000000000005684e-01
8.325000000000102318e-01
1.199999999999903366e-01
3.375000000000000000e+00
6.999999999999317879e-02
7.750000000000056843e-02
8.249999999999602096e-02
2.025000000000005684e-01
2.499999999999147349e-02
1.070000000000007390e+00
1.447499999999990905e+00
1.204999999999998295e+00
3.024999999999948841e-01
2.500000000000000000e-01
1.410000000000010800e+00
1.749999999999971578e-01
8.249999999999602096e-02
9.749999999999658939e-02
9.250000000000113687e-02
2.025000000000005684e-01
4.999999999999715783e-02
4.150000000000062528e-01
7.924999999999897682e-01
2.300000000000039790e-01
3.599999999999994316e-01
1.150000000000090949e-01
1.049999999999897682e-01
1.099999999999994316e-01
6.000000000000227374e-02
3.850000000000051159e-01
1.007499999999993179e+00
2.000000000001023182e-02
7.249999999999090505e-02
3.000000000000113687e-02
1.449999999999960210e-01
6.250000000000000000e-02
1.050000000000039790e-01
6.749999999999545253e-02
9.100000000000108002e-01
9.149999999999920419e-01
1.730000000000003979e+00
3.474999999999965894e-01
2.499999999997726263e-03
1.250000000000000000e-01
3.924999999999982947e-01
1.274999999999977263e-01
5.224999999999937472e-01
1.825000000000045475e-01
1.357500000000001705e+00
6.250000000000000000e-02
1.749999999999829470e-02
1.325000000000073896e-01
5.724999999999909051e-01
9.074999999999988631e-01
2.275000000000062528e-01
6.850000000000022737e-01
4.449999999999931788e-01
2.250000000000085265e-01
7.025000000000005684e-01
1.150000000000090949e-01
6.449999999999960210e-01
8.249999999999602096e-02
9.424999999999954525e-01
9.500000000001307399e-02
2.500000000000000000e-01
2.949999999999874944e-01
4.550000000000125056e-01
5.124999999999886313e-01
1.590000000000003411e+00
7.450000000000045475e-01
1.024999999999920419e-01
3.000000000000113687e-01
3.750000000000000000e-01
2.399999999999948841e-01
7.874999999999943157e-01
1.897499999999993747e+00
1.200000000000045475e-01
2.499999999997726263e-03
1.075000000000017053e-01
7.250000000000511591e-02
3.224999999999909051e-01
3.500000000000085265e-01
5.249999999999488409e-02
3.000000000000113687e-02
8.049999999999926104e-01
5.150000000000005684e-01
6.825000000000045475e-01
1.272499999999993747e+00
5.700000000000073896e-01
5.900000000000034106e-01
1.024999999999920419e-01
8.249999999999602096e-02
6.525000000000034106e-01
1.500000000000000000e+00
3.299999999999982947e-01
4.025000000000034106e-01
2.399999999999948841e-01
6.175000000000068212e-01
2.300000000000039790e-01
1.175000000000068212e-01
5.349999999999965894e-01
1.137500000000002842e+00
1.049999999999897682e-01
5.324999999999988631e-01
9.375000000000000000e-01
8.500000000000795808e-02
7.500000000000284217e-02
1.474999999999937472e-01
1.250000000000000000e-01
1.525000000000034106e-01
1.550000000000011369e-01
1.504999999999995453e+00
6.274999999999977263e-01
4.775000000000062528e-01
2.149999999999891998e-01
1.500000000000056843e-02
3.050000000000068212e-01
1.924999999999954525e-01
7.250000000000511591e-02
2.099999999999937472e-01
9.250000000000113687e-02
3.700000000000045475e-01
2.194999999999993179e+00
3.075000000000045475e-01
2.800000000000011369e-01
4.449999999999931788e-01
1.149999999999948841e-01
2.500000000000568434e-02
1.400000000000005684e-01
1.250000000000284217e-02
1.050000000000039790e-01
3.100000000000022737e-01
1.250000000000284217e-02
7.099999999999937472e-01
3.949999999999960210e-01
9.300000000000068212e-01
2.450000000000045475e-01
7.999999999999971578e-01
1.700000000000017053e-01
2.524999999999977263e-01
6.724999999999994316e-01
1.574999999999988631e-01
1.400000000000005684e-01
5.249999999999488409e-02
3.500000000001080025e-02
5.749999999999033662e-02
8.075000000000045475e-01
1.084999999999993747e+00
2.265000000000000568e+00
3.025000000000090949e-01
4.250000000000397904e-02
4.699999999999988631e-01
6.250000000000000000e-02
7.249999999999090505e-02
7.175000000000011369e-01
4.549999999999982947e-01
1.099999999999994316e-01
1.225000000000022737e-01
4.975000000000022737e-01
3.449999999999988631e-01
2.000000000000028422e-01
1.899999999999977263e-01
1.177499999999994884e+00
1.050000000000039790e-01
1.449999999999960210e-01
3.750000000000852651e-02
3.425000000000011369e-01
1.824999999999903366e-01
3.075000000000045475e-01
7.999999999999829470e-02
6.400000000000005684e-01
1.382500000000007390e+00
1.449999999999960210e-01
1.200000000000045475e-01
2.249999999999943157e-01
6.700000000000017053e-01
1.322500000000005116e+00
4.099999999999965894e-01
3.150000000000119371e-01
7.599999999999909051e-01
4.275000000000090949e-01
1.072499999999990905e+00
4.150000000000062528e-01
5.999999999998806288e-02
5.975000000000108002e-01
4.975000000000022737e-01
9.649999999999891998e-01
1.800000000000068212e-01
4.224999999999994316e-01
5.275000000000034106e-01
5.324999999999988631e-01
4.449999999999931788e-01
1.239999999999994884e+00
1.825000000000045475e-01
8.249999999999602096e-02
5.425000000000039790e-01
6.074999999999874944e-01
1.685000000000002274e+00
6.800000000000068212e-01
1.060000000000002274e+00
1.352499999999992042e+00
3.000000000000113687e-02
5.500000000000682121e-02
1.500000000000056843e-02
5.999999999999943157e-01
2.349999999999994316e-01
4.275000000000090949e-01
2.349999999999994316e-01
8.725000000000022737e-01
4.050000000000011369e-01
3.974999999999937472e-01
9.275000000000090949e-01
4.599999999999937472e-01
2.499999999997726263e-03
2.750000000000056843e-01
2.724999999999937472e-01
1.550000000000011369e-01
3.924999999999982947e-01
6.000000000000085265e-01
4.500000000000170530e-02
2.274999999999920419e-01
1.250000000000000000e-01
5.750000000000454747e-02
3.199999999999931788e-01
1.500000000000056843e-02
1.750000000001250555e-02
1.147499999999993747e+00
1.327500000000000568e+00
7.549999999999954525e-01
2.699999999999960210e-01
8.325000000000102318e-01
6.250000000000000000e-02
3.399999999999891998e-01
1.424999999999982947e-01
7.750000000000056843e-02
2.250000000000795808e-02
9.000000000000341061e-02
3.924999999999982947e-01
1.090000000000003411e+00
4.274999999999948841e-01
2.524999999999977263e-01
6.724999999999994316e-01
6.350000000000051159e-01
4.500000000000170530e-02
1.250000000000000000e-01
1.027500000000003411e+00
1.750000000000113687e-01
7.650000000000005684e-01
1.029999999999986926e+00
8.399999999999891998e-01
1.750000000000113687e-01
9.274999999999948841e-01
7.150000000000034106e-01
5.750000000000454747e-02
6.749999999999971578e-01
6.925000000000096634e-01
1.202499999999986358e+00
8.575000000000017053e-01
7.750000000000056843e-02
2.724999999999937472e-01
4.150000000000062528e-01
2.000000000000028422e-01
1.624999999999943157e-01
1.997500000000002274e+00
7.650000000000005684e-01
1.175000000000068212e-01
1.215000000000003411e+00
8.974999999999937472e-01
6.800000000000068212e-01
3.624999999999971578e-01
1.250000000000284217e-02
7.524999999999977263e-01
3.149999999999977263e-01
1.850000000000022737e-01
7.750000000000056843e-02
1.442499999999995453e+00
1.800000000000068212e-01
4.749999999999943157e-01
4.999999999999715783e-02
6.925000000000096634e-01
9.999999999999431566e-02
3.675000000000068212e-01
4.999999999995452526e-03
1.975000000000051159e-01
1.074999999999874944e-01
1.625000000000085265e-01
4.999999999999715783e-02
3.149999999999977263e-01
1.950000000000073896e-01
7.750000000000056843e-02
1.312500000000000000e+00
9.649999999999891998e-01
2.450000000000045475e-01
1.525000000000034106e-01
5.049999999999954525e-01
9.499999999999886313e-02
7.250000000000511591e-02
1.000000000000511591e-02
4.999999999995452526e-03
1.999999999999602096e-02
1.749999999999971578e-01
2.500000000011937118e-03
7.950000000000017053e-01
8.074999999999903366e-01
1.150000000000090949e-01
2.650000000000005684e-01
2.599999999999909051e-01
5.275000000000034106e-01
3.949999999999960210e-01
2.575000000000073896e-01
4.999999999995452526e-03
3.125000000000000000e-01
3.249999999999886313e-02
1.250000000000284217e-02
2.499999999997726263e-03
8.499999999999943157e-01
3.625000000000113687e-01
1.907499999999998863e+00
7.524999999999977263e-01
7.800000000000011369e-01
7.800000000000011369e-01
6.124999999999971578e-01
1.350000000000051159e-01
3.575000000000017053e-01
1.415000000000006253e+00
5.850000000000079581e-01
1.825000000000002842e+00
9.999999999990905053e-03
5.324999999999988631e-01
2.000000000001023182e-02
3.149999999999977263e-01
1.999999999999602096e-02
2.049999999999982947e-01
5.750000000000454747e-02
1.250000000000000000e-01
3.125000000000000000e-01
1.394999999999996021e+00
1.500000000000056843e-02
1.099999999999994316e-01
1.774999999999948841e-01
5.100000000000051159e-01
1.025000000000062528e-01
6.949999999999931788e-01
2.775000000000034106e-01
3.499999999999658939e-02
3.700000000000045475e-01
4.025000000000034106e-01
3.449999999999988631e-01
6.424999999999982947e-01
8.249999999999602096e-02
5.750000000000028422e-01
4.574999999999960210e-01
2.125000000000056843e-01
4.000000000000625278e-02
1.592500000000001137e+00
1.250000000000000000e-01
1.600000000000108002e-01
6.949999999999931788e-01
6.574999999999988631e-01
2.199999999999988631e-01
6.799999999999926104e-01
2.325000000000017053e-01
4.600000000000079581e-01
3.599999999999994316e-01
3.125000000000000000e-01
6.749999999999545253e-02
6.499999999999772626e-02
5.425000000000039790e-01
4.500000000000170530e-02
1.599999999999965894e-01
7.999999999999829470e-02
5.724999999999909051e-01
3.225000000000051159e-01
4.974999999999880629e-01
1.320000000000007390e+00
3.049999999999926104e-01
2.250000000000795808e-02
1.165000000000006253e+00
4.825000000000017053e-01
1.824999999999903366e-01
2.300000000000039790e-01
5.975000000000108002e-01
7.499999999993178790e-03
9.775000000000062528e-01
5.499999999999971578e-01
2.374999999999971578e-01
2.325000000000017053e-01
1.725000000000008527e+00
1.724999999999994316e-01
3.949999999999960210e-01
7.524999999999977263e-01
7.724999999999937472e-01
2.625000000000028422e-01
2.625000000000028422e-01
1.442500000000009663e+00
8.024999999999948841e-01
4.375000000000000000e-01
2.099999999999937472e-01
3.449999999999988631e-01
1.400000000000005684e-01
2.100000000000079581e-01
1.375000000000028422e-01
4.999999999999715783e-02
1.250000000000284217e-02
4.174999999999897682e-01
8.950000000000102318e-01
5.999999999998806288e-02
7.049999999999982947e-01
6.474999999999937472e-01
3.075000000000045475e-01
1.724999999999994316e-01
1.057500000000004547e+00
2.175000000000011369e-01
2.224999999999965894e-01
2.950000000000017053e-01
3.199999999999931788e-01
1.850000000000022737e-01
1.077500000000000568e+00
2.849999999999965894e-01
1.950000000000073896e-01
1.375000000000028422e-01
1.724999999999994316e-01
1.749999999999971578e-01
2.000000000000028422e-01
2.950000000000017053e-01
1.499999999999914735e-01
2.800000000000011369e-01
6.800000000000068212e-01
1.257500000000007390e+00
4.849999999999994316e-01
1.875000000000000000e-01
1.400000000000005684e-01
1.359999999999999432e+00
1.154999999999986926e+00
7.750000000000056843e-02
1.060000000000002274e+00
3.475000000000108002e-01
2.599999999999909051e-01
5.375000000000085265e-01
2.999999999998692601e-02
1.200000000000045475e-01
1.525000000000034106e-01
7.999999999999829470e-02
1.250000000000284217e-02
3.999999999999204192e-02
6.375000000000028422e-01
2.357500000000001705e+00
3.425000000000011369e-01
1.949999999999931788e-01
4.749999999999943157e-02
4.250000000000397904e-02
1.412499999999994316e+00
1.307500000000004547e+00
1.050000000000039790e-01
4.324999999999903366e-01
1.125000000000113687e-01
4.999999999999715783e-02
2.750000000000341061e-02
1.149999999999991473e+00
7.100000000000079581e-01
1.250000000000000000e-01
5.824999999999960210e-01
9.325000000000045475e-01
2.500000000000000000e-01
2.024999999999991473e+00
1.400000000000005684e-01
5.925000000000011369e-01
1.749999999999971578e-01
2.125000000000056843e-01
7.099999999999937472e-01
4.925000000000068212e-01
8.275000000000005684e-01
6.499999999999772626e-02
2.599999999999909051e-01
6.900000000000119371e-01
3.624999999999971578e-01
3.725000000000022737e-01
1.017499999999998295e+00
6.749999999999545253e-02
7.999999999999829470e-02
5.500000000000682121e-02
7.999999999999829470e-02
1.400000000000005684e-01
5.450000000000017053e-01
3.825000000000073896e-01
1.200000000000045475e-01
1.177499999999994884e+00
2.525000000000119371e-01
5.949999999999988631e-01
8.699999999999903366e-01
1.102500000000006253e+00
1.899999999999977263e-01
1.730000000000003979e+00
1.124999999999971578e-01
2.424999999999926104e-01
3.499999999999658939e-02
2.100000000000079581e-01
3.449999999999988631e-01
2.249999999999943157e-01
7.750000000000056843e-02
1.550000000000011369e-01
5.600000000000022737e-01
4.749999999999943157e-02
1.825000000000045475e-01
1.999999999999602096e-02
4.424999999999954525e-01
5.250000000000909495e-02
4.724999999999965894e-01
3.649999999999948841e-01
3.500000000001080025e-02
4.424999999999954525e-01
2.224999999999965894e-01
2.199999999999988631e-01
5.250000000000909495e-02
2.074999999999960210e-01
4.600000000000079581e-01
8.700000000000045475e-01
6.049999999999897682e-01
9.200000000000017053e-01
1.137500000000002842e+00
2.475000000000022737e-01
1.099999999999994316e-01
1.232500000000001705e+00
1.069999999999993179e+00
4.249999999999971578e-01
7.100000000000079581e-01
4.224999999999994316e-01
3.249999999999886313e-02
1.870000000000004547e+00
6.499999999999772626e-02
2.249999999999374722e-02
1.950000000000073896e-01
5.174999999999982947e-01
3.275000000000005684e-01
8.725000000000022737e-01
3.525000000000062528e-01
6.899999999999977263e-01
4.200000000000017053e-01
9.600000000000079581e-01
4.599999999999937472e-01
2.499999999997726263e-03
2.199999999999988631e-01
1.724999999999994316e-01
7.250000000000511591e-02
1.179999999999992610e+00
4.574999999999960210e-01
7.999999999999829470e-02
2.450000000000045475e-01
3.400000000000034106e-01
9.650000000000034106e-01
5.249999999999488409e-02
2.450000000000045475e-01
2.499999999997726263e-03
2.125000000000056843e-01
9.124999999999943157e-01
1.000000000000085265e-01
1.062500000000000000e+00
6.299999999999954525e-01
1.574999999999988631e-01
1.375000000000028422e-01
2.499999999997726263e-03
2.074999999999960210e-01
7.500000000007389644e-03
5.900000000000034106e-01
1.855000000000003979e+00
6.524999999999891998e-01
2.000000000000028422e-01
5.249999999999488409e-02
1.300000000000096634e-01
1.399999999999991473e+00
4.999999999999715783e-02
1.424999999999982947e-01
1.097499999999996589e+00
6.250000000000000000e-01
8.125000000000000000e-01
1.099999999999994316e-01
2.349999999999994316e-01
2.074999999999960210e-01
2.775000000000034106e-01
2.425000000000068212e-01
1.099999999999994316e-01
9.849999999999994316e-01
5.674999999999954525e-01
1.225000000000008527e+00
2.499999999999147349e-02
5.600000000000022737e-01
5.849999999999937472e-01
7.275000000000062528e-01
1.087499999999991473e+00
1.225000000000022737e-01
4.825000000000017053e-01
5.374999999999943157e-01
9.200000000000017053e-01
3.525000000000062528e-01
1.549999999999869260e-01
2.062500000000000000e+00
9.375000000000000000e-01
1.687500000000000000e+00
3.149999999999977263e-01
1.250000000000284217e-02
7.025000000000005684e-01
1.500000000000056843e-02
6.675000000000039790e-01
1.609999999999999432e+00
1.075000000000017053e-01
6.075000000000017053e-01
3.900000000000005684e-01
6.850000000000022737e-01
5.474999999999994316e-01
1.000000000000511591e-02
5.524999999999948841e-01
7.950000000000017053e-01
5.750000000000454747e-02
8.749999999999147349e-02
1.512500000000002842e+00
2.800000000000011369e-01
2.974999999999994316e-01
2.175000000000011369e-01
4.474999999999909051e-01
2.150000000000034106e-01
2.575000000000073896e-01
5.499999999999261036e-02
8.999999999998919975e-02
3.000000000000113687e-02
6.350000000000051159e-01
1.465000000000003411e+00
2.099999999999937472e-01
2.450000000000045475e-01
8.750000000000568434e-02
8.749999999999147349e-02
4.750000000000085265e-01
8.499999999999374722e-02
4.600000000000079581e-01
9.999999999990905053e-03
5.174999999999982947e-01
3.525000000000062528e-01
9.499999999999886313e-02
1.107500000000001705e+00
1.724999999999994316e-01
5.249999999999488409e-02
1.925000000000096634e-01
2.499999999999147349e-02
2.725000000000079581e-01
7.800000000000011369e-01
1.175000000000068212e-01
5.674999999999954525e-01
8.550000000000039790e-01
2.349999999999994316e-01
1.274999999999977263e-01
2.325000000000017053e-01
4.950000000000045475e-01
1.224999999999880629e-01
4.500000000000170530e-02
6.000000000000227374e-02
8.750000000000000000e-01
7.524999999999977263e-01
2.025000000000005684e-01
6.324999999999931788e-01
1.599999999999965894e-01
1.075000000000017053e-01
1.850000000000022737e-01
1.032499999999998863e+00
1.225000000000022737e-01
6.299999999999954525e-01
2.275000000000062528e-01
1.000000000000000000e+00
5.225000000000079581e-01
2.824999999999988631e-01
3.000000000000113687e-01
7.249999999999090505e-02
6.175000000000068212e-01
3.449999999999988631e-01
1.924999999999954525e-01
4.975000000000022737e-01
1.117500000000006821e+00
1.599999999999965894e-01
2.150000000000034106e-01
4.499999999998749445e-02
1.750000000001250555e-02
1.749999999999829470e-02
6.999999999999317879e-02
1.999999999999602096e-02
4.350000000000022737e-01
8.449999999999988631e-01
2.750000000000056843e-01
6.724999999999994316e-01
3.224999999999909051e-01
4.874999999999971578e-01
4.425000000000096634e-01
5.949999999999988631e-01
4.574999999999960210e-01
2.049999999999982947e-01
8.725000000000022737e-01
6.325000000000073896e-01
6.250000000000000000e-01
1.260000000000005116e+00
8.400000000000034106e-01
1.749999999999829470e-02
2.175000000000011369e-01
6.424999999999982947e-01
3.324999999999960210e-01
1.950000000000073896e-01
3.425000000000011369e-01
2.175000000000011369e-01
1.424999999999982947e-01
5.300000000000011369e-01
9.749999999999658939e-02
9.874999999999971578e-01
2.150000000000034106e-01
3.499999999999658939e-02
2.000000000000028422e-01
2.824999999999988631e-01
7.699999999999960210e-01
1.150000000000090949e-01
3.400000000000034106e-01
1.039999999999992042e+00
1.050000000000039790e-01
5.224999999999937472e-01
8.449999999999988631e-01
3.624999999999971578e-01
8.525000000000062528e-01
1.149999999999948841e-01
3.650000000000090949e-01
2.699999999999960210e-01
5.674999999999954525e-01
7.750000000000056843e-01
1.200000000000045475e-01
2.349999999999994316e-01
3.875000000000028422e-01
3.774999999999977263e-01
1.500000000000056843e-02
1.594999999999998863e+00
2.750000000000056843e-01
2.800000000000011369e-01
1.599999999999965894e-01
2.325000000000017053e-01
3.074999999999903366e-01
2.150000000000034106e-01
1.574999999999988631e-01
1.305000000000006821e+00
3.624999999999971578e-01
6.250000000000000000e-02
1.599999999999965894e-01
2.900000000000062528e-01
3.000000000000113687e-02
2.474999999999880629e-01
3.725000000000022737e-01
1.975000000000051159e-01
1.149999999999948841e-01
4.650000000000034106e-01
9.874999999999971578e-01
5.875000000000056843e-01
2.519999999999996021e+00
6.250000000000000000e-02
1.275000000000119371e-01
3.474999999999965894e-01
5.749999999999033662e-02
5.625000000000000000e-01
1.274999999999991473e+00
5.225000000000079581e-01
3.374999999999914735e-01
1.140000000000000568e+00
8.749999999999147349e-02
1.500000000000056843e-01
1.222499999999996589e+00
1.402500000000003411e+00
1.174999999999926104e-01
2.499999999997726263e-03
1.989999999999994884e+00
4.050000000000011369e-01
2.499999999997726263e-03
5.275000000000034106e-01
3.374999999999914735e-01
7.049999999999982947e-01
2.475000000000022737e-01
5.300000000000011369e-01
1.949999999999931788e-01
6.475000000000079581e-01
1.550000000000011369e-01
3.725000000000022737e-01
3.225000000000051159e-01
3.399999999999891998e-01
1.099999999999994316e-01
7.974999999999994316e-01
3.100000000000022737e-01
4.724999999999965894e-01
5.250000000000056843e-01
4.149999999999920419e-01
1.450000000000102318e-01
9.525000000000005684e-01
2.499999999997726263e-03
1.004999999999995453e+00
1.175000000000068212e-01
1.250000000000000000e-01
4.724999999999965894e-01
5.749999999999033662e-02
1.675000000000039790e-01
7.250000000000511591e-02
2.699999999999960210e-01
6.950000000000073896e-01
3.724999999999880629e-01
2.000000000001023182e-02
1.774999999999948841e-01
9.099999999999965894e-01
8.250000000000028422e-01
2.900000000000062528e-01
1.749999999999829470e-02
1.500000000000056843e-02
4.150000000000062528e-01
4.950000000000045475e-01
1.312500000000000000e+00
7.599999999999909051e-01
3.375000000000056843e-01
3.125000000000000000e-01
1.174999999999926104e-01
1.145000000000010232e+00
1.199999999999903366e-01
3.625000000000113687e-01
4.024999999999891998e-01
7.125000000000056843e-01
1.550000000000011369e-01
8.499999999999374722e-02
3.275000000000005684e-01
6.775000000000090949e-01
1.009999999999990905e+00
2.175000000000011369e-01
4.750000000000085265e-01
1.999999999999602096e-02
2.275000000000062528e-01
1.624999999999943157e-01
4.999999999995452526e-03
1.124999999999971578e-01
5.075000000000073896e-01
4.924999999999926104e-01
7.349999999999994316e-01
1.225000000000022737e-01
8.574999999999874944e-01
1.285000000000010800e+00
3.900000000000005684e-01
2.124999999999914735e-01
7.500000000000284217e-02
9.999999999999431566e-02
1.875000000000000000e-01
4.325000000000045475e-01
1.005000000000009663e+00
4.249999999999971578e-01
2.499999999997726263e-03
1.474999999999937472e-01
4.025000000000034106e-01
5.999999999999943157e-01
7.800000000000011369e-01
1.314999999999997726e+00
7.524999999999977263e-01
4.899999999999948841e-01
3.700000000000045475e-01
3.349999999999937472e-01
2.475000000000022737e-01
9.324999999999903366e-01
2.199999999999988631e-01
7.625000000000028422e-01
4.074999999999988631e-01
1.147499999999993747e+00
8.575000000000017053e-01
2.199999999999988631e-01
1.295000000000001705e+00
3.625000000000113687e-01
4.624999999999914735e-01
6.150000000000090949e-01
9.024999999999891998e-01
7.550000000000096634e-01
4.149999999999920419e-01
1.250000000000284217e-02
6.825000000000045475e-01
3.349999999999937472e-01
5.925000000000011369e-01
7.075000000000102318e-01
3.024999999999948841e-01
4.999999999999715783e-02
6.800000000000068212e-01
4.974999999999880629e-01
3.000000000000113687e-02
2.525000000000119371e-01
1.849999999999880629e-01
1.125000000000113687e-01
3.800000000000096634e-01
5.625000000000000000e-01
8.575000000000017053e-01
6.199999999999903366e-01
2.175000000000011369e-01
5.500000000000682121e-02
5.450000000000017053e-01
7.424999999999926104e-01
4.874999999999971578e-01
2.500000000000000000e-01
4.049999999999869260e-01
6.250000000000000000e-02
1.950000000000073896e-01
1.225000000000022737e-01
8.074999999999903366e-01
2.000000000000028422e-01
1.749999999999971578e-01
1.530000000000001137e+00
6.124999999999971578e-01
2.499999999997726263e-03
6.299999999999954525e-01
6.099999999999994316e-01
1.600000000000108002e-01
1.649999999999920419e-01
2.974999999999994316e-01
3.525000000000062528e-01
1.474999999999937472e-01
2.025000000000005684e-01
1.550000000000011369e-01
9.250000000000113687e-02
3.974999999999937472e-01
1.450000000000102318e-01
1.174999999999926104e-01
7.500000000007389644e-03
7.499999999993178790e-03
2.000000000001023182e-02
4.999999999995452526e-03
6.825000000000045475e-01
1.007499999999993179e+00
4.300000000000068212e-01
2.500000000000000000e-01
4.325000000000045475e-01
1.274999999999977263e-01
2.349999999999994316e-01
1.025000000000062528e-01
5.649999999999977263e-01
7.175000000000011369e-01
6.250000000000000000e-02
2.699999999999960210e-01
1.010000000000005116e+00
6.499999999999772626e-02
1.717500000000001137e+00
1.050000000000039790e-01
5.375000000000085265e-01
1.500000000000056843e-02
6.099999999999994316e-01
8.550000000000039790e-01
3.499999999999943157e-01
3.649999999999948841e-01
1.097499999999996589e+00
1.050000000000039790e-01
1.349999999999909051e-01
5.024999999999977263e-01
5.200000000000102318e-01
1.474999999999937472e-01
1.000000000000511591e-02
8.249999999999602096e-02
1.775000000000090949e-01
5.200000000000102318e-01
1.599999999999965894e-01
4.250000000000397904e-02
5.574999999999903366e-01
7.700000000000102318e-01
3.974999999999937472e-01
2.500000000000568434e-02
7.374999999999971578e-01
1.504999999999995453e+00
7.250000000000511591e-02
9.549999999999982947e-01
5.699999999999931788e-01
4.999999999999715783e-02
4.825000000000017053e-01
7.950000000000017053e-01
2.575000000000073896e-01
8.999999999998919975e-02
5.999999999998806288e-02
3.750000000000000000e-01
1.000000000000000000e+00
2.049999999999982947e-01
5.400000000000062528e-01
1.375000000000028422e-01
3.024999999999948841e-01
1.999999999999602096e-02
3.500000000001080025e-02
1.949999999999931788e-01
5.000000000009663381e-03
1.574999999999988631e-01
7.500000000007389644e-03
6.149999999999948841e-01
4.375000000000000000e-01
5.200000000000102318e-01
1.375000000000028422e-01
2.049999999999982947e-01
4.474999999999909051e-01
1.000000000000085265e-01
3.524999999999920419e-01
7.374999999999971578e-01
5.000000000001136868e-02
1.034999999999996589e+00
2.650000000000005684e-01
6.949999999999931788e-01
7.500000000007389644e-03
2.249999999999943157e-01
6.499999999999772626e-02
1.900000000000119371e-01
1.649999999999920419e-01
2.199999999999988631e-01
1.724999999999994316e-01
1.074999999999874944e-01
2.200000000000130740e-01
3.125000000000000000e-01
1.219999999999998863e+00
2.599999999999909051e-01
9.550000000000125056e-01
7.174999999999869260e-01
7.500000000007389644e-03
5.549999999999926104e-01
4.249999999999971578e-01
7.325000000000017053e-01
1.724999999999994316e-01
8.250000000000028422e-01
4.525000000000005684e-01
6.099999999999994316e-01
9.924999999999926104e-01
1.170000000000001705e+00
3.850000000000051159e-01
1.949999999999931788e-01
8.499999999999943157e-01
8.299999999999982947e-01
5.375000000000085265e-01
3.999999999999914735e-01
1.424999999999982947e-01
8.750000000000568434e-02
4.124999999999943157e-01
2.099999999999937472e-01
6.000000000000227374e-02
3.575000000000017053e-01
1.457499999999996021e+00
2.600000000000051159e-01
9.275000000000090949e-01
8.499999999999374722e-02
1.000000000000085265e-01
2.699999999999960210e-01
1.774999999999948841e-01
1.064999999999997726e+00
2.500000000000568434e-02
1.025000000000062528e-01
7.249999999999090505e-02
3.975000000000079581e-01
7.499999999993178790e-03
5.249999999999488409e-02
2.500000000011937118e-03
3.249999999999886313e-02
1.540000000000006253e+00
8.674999999999926104e-01
7.425000000000068212e-01
1.382499999999993179e+00
3.249999999999886313e-02
2.125000000000056843e-01
2.824999999999988631e-01
2.600000000000051159e-01
7.774999999999891998e-01
3.300000000000125056e-01
1.049999999999897682e-01
2.974999999999994316e-01
3.175000000000096634e-01
1.199999999999903366e-01
7.625000000000028422e-01
1.225000000000022737e-01
3.499999999999658939e-02
2.224999999999965894e-01
2.450000000000045475e-01
7.625000000000028422e-01
1.524999999999891998e-01
1.825000000000045475e-01
1.274999999999977263e-01
6.525000000000034106e-01
9.999999999999431566e-02
3.000000000000113687e-02
4.000000000000056843e-01
8.499999999999374722e-02
7.500000000007389644e-03
4.774999999999920419e-01
2.025000000000005684e-01
2.175000000000011369e-01
2.950000000000017053e-01
7.900000000000062528e-01
1.149999999999948841e-01
3.225000000000051159e-01
6.525000000000034106e-01
2.150000000000034106e-01
1.677499999999994884e+00
3.050000000000068212e-01
1.099999999999994316e-01
5.249999999999488409e-02
4.125000000000085265e-01
1.749999999999829470e-02
6.350000000000051159e-01
5.824999999999960210e-01
7.249999999999090505e-02
7.575000000000073896e-01
7.500000000000284217e-02
2.549999999999954525e-01
4.325000000000045475e-01
3.224999999999909051e-01
6.000000000000227374e-02
8.449999999999988631e-01
4.724999999999965894e-01
7.475000000000022737e-01
2.750000000000341061e-02
1.200000000000045475e-01
3.149999999999977263e-01
2.524999999999977263e-01
1.325000000000073896e-01
1.324999999999931788e-01
5.425000000000039790e-01
9.074999999999988631e-01
1.500000000000056843e-02
1.072499999999990905e+00
1.175000000000068212e-01
8.599999999999994316e-01
1.225000000000022737e-01
3.424999999999869260e-01
6.625000000000085265e-01
7.199999999999988631e-01
1.174999999999926104e-01
3.375000000000056843e-01
1.749999999999829470e-02
2.399999999999948841e-01
4.450000000000073896e-01
3.499999999999658939e-02
1.225000000000022737e-01
4.574999999999960210e-01
7.049999999999982947e-01
1.749999999999829470e-02
4.999999999999715783e-02
2.300000000000039790e-01
1.175000000000068212e-01
2.899999999999920419e-01
1.344999999999998863e+00
2.950000000000017053e-01
2.475000000000022737e-01
3.100000000000022737e-01
1.999999999999602096e-02
7.500000000007389644e-03
2.824999999999988631e-01
9.249999999999971578e-01
2.049999999999982947e-01
2.849999999999965894e-01
4.350000000000022737e-01
1.525000000000034106e-01
1.400000000000005684e-01
4.899999999999948841e-01
1.150000000000090949e-01
8.725000000000022737e-01
3.675000000000068212e-01
6.224999999999880629e-01
2.325000000000017053e-01
1.124999999999971578e-01
5.900000000000034106e-01
7.049999999999982947e-01
5.900000000000034106e-01
3.649999999999948841e-01
1.850000000000022737e-01
6.550000000000011369e-01
4.275000000000090949e-01
1.974999999999909051e-01
6.500000000001193712e-02
1.250000000000000000e-01
4.375000000000000000e-01
8.900000000000005684e-01
1.174999999999926104e-01
2.374999999999971578e-01
1.525000000000034106e-01
6.500000000000056843e-01
6.299999999999954525e-01
2.699999999999960210e-01
7.475000000000022737e-01
1.449999999999960210e-01
1.200000000000045475e-01
2.049999999999982947e-01
6.700000000000017053e-01
1.424999999999982947e-01
9.500000000001307399e-02
1.549999999999869260e-01
7.500000000000284217e-02
7.775000000000034106e-01
9.499999999999886313e-02
4.775000000000062528e-01
1.500000000000056843e-02
4.499999999998749445e-02
9.750000000001080025e-02
1.474999999999937472e-01
1.200000000000045475e-01
5.174999999999982947e-01
8.149999999999977263e-01
2.549999999999954525e-01
1.350000000000051159e-01
1.550000000000011369e-01
5.799999999999982947e-01
4.024999999999891998e-01
5.500000000000682121e-02
6.149999999999948841e-01
3.650000000000090949e-01
4.249999999998976818e-02
6.500000000001193712e-02
1.174999999999926104e-01
2.150000000000034106e-01
9.424999999999954525e-01
1.025000000000062528e-01
5.224999999999937472e-01
5.075000000000073896e-01
4.975000000000022737e-01
2.674999999999982947e-01
2.325000000000017053e-01
1.500000000000056843e-02
1.314999999999997726e+00
3.174999999999954525e-01
1.875000000000000000e-01
2.525000000000119371e-01
9.274999999999948841e-01
4.175000000000039790e-01
2.074999999999960210e-01
5.125000000000028422e-01
2.749999999999914735e-01
7.500000000007389644e-03
3.999999999999204192e-02
9.750000000001080025e-02
2.574999999999931788e-01
1.299999999999954525e-01
3.425000000000011369e-01
8.125000000000000000e-01
5.474999999999994316e-01
7.500000000007389644e-03
1.174999999999926104e-01
9.099999999999965894e-01
2.249999999999374722e-02
1.250000000000284217e-02
5.600000000000022737e-01
2.775000000000034106e-01
3.649999999999948841e-01
1.825000000000045475e-01
1.152500000000003411e+00
9.749999999999658939e-02
1.250000000000000000e-01
1.250000000000000000e-01
4.449999999999931788e-01
4.950000000000045475e-01
2.999999999999971578e-01
6.175000000000068212e-01
2.374999999999971578e-01
8.550000000000039790e-01
5.500000000000682121e-02
3.974999999999937472e-01
2.499999999997726263e-03
9.549999999999982947e-01
4.624999999999914735e-01
2.399999999999948841e-01
5.200000000000102318e-01
1.749999999999829470e-02
4.124999999999943157e-01
3.624999999999971578e-01
1.250000000000284217e-02
1.250000000000284217e-02
5.575000000000045475e-01
2.099999999999937472e-01
1.200000000000045475e-01
3.249999999999886313e-02
9.749999999999658939e-02
2.500000000000568434e-02
7.499999999998863132e-02
5.000000000001136868e-02
1.249999999998863132e-02
5.000000000009663381e-03
1.674999999999897682e-01
5.300000000000011369e-01
6.099999999999994316e-01
4.000000000000625278e-02
4.449999999999931788e-01
7.775000000000034106e-01
9.000000000000341061e-02
9.499999999999886313e-02
9.925000000000068212e-01
2.249999999999943157e-01
3.700000000000045475e-01
1.299999999999954525e-01
9.000000000000341061e-02
4.074999999999988631e-01
6.999999999999317879e-02
8.750000000000568434e-02
1.040000000000006253e+00
5.499999999999261036e-02
1.675000000000039790e-01
8.750000000000568434e-02
9.250000000000113687e-02
5.299999999999869260e-01
1.800000000000068212e-01
3.825000000000073896e-01
7.750000000000056843e-02
8.875000000000028422e-01
7.650000000000005684e-01
1.999999999999602096e-02
7.500000000000284217e-02
5.925000000000011369e-01
2.849999999999965894e-01
3.949999999999960210e-01
3.024999999999948841e-01
4.600000000000079581e-01
1.099999999999994316e-01
7.074999999999960210e-01
2.274999999999920419e-01
2.275000000000062528e-01
1.299999999999954525e-01
1.037500000000008527e+00
5.750000000000028422e-01
4.324999999999903366e-01
2.499999999997726263e-03
1.425000000000125056e-01
7.999999999999829470e-02
3.374999999999914735e-01
2.625000000000028422e-01
4.549999999999982947e-01
2.325000000000017053e-01
1.599999999999965894e-01
4.050000000000011369e-01
2.849999999999965894e-01
6.175000000000068212e-01
8.974999999999937472e-01
1.574999999999988631e-01
7.274999999999920419e-01
1.574999999999988631e-01
3.025000000000090949e-01
3.425000000000011369e-01
2.325000000000017053e-01
4.224999999999994316e-01
2.574999999999931788e-01
2.150000000000034106e-01
1.107500000000001705e+00
2.950000000000017053e-01
8.900000000000005684e-01
3.499999999999658939e-02
4.224999999999994316e-01
1.000000000000511591e-02
3.249999999999886313e-02
7.050000000000125056e-01
2.424999999999926104e-01
1.774999999999948841e-01
5.250000000000909495e-02
3.449999999999988631e-01
1.599999999999965894e-01
2.425000000000068212e-01
1.374999999999886313e-01
4.275000000000090949e-01
4.174999999999897682e-01
4.500000000000170530e-02
1.650000000000062528e-01
3.599999999999994316e-01
6.999999999999317879e-02
1.500000000000056843e-01
9.999999999990905053e-03
1.500000000000056843e-02
4.125000000000085265e-01
2.824999999999988631e-01
1.274999999999977263e-01
3.425000000000011369e-01
1.199999999999903366e-01
1.350000000000051159e-01
1.550000000000011369e-01
1.500000000000056843e-02
