1.292168674698796593e+00
3.283132530120482784e-01
8.433734939759034432e-01
3.524096385542154763e-01
7.861445783132534615e-01
2.500000000000000000e-01
7.018072289156620513e-01
5.451807228915654946e-01
2.168674698795189926e-01
4.307228915662655311e-01
1.111445783132529286e+00
3.042168674698794817e+00
6.036144578313251685e+00
9.337349397590362088e-01
7.168674698795189926e-01
4.367469879518068865e-01
1.045180722891565495e+00
7.078313253012034068e-01
7.078313253012051831e-01
1.156626506024096557e+00
8.102409638554224358e-01
4.427710843373482419e-01
1.804216867469881080e+00
1.584337349397589634e+00
5.180722891566258426e-01
7.891566265060241392e-01
7.319277108433741574e-01
2.590361445783138095e-01
1.364457831325299964e+00
9.668674698795189926e-01
6.867469879518068865e-01
3.102409638554206595e-01
1.334337349397591410e+00
2.259036144578313809e+00
1.954819277108432729e+00
3.644578313252999635e-01
1.006024096385543132e+00
1.265060240963855165e+00
1.078313253012048278e+00
1.234939759036144835e+00
2.731927710843372381e+00
5.246987951807229322e+00
4.638554216867483149e-01
6.385542168674689378e-01
5.451807228915672709e-01
1.162650602409637912e+00
8.734939759036137730e-01
4.036144578313241027e-01
7.469879518072293223e-01
7.740963855421689743e-01
3.644578313253017399e-01
1.093373493975903443e+00
9.849397590361448351e-01
6.686746987951792676e-01
6.415662650602413919e-01
1.102409638554217253e+00
5.993975903614465750e-01
1.867469879518072418e+00
7.469879518072275459e-01
6.897590361445793405e-01
9.728915662650603480e-01
3.584337349397586081e-01
1.418674698795181044e+00
1.301204819277106850e+00
3.554216867469879304e-01
1.259036144578313809e+00
1.484939759036144835e+00
1.397590361445782747e+00
9.789156626506017034e-01
3.530120481927712106e+00
1.478915662650601703e+00
8.554216867469879304e-01
1.093373493975903443e+00
6.927710843373500182e-01
8.463855421686741209e-01
1.204819277108430953e-01
6.265060240963862270e-01
1.036144578313253461e+00
4.277108433734948534e-01
7.680722891566258426e-01
2.831325301204827838e-01
7.921686746987948169e-01
5.271084337349396520e-01
9.518072289156620513e-01
7.861445783132516851e-01
1.039156626506024139e+00
3.313253012048207324e-01
1.087349397590360311e+00
4.518072289156620513e-01
7.409638554216879669e-01
8.162650602409637912e-01
7.771084337349396520e-01
4.578313253012034068e-01
2.421686746987951722e+00
7.379518072289155128e-01
7.198795180722896703e-01
4.156626506024103662e-01
1.286144578313251685e+00
7.530120481927724541e-01
6.897590361445775642e-01
6.204819277108430953e-01
6.084337349397586081e-01
3.885542168674707142e-01
7.981927710843379487e-01
1.036144578313253461e+00
5.542168674698793041e-01
5.000000000000000000e-01
7.921686746987948169e-01
3.674698795180724176e-01
2.168674698795189926e-01
4.307228915662637547e-01
1.219879518072289670e+00
2.981927710843379487e-01
7.650602409638551649e-01
2.057228915662651758e+00
7.168674698795189926e-01
1.174698795180722399e+00
8.192771084337344689e-01
6.054216867469879304e-01
1.867469879518086628e-01
1.210843373493975861e+00
1.132530120481927582e+00
2.075301204819277601e+00
8.313253012048189561e-01
2.018072289156620513e-01
4.126506024096396885e-01
8.674698795180724176e-01
7.710843373493965203e-01
2.509036144578313809e+00
5.662650602409637912e-01
7.771084337349396520e-01
8.463855421686758973e-01
5.451807228915654946e-01
5.150602409638551649e-01
7.740963855421689743e-01
5.692771084337362453e-01
6.295180722891569047e-01
7.861445783132516851e-01
5.210843373493982966e-01
5.873493975903603115e-01
6.536144578313241027e-01
4.698795180722896703e-01
7.319277108433741574e-01
4.608433734939758608e-01
1.225903614457831026e+00
1.042168674698794817e+00
9.096385542168672345e-01
1.204819277108434505e+00
7.861445783132534615e-01
6.144578313253017399e-01
1.686746987951806886e+00
2.328313253012048278e+00
9.427710843373500182e-01
5.512048192771068500e-01
1.087349397590362088e+00
1.605421686746987930e+00
1.765060240963855165e+00
1.090361445783132766e+00
1.253012048192772454e+00
9.698795180722896703e-01
9.307228915662637547e-01
4.759036144578328020e-01
1.283132530120481007e+00
3.192771084337344689e-01
5.933734939759052196e-01
7.590361445783120331e-01
6.204819277108430953e-01
7.198795180722896703e-01
6.987951807228931500e-01
1.686746987951806886e+00
5.512048192771086264e-01
5.849397590361444799e+00
3.945783132530120696e-01
8.915662650602413919e-01
8.825301204819275824e-01
1.641566265060241392e+00
3.674698795180724176e-01
5.361445783132534615e-01
5.361445783132534615e-01
2.250000000000000000e+00
7.590361445783138095e-01
5.662650602409637912e-01
4.728915662650603480e-01
4.608433734939758608e-01
6.204819277108430953e-01
7.409638554216879669e-01
1.533132530120481007e+00
2.000000000000000000e+00
1.867469879518068865e-01
1.346385542168674121e+00
2.439759036144586446e-01
7.198795180722896703e-01
6.777108433734930770e-01
1.728915662650601703e+00
5.692771084337362453e-01
1.409638554216867234e+00
5.361445783132534615e-01
5.301204819277103297e-01
5.903614457831327655e-01
3.704819277108430953e-01
5.843373493975914101e-01
9.307228915662637547e-01
5.572289156626499818e-01
6.506024096385534250e-01
8.674698795180724176e-01
1.213855421686746539e+00
1.295180722891565495e+00
8.463855421686758973e-01
7.831325301204810074e-01
1.268072289156625843e+00
5.180722891566276189e-01
7.740963855421689743e-01
1.343373493975901667e+00
4.277108433734948534e-01
7.259036144578310257e-01
3.102409638554206595e-01
9.096385542168690108e-01
0.000000000000000000e+00
1.668674698795181044e+00
6.174698795180724176e-01
1.322289156626506923e+00
7.409638554216861905e-01
7.379518072289155128e-01
1.506024096385543132e+00
5.120481927710844872e-01
6.957831325301206959e-01
1.704819277108432729e+00
6.114457831325310622e-01
9.518072289156620513e-01
7.620481927710844872e-01
4.246987951807223993e-01
9.548192771084345054e-01
1.614457831325301740e+00
7.620481927710844872e-01
2.590361445783138095e-01
8.825301204819275824e-01
5.000000000000000000e-01
2.439759036144568682e-01
1.018072289156625843e+00
6.355421686747000365e-01
2.891566265060241392e-01
3.102409638554206595e-01
1.174698795180722399e+00
6.475903614457827473e-01
9.337349397590362088e-01
7.168674698795189926e-01
5.090361445783138095e-01
1.340361445783132766e+00
8.674698795180724176e-01
1.105421686746986154e+00
6.867469879518068865e-01
1.234939759036144835e+00
1.930722891566265531e+00
4.668674698795189926e-01
6.807228915662655311e-01
1.719879518072287894e+00
7.921686746987948169e-01
9.156626506024103662e-01
1.216867469879517216e+00
2.198795180722896703e-01
9.969879518072275459e-01
2.614457831325303516e+00
9.066265060240965568e-01
5.903614457831327655e-01
6.626506024096379122e-01
4.216867469879517216e-01
4.216867469879517216e-01
1.310240963855422436e+00
4.246987951807223993e-01
7.138554216867483149e-01
8.975903614457827473e-01
2.439759036144568682e-01
1.009036144578313809e+00
1.289156626506024139e+00
1.265060240963853389e+00
4.337349397590362088e-01
7.921686746987948169e-01
3.614457831325310622e-01
9.277108433734930770e-01
4.909638554216861905e-01
6.867469879518068865e-01
8.584337349397603845e-01
1.460843373493975861e+00
1.147590361445784524e+00
1.897590361445775642e-01
5.662650602409637912e-01
1.201807228915662051e+00
8.765060240963844507e-01
2.036144578313253461e+00
8.825301204819275824e-01
8.855421686746982601e-01
3.734939759036155493e-01
1.656626506024085899e-01
8.042168674698793041e-01
1.280120481927710330e+00
1.063253012048193114e+00
7.560240963855431318e-01
1.370481927710843095e+00
8.644578313253017399e-01
1.837349397590362088e-01
8.644578313253017399e-01
8.132530120481931135e-01
2.364457831325301740e+00
9.487951807228913736e-01
8.614457831325292858e-01
8.162650602409637912e-01
2.313253012048193114e+00
1.894578313253012070e+00
6.114457831325292858e-01
1.792168674698796593e+00
9.728915662650603480e-01
3.524096385542172527e-01
6.054216867469879304e-01
5.000000000000000000e-01
4.367469879518068865e-01
1.349397590361446575e+00
6.837349397590362088e-01
1.192771084337350018e+00
9.969879518072293223e-01
6.385542168674689378e-01
5.993975903614465750e-01
1.090361445783132766e+00
8.403614457831327655e-01
4.367469879518068865e-01
5.512048192771086264e-01
5.753012048192776007e-01
1.328313253012046502e+00
1.301204819277108626e+00
1.117469879518072418e+00
3.463855421686741209e-01
3.674698795180724176e-01
1.093373493975903443e+00
9.638554216867465385e-01
1.150602409638553425e+00
8.042168674698793041e-01
1.668674698795181044e+00
2.295180722891567271e+00
6.897590361445775642e-01
2.831325301204827838e-01
6.716867469879517216e-01
6.234939759036137730e-01
1.807228915662655311e-01
6.174698795180724176e-01
7.530120481927706777e-01
1.319277108433736245e+00
4.819277108433723811e-01
5.301204819277121061e-01
2.195783132530120696e+00
7.228915662650603480e-01
1.030120481927710330e+00
7.831325301204827838e-01
6.746987951807223993e-01
1.036144578313253461e+00
1.265060240963855165e+00
6.144578313253017399e-01
7.981927710843379487e-01
8.403614457831327655e-01
1.777108433734939652e+00
6.415662650602413919e-01
1.355421686746987930e+00
4.849397590361430588e-01
2.388554216867470714e+00
7.289156626506017034e-01
5.843373493975914101e-01
1.307228915662649982e+00
3.644578313253017399e-01
3.192771084337344689e-01
1.268072289156627619e+00
8.524096385542154763e-01
3.463855421686758973e-01
3.283132530120482784e-01
7.771084337349396520e-01
7.439759036144586446e-01
1.018072289156625843e+00
6.024096385542172527e-01
1.108433734939758608e+00
1.554216867469879304e+00
1.186746987951806886e+00
8.463855421686741209e-01
4.789156626506034797e-01
5.813253012048189561e-01
3.253012048192776007e-01
1.006024096385541355e+00
2.108433734939758608e-01
1.015060240963856941e+00
5.210843373493965203e-01
1.641566265060241392e+00
1.665662650602410366e+00
8.644578313252999635e-01
6.084337349397603845e-01
3.162650602409637912e-01
9.879518072289155128e-01
1.129518072289156905e+00
6.536144578313241027e-01
1.448795180722893150e+00
1.018072289156625843e+00
1.132530120481929359e+00
1.234939759036143059e+00
1.165662650602410366e+00
1.319277108433734469e+00
4.036144578313258791e-01
5.391566265060241392e-01
4.638554216867465385e-01
1.231927710843372381e+00
3.915662650602413919e-01
1.039156626506025916e+00
1.355421686746982601e-01
9.789156626506017034e-01
7.048192771084345054e-01
6.506024096385552014e-01
1.406626506024094780e+00
4.969879518072293223e-01
1.370481927710843095e+00
9.457831325301206959e-01
1.713855421686748315e+00
1.219879518072287894e+00
4.036144578313241027e-01
7.530120481927724541e-01
1.343373493975903443e+00
8.795180722891569047e-01
5.722891566265051466e-01
9.246987951807241757e-01
8.253012048192758243e-01
7.951807228915672709e-01
1.436746987951806886e+00
1.219879518072289670e+00
9.126506024096379122e-01
3.102409638554217253e+00
4.909638554216861905e-01
1.340361445783132766e+00
2.240963855421686191e+00
7.650602409638551649e-01
6.204819277108430953e-01
3.307228915662649982e+00
1.460843373493975861e+00
4.909638554216861905e-01
1.936746987951808663e+00
6.325301204819275824e-01
7.319277108433741574e-01
1.307228915662649982e+00
6.084337349397586081e-01
2.951807228915654946e-01
1.786144578313253461e+00
8.222891566265051466e-01
3.367469879518072418e+00
2.590361445783138095e-01
7.409638554216861905e-01
4.849397590361448351e-01
1.442771084337350018e+00
7.379518072289155128e-01
1.171686746987951722e+00
3.283132530120482784e-01
4.849397590361448351e-01
1.277108433734941428e+00
1.225903614457831026e+00
1.867469879518072418e+00
8.524096385542154763e-01
2.349397590361446575e+00
1.903614457831325879e+00
2.180722891566265531e+00
2.036144578313253461e+00
9.397590361445775642e-01
8.614457831325292858e-01
1.945783132530120696e+00
1.837349397590362088e-01
9.909638554216861905e-01
6.716867469879517216e-01
3.493975903614465750e-01
3.855421686746982601e-01
5.843373493975896338e-01
2.012048192771084487e+00
1.063253012048193114e+00
6.475903614457845237e-01
8.042168674698793041e-01
1.382530120481927582e+00
9.427710843373482419e-01
6.716867469879517216e-01
4.126506024096396885e-01
1.009036144578312033e+00
1.171686746987951722e+00
6.265060240963844507e-01
5.843373493975914101e-01
5.662650602409637912e-01
1.463855421686746539e+00
1.253012048192770678e+00
4.759036144578310257e-01
1.373493975903615549e+00
5.692771084337344689e-01
1.575301204819275824e+00
1.346385542168675897e+00
1.228915662650601703e+00
4.849397590361448351e-01
2.861445783132534615e-01
9.216867469879517216e-01
5.512048192771086264e-01
6.656626506024085899e-01
4.578313253012051831e-01
4.548192771084345054e-01
7.710843373493965203e-01
5.843373493975914101e-01
7.469879518072275459e-01
8.584337349397603845e-01
3.825301204819275824e-01
7.620481927710844872e-01
7.771084337349396520e-01
4.759036144578328020e-01
2.981927710843361723e-01
3.162650602409637912e-01
2.319277108433734469e+00
5.722891566265051466e-01
1.930722891566265531e+00
9.096385542168672345e-01
3.614457831325310622e-01
9.367469879518068865e-01
1.066265060240963791e+00
6.957831325301206959e-01
8.433734939759034432e-01
4.006024096385534250e-01
9.036144578313258791e-01
8.704819277108430953e-01
2.246987951807229322e+00
1.469879518072287894e+00
3.493975903614447986e-01
1.063253012048193114e+00
6.506024096385534250e-01
1.328313253012048278e+00
8.162650602409637912e-01
9.156626506024085899e-01
1.171686746987953498e+00
1.349397590361446575e+00
6.174698795180724176e-01
1.942771084337348242e+00
1.518072289156625843e+00
1.677710843373493077e+00
3.433734939759034432e-01
7.710843373493965203e-01
4.126506024096396885e-01
4.789156626506017034e-01
4.909638554216879669e-01
1.156626506024094780e+00
4.819277108433741574e-01
3.012048192771082711e+00
9.608433734939758608e-01
8.554216867469879304e-01
7.349397590361448351e-01
3.463855421686758973e-01
3.674698795180724176e-01
8.132530120481931135e-01
5.903614457831309892e-01
4.156626506024103662e-01
8.614457831325292858e-01
4.608433734939758608e-01
1.277108433734939652e+00
8.343373493975896338e-01
4.216867469879517216e-01
2.000000000000000000e+00
7.469879518072293223e-01
2.048192771084345054e-01
4.397590361445775642e-01
6.385542168674707142e-01
8.072289156626499818e-01
4.216867469879517216e-01
4.849397590361448351e-01
1.274096385542168974e+00
8.343373493975896338e-01
6.716867469879517216e-01
8.493975903614465750e-01
1.367469879518072418e+00
8.825301204819275824e-01
1.009036144578312033e+00
9.367469879518068865e-01
7.590361445783138095e-01
1.927710843373482419e-01
9.789156626506034797e-01
7.409638554216861905e-01
1.024096385542168974e+00
3.373493975903620878e-01
7.891566265060241392e-01
4.307228915662637547e-01
6.054216867469879304e-01
8.554216867469879304e-01
6.295180722891569047e-01
7.469879518072293223e-01
6.415662650602413919e-01
3.945783132530120696e-01
7.379518072289155128e-01
1.376506024096384451e+00
1.024096385542172527e-01
0.000000000000000000e+00
1.237951807228915513e+00
1.126506024096386227e+00
2.027108433734937876e+00
1.816265060240963791e+00
4.759036144578310257e-01
1.957831325301206959e-01
1.069277108433734469e+00
7.861445783132534615e-01
6.054216867469879304e-01
6.415662650602413919e-01
7.590361445783138095e-01
1.677710843373493077e+00
1.364457831325299964e+00
5.813253012048189561e-01
6.626506024096396885e-01
1.382530120481927582e+00
1.560240963855420659e+00
4.367469879518068865e-01
1.277108433734939652e+00
3.674698795180724176e-01
3.855421686746982601e-01
1.436746987951806886e+00
1.045180722891567271e+00
3.373493975903620878e-01
2.183734939759036209e+00
6.024096385542172527e-01
0.000000000000000000e+00
4.518072289156638277e-01
3.012048192771086264e-01
8.493975903614447986e-01
5.361445783132534615e-01
4.518072289156620513e-01
2.737951807228915513e+00
6.445783132530120696e-01
6.204819277108430953e-01
9.879518072289155128e-01
1.129518072289156905e+00
3.162650602409637912e-01
1.156626506024096557e+00
3.644578313253017399e-01
5.240963855421689743e-01
8.253012048192758243e-01
8.102409638554224358e-01
4.277108433734930770e-01
8.975903614457845237e-01
1.084337349397589634e+00
5.060240963855413554e-01
5.632530120481931135e-01
1.210843373493975861e+00
2.319277108433723811e-01
2.361445783132529286e+00
9.518072289156638277e-01
2.250000000000000000e+00
1.611445783132529286e+00
6.777108433734948534e-01
1.093373493975903443e+00
9.337349397590362088e-01
7.168674698795172162e-01
9.036144578313258791e-01
1.343373493975903443e+00
6.867469879518068865e-01
6.475903614457845237e-01
3.915662650602396155e-01
3.825301204819275824e-01
4.096385542168690108e-01
1.719879518072289670e+00
6.656626506024103662e-01
1.087349397590360311e+00
4.578313253012034068e-01
1.090361445783132766e+00
8.885542168674707142e-01
1.530120481927710330e+00
2.500000000000000000e-01
5.813253012048189561e-01
1.225903614457832802e+00
1.548192771084337949e+00
2.530120481927712106e+00
1.602409638554215476e+00
1.496987951807229322e+00
4.668674698795172162e-01
9.126506024096396885e-01
9.578313253012034068e-01
3.102409638554224358e-01
1.042168674698794817e+00
5.903614457831327655e-01
0.000000000000000000e+00
1.198795180722893150e+00
1.102409638554215476e+00
4.849397590361448351e-01
1.280120481927710330e+00
1.111445783132531062e+00
4.246987951807241757e-01
9.698795180722878939e-01
1.174698795180724176e+00
1.319277108433734469e+00
6.656626506024103662e-01
1.096385542168674121e+00
9.337349397590362088e-01
5.451807228915672709e-01
2.439759036144568682e-01
5.240963855421689743e-01
7.921686746987948169e-01
8.222891566265051466e-01
4.307228915662655311e-01
1.198795180722891374e+00
6.234939759036137730e-01
9.759036144578310257e-01
9.006024096385552014e-01
1.069277108433734469e+00
7.409638554216879669e-01
6.445783132530120696e-01
7.831325301204810074e-01
5.753012048192776007e-01
7.228915662650603480e-01
1.334337349397589634e+00
8.885542168674707142e-01
6.746987951807223993e-01
4.246987951807223993e-01
1.370481927710843095e+00
7.560240963855431318e-01
1.753012048192770678e+00
4.728915662650603480e-01
1.641566265060241392e+00
7.981927710843379487e-01
4.879518072289172892e-01
6.204819277108430953e-01
7.861445783132516851e-01
8.403614457831327655e-01
7.680722891566276189e-01
1.204819277108430953e-01
6.415662650602396155e-01
9.096385542168690108e-01
3.855421686746982601e-01
7.921686746987965932e-01
1.644578313253012070e+00
1.102409638554215476e+00
7.981927710843379487e-01
9.246987951807223993e-01
1.304216867469879304e+00
8.614457831325292858e-01
8.825301204819275824e-01
1.918674698795181044e+00
7.590361445783138095e-01
9.036144578313258791e-01
1.003012048192770678e+00
6.114457831325310622e-01
1.608433734939758608e+00
1.701807228915662051e+00
7.620481927710844872e-01
2.680722891566258426e-01
7.771084337349414284e-01
1.138554216867468938e+00
8.795180722891569047e-01
1.716867469879517216e-01
6.566265060240965568e-01
5.753012048192776007e-01
7.409638554216861905e-01
5.963855421686741209e-01
5.301204819277103297e-01
5.572289156626517581e-01
6.415662650602413919e-01
4.337349397590344324e-01
1.159638554216869011e+00
7.259036144578310257e-01
8.915662650602413919e-01
1.021084337349398297e+00
5.451807228915654946e-01
4.457831325301206959e-01
1.108433734939758608e+00
9.156626506024085899e-01
2.129518072289156905e+00
1.608433734939756832e+00
2.620481927710844872e-01
9.307228915662655311e-01
2.349397590361448351e-01
8.012048192771086264e-01
5.753012048192758243e-01
1.265060240963856941e+00
1.466867469879517216e+00
3.795180722891569047e-01
1.268072289156625843e+00
5.572289156626499818e-01
1.978915662650603480e+00
1.063253012048193114e+00
7.650602409638551649e-01
7.469879518072293223e-01
3.704819277108430953e-01
2.831325301204827838e-01
1.045180722891565495e+00
6.084337349397586081e-01
1.030120481927710330e+00
3.674698795180724176e-01
7.108433734939758608e-01
6.897590361445775642e-01
9.367469879518068865e-01
6.355421686747000365e-01
1.033132530120481007e+00
7.981927710843379487e-01
1.156626506024096557e+00
1.783132530120482784e+00
1.912650602409639689e+00
7.801204819277103297e-01
1.096385542168675897e+00
1.159638554216867234e+00
1.403614457831324103e+00
1.406626506024096557e+00
9.668674698795189926e-01
5.421686746987948169e-01
6.897590361445775642e-01
2.861445783132534615e-01
1.129518072289155128e+00
4.457831325301206959e-01
3.524096385542172527e-01
1.665662650602410366e+00
7.078313253012034068e-01
5.120481927710844872e-01
7.500000000000000000e-01
6.626506024096396885e-01
1.343373493975903443e+00
6.566265060240965568e-01
1.716867469879517216e+00
1.421686746987951722e+00
1.228915662650601703e+00
1.659638554216867234e+00
1.222891566265060348e+00
3.885542168674689378e-01
4.518072289156638277e-01
6.656626506024085899e-01
1.418674698795181044e+00
6.837349397590362088e-01
9.518072289156638277e-01
8.524096385542154763e-01
2.572289156626505147e+00
6.174698795180724176e-01
6.987951807228913736e-01
1.313253012048193114e+00
1.569277108433734469e+00
2.680722891566276189e-01
9.337349397590362088e-01
3.072289156626517581e-01
8.283132530120482784e-01
1.271084337349396520e+00
0.000000000000000000e+00
4.608433734939758608e-01
9.789156626506017034e-01
3.584337349397603845e-01
6.355421686746982601e-01
2.771084337349396520e-01
4.246987951807223993e-01
4.216867469879517216e-01
7.861445783132534615e-01
6.957831325301206959e-01
9.036144578313276554e-02
9.126506024096396885e-01
8.674698795180706412e-01
1.075301204819279377e+00
3.557228915662649982e+00
4.337349397590362088e-01
2.316265060240963791e+00
3.975903614457827473e-01
9.126506024096396885e-01
8.765060240963844507e-01
8.855421686747000365e-01
1.033132530120481007e+00
1.243975903614458645e+00
1.560240963855422436e+00
9.728915662650603480e-01
2.771084337349396520e-01
7.500000000000000000e-01
2.500000000000000000e-01
4.819277108433723811e-01
5.813253012048189561e-01
2.653614457831325879e+00
1.135542168674698260e+00
9.608433734939758608e-01
9.156626506024085899e-01
3.765060240963855165e+00
5.451807228915654946e-01
1.331325301204820732e+00
1.713855421686746539e+00
1.777108433734930770e-01
6.566265060240965568e-01
6.144578313253017399e-01
1.695783132530118920e+00
2.072289156626506923e+00
2.018072289156638277e-01
3.527108433734939652e+00
6.445783132530120696e-01
6.746987951807223993e-01
7.018072289156620513e-01
1.325301204819277601e+00
1.150602409638553425e+00
5.361445783132534615e-01
1.030120481927710330e+00
7.048192771084345054e-01
4.487951807228913736e-01
6.536144578313258791e-01
4.006024096385552014e-01
7.108433734939758608e-01
3.975903614457827473e-01
5.963855421686741209e-01
2.448795180722891374e+00
5.391566265060241392e-01
1.584337349397589634e+00
6.777108433734948534e-01
3.614457831325292858e-01
4.879518072289172892e-01
1.132530120481927582e+00
1.340361445783130989e+00
0.000000000000000000e+00
5.963855421686741209e-01
8.012048192771086264e-01
1.352409638554217253e+00
7.831325301204810074e-01
2.316265060240963791e+00
3.695783132530118920e+00
1.704819277108432729e+00
0.000000000000000000e+00
5.963855421686741209e-01
7.680722891566258426e-01
8.584337349397586081e-01
1.762048192771084487e+00
1.379518072289155128e+00
8.493975903614465750e-01
4.668674698795172162e-01
4.006024096385552014e-01
6.265060240963862270e-01
1.400602409638553425e+00
7.108433734939758608e-01
1.677710843373494853e+00
1.313253012048193114e+00
1.328313253012048278e+00
1.183734939759036209e+00
2.021084337349398297e+00
5.060240963855413554e-01
9.578313253012051831e-01
5.512048192771086264e-01
1.819277108433736245e+00
4.277108433734941428e+00
2.207831325301205183e+00
1.391566265060241392e+00
5.843373493975896338e-01
7.981927710843379487e-01
6.506024096385534250e-01
1.310240963855420659e+00
1.051204819277106850e+00
2.954819277108434505e+00
9.939759036144657500e-02
1.259036144578312033e+00
7.981927710843379487e-01
2.996987951807229322e+00
1.367469879518072418e+00
1.509036144578312033e+00
5.512048192771086264e-01
7.319277108433723811e-01
9.487951807228913736e-01
4.397590361445793405e-01
1.057228915662649982e+00
1.283132530120482784e+00
9.759036144578310257e-01
1.225903614457831026e+00
2.542168674698794817e+00
2.111445783132529286e+00
1.036144578313253461e+00
1.978915662650603480e+00
5.180722891566276189e-01
9.608433734939758608e-01
1.265060240963853389e+00
3.674698795180724176e-01
7.831325301204827838e-01
6.596385542168672345e-01
2.695783132530122472e+00
7.560240963855413554e-01
5.240963855421689743e-01
7.801204819277103297e-01
6.686746987951810439e-01
1.250000000000000000e+00
1.186746987951806886e+00
6.174698795180724176e-01
5.572289156626499818e-01
8.102409638554206595e-01
6.626506024096396885e-01
6.054216867469879304e-01
5.060240963855413554e-01
6.746987951807241757e-01
5.301204819277121061e-01
5.843373493975896338e-01
1.400602409638555201e+00
2.096385542168674121e+00
6.024096385542172527e-01
6.445783132530120696e-01
9.608433734939758608e-01
3.915662650602413919e-01
1.180722891566263755e+00
7.439759036144586446e-01
1.051204819277108626e+00
1.271084337349398297e+00
9.066265060240947804e-01
1.165662650602412143e+00
0.000000000000000000e+00
1.060240963855422436e+00
1.512048192771082711e+00
7.138554216867483149e-01
8.734939759036137730e-01
1.960843373493975861e+00
1.451807228915663828e+00
0.000000000000000000e+00
1.213855421686746539e+00
4.006024096385552014e-01
1.057228915662649982e+00
1.069277108433736245e+00
0.000000000000000000e+00
2.006024096385543132e+00
3.418674698795182820e+00
2.412650602409637912e+00
2.683734939759037985e+00
1.822289156626506923e+00
