1.997499999999995168e+00
1.999999999999957367e-01
3.800000000000025580e-01
5.724999999999980105e-01
1.082500000000003126e+00
1.489999999999994884e+00
1.850000000000022737e-01
1.400000000000005684e-01
4.024999999999963052e-01
1.247500000000002274e+00
5.024999999999977263e-01
1.475000000000008527e-01
1.550000000000011369e-01
2.100000000000008527e-01
2.575000000000002842e-01
5.625000000000000000e-01
1.250000000000000000e-01
2.877500000000004832e+00
9.849999999999994316e-01
3.250000000000028422e-01
3.325000000000031264e-01
1.524999999999963052e-01
3.125000000000000000e-01
7.500000000000284217e-02
7.499999999999573674e-02
5.949999999999988631e-01
3.575000000000017053e-01
8.425000000000011369e-01
3.724999999999951683e-01
1.042500000000003979e+00
5.949999999999988631e-01
2.124999999999985789e-01
8.425000000000011369e-01
2.025000000000005684e-01
3.599999999999994316e-01
8.875000000000028422e-01
2.287500000000001421e+00
6.250000000000000000e-02
5.225000000000008527e-01
4.050000000000011369e-01
5.499999999999971578e-02
4.124999999999943157e-01
7.650000000000005684e-01
1.032499999999998863e+00
9.275000000000019895e-01
5.000000000000426326e-02
5.424999999999968736e-01
8.825000000000002842e-01
4.700000000000002842e+00
8.324999999999960210e-01
2.565000000000004832e+00
3.825000000000002842e-01
1.925000000000025580e-01
8.624999999999971578e-01
7.249999999999801048e-02
1.825000000000045475e-01
2.999999999999403144e-02
4.750000000000014211e-01
2.415000000000006253e+00
2.164999999999999147e+00
4.924999999999997158e-01
1.502499999999997726e+00
2.124999999999985789e-01
2.299999999999968736e-01
2.199999999999988631e-01
1.500000000000056843e-01
2.125000000000000000e+00
4.849999999999994316e-01
2.874999999999943157e-01
1.750000000000042633e-01
5.249999999999488409e-02
4.549999999999982947e-01
3.605000000000003979e+00
4.732500000000001705e+00
9.175000000000039790e-01
5.449999999999945999e-01
6.900000000000048317e-01
2.004999999999995453e+00
2.384999999999998010e+00
2.384999999999998010e+00
1.039999999999999147e+00
2.000000000000312639e-02
1.749999999999829470e-02
1.119999999999997442e+00
1.352499999999999147e+00
4.025000000000034106e-01
3.975000000000008527e-01
2.749999999999985789e-01
9.499999999999886313e-02
8.200000000000002842e-01
2.399999999999948841e-01
1.070000000000000284e+00
4.575000000000031264e-01
6.924999999999954525e-01
6.600000000000036948e-01
7.250000000000014211e-01
1.010000000000005116e+00
5.625000000000000000e-01
1.217500000000001137e+00
9.250000000000113687e-02
3.399999999999963052e-01
2.800000000000011369e-01
7.875000000000014211e-01
2.924999999999968736e-01
4.474999999999980105e-01
1.512499999999995737e+00
8.650000000000019895e-01
1.300000000000025580e-01
1.049999999999968736e-01
3.750000000000142109e-02
8.825000000000002842e-01
2.749999999999630518e-02
8.950000000000031264e-01
4.869999999999997442e+00
1.235000000000006537e+00
3.885000000000005116e+00
5.199999999999960210e-01
1.607500000000001705e+00
1.407499999999998863e+00
5.275000000000034106e-01
1.274999999999977263e-01
1.037500000000001421e+00
3.075000000000045475e-01
2.599999999999980105e-01
1.674999999999968736e-01
9.000000000000341061e-02
1.100000000000001421e+00
5.000000000000000000e-01
2.474999999999951683e-01
6.525000000000034106e-01
2.087500000000005684e+00
5.749999999999744205e-02
1.509999999999998010e+00
6.160000000000003695e+00
1.119999999999997442e+00
5.100000000000001421e+00
7.000000000000028422e-02
5.499999999999971578e-02
3.250000000000028422e-01
5.499999999999971578e-02
1.737499999999997158e+00
2.049999999999982947e-01
3.429999999999999716e+00
1.094999999999998863e+00
9.525000000000005684e-01
8.999999999999630518e-02
1.130000000000002558e+00
7.925000000000039790e-01
3.500000000000014211e-01
7.025000000000005684e-01
6.750000000000255795e-02
2.550000000000025580e-01
8.449999999999988631e-01
6.000000000000014211e-01
1.574999999999988631e-01
4.999999999995452526e-03
2.300000000000039790e-01
7.224999999999965894e-01
1.450000000000031264e-01
3.074999999999974420e-01
1.390000000000000568e+00
1.574999999999988631e-01
4.125000000000014211e-01
2.274999999999991473e-01
3.900000000000005684e-01
1.374999999999957367e-01
4.325000000000045475e-01
9.399999999999977263e-01
1.365000000000001990e+00
3.350000000000008527e-01
4.175000000000039790e-01
6.649999999999991473e-01
2.025000000000005684e-01
4.675000000000011369e-01
1.824999999999974420e-01
7.224999999999965894e-01
8.599999999999994316e-01
2.857499999999994600e+00
3.375000000000056843e-01
6.325000000000002842e-01
2.872500000000002274e+00
2.625000000000028422e-01
2.217499999999994031e+00
2.925000000000039790e-01
5.174999999999982947e-01
1.020000000000003126e+00
1.875000000000000000e-01
7.225000000000036948e-01
9.349999999999951683e-01
8.125000000000000000e-01
6.425000000000054001e-01
1.299999999999954525e-01
1.492499999999999716e+00
6.250000000000000000e-02
9.499999999999886313e-02
3.174999999999954525e-01
1.250000000000284217e-02
3.175000000000025580e-01
5.674999999999954525e-01
3.000000000000042633e-01
8.999999999999630518e-02
7.000000000000028422e-02
9.474999999999980105e-01
2.900000000000062528e-01
8.125000000000000000e-01
3.292499999999996874e+00
1.925000000000025580e-01
3.249999999999886313e-02
1.052500000000001990e+00
7.525000000000048317e-01
4.074999999999988631e-01
8.999999999999985789e-01
4.500000000000170530e-02
2.500000000000000000e-01
1.347499999999996589e+00
2.107500000000001705e+00
3.149999999999977263e-01
3.000000000000113687e-02
2.624999999999957367e-01
3.575000000000017053e-01
7.374999999999971578e-01
5.850000000000008527e-01
5.925000000000011369e-01
1.875000000000000000e-01
3.500000000000369482e-02
5.749999999999957367e-01
3.000000000000113687e-02
1.414999999999999147e+00
1.150000000000019895e-01
2.474999999999951683e-01
3.350000000000008527e-01
8.625000000000042633e-01
2.374999999999971578e-01
1.500000000000056843e-02
8.249999999999602096e-02
1.155000000000001137e+00
9.550000000000054001e-01
1.482500000000001705e+00
2.907499999999998863e+00
4.299999999999997158e-01
2.150000000000034106e-01
3.107500000000001705e+00
3.224999999999980105e-01
1.879999999999995453e+00
5.499999999999971578e-02
1.475000000000008527e-01
1.204999999999998295e+00
1.732500000000001705e+00
1.922499999999999432e+00
3.125000000000000000e-01
5.149999999999934630e-01
3.000000000000113687e-02
3.289999999999999147e+00
5.425000000000039790e-01
3.607500000000001705e+00
4.200000000000017053e-01
8.749999999999857891e-02
1.225000000000022737e-01
8.524999999999991473e-01
1.975000000000051159e-01
7.249999999999943157e-01
1.179999999999999716e+00
1.102499999999999147e+00
8.800000000000025580e-01
3.924999999999982947e-01
1.250000000000000000e-01
6.999999999999957367e-01
2.425000000000004263e+00
1.050000000000039790e-01
1.667499999999996874e+00
4.450000000000002842e-01
8.999999999999985789e-01
7.475000000000022737e-01
5.000000000002557954e-03
1.325000000000002842e-01
3.575000000000017053e-01
1.132500000000000284e+00
5.249999999999985789e-01
6.499999999999772626e-02
2.824999999999988631e-01
1.202500000000000568e+00
4.500000000000170530e-02
1.357500000000001705e+00
4.825000000000017053e-01
4.099999999999965894e-01
4.600000000000008527e-01
2.325000000000017053e-01
1.104999999999996874e+00
2.999999999999971578e-01
1.625000000000000000e+00
6.650000000000062528e-01
4.375000000000000000e-01
2.924999999999968736e-01
8.825000000000002842e-01
2.712499999999998579e+00
2.449999999999974420e-01
5.925000000000011369e-01
2.284999999999996589e+00
3.049999999999997158e-01
1.900000000000048317e-01
9.499999999999957367e-01
1.312500000000000000e+00
7.599999999999980105e-01
5.850000000000008527e-01
6.450000000000031264e-01
3.975000000000008527e-01
2.975000000000065370e-01
2.549999999999954525e-01
3.000000000000113687e-02
8.924999999999982947e-01
1.375000000000028422e-01
4.200000000000017053e-01
1.249999999999573674e-02
8.325000000000031264e-01
1.277499999999996305e+00
1.030000000000001137e+00
2.349999999999994316e-01
9.150000000000062528e-01
1.892499999999998295e+00
1.124999999999971578e-01
6.000000000000227374e-02
1.742499999999999716e+00
1.087499999999998579e+00
4.499999999999957367e-01
6.750000000000042633e-01
1.649999999999991473e-01
6.150000000000019895e-01
8.900000000000005684e-01
7.299999999999968736e-01
2.060000000000002274e+00
2.924999999999968736e-01
2.899999999999991473e-01
8.150000000000048317e-01
3.699999999999974420e-01
6.000000000000014211e-01
7.175000000000011369e-01
6.749999999999545253e-02
6.200000000000045475e-01
7.524999999999977263e-01
3.695000000000000284e+00
6.574999999999988631e-01
1.857500000000001705e+00
1.212499999999998579e+00
1.192500000000002558e+00
7.999999999999971578e-01
1.000000000000511591e-02
2.499999999997726263e-03
2.149999999999963052e-01
9.750000000000369482e-02
1.369999999999997442e+00
5.250000000000198952e-02
2.787500000000001421e+00
2.499999999999857891e-02
8.399999999999963052e-01
8.200000000000002842e-01
5.324999999999988631e-01
5.850000000000008527e-01
1.722499999999996589e+00
3.152500000000003411e+00
8.625000000000042633e-01
4.499999999999957367e-01
1.429999999999999716e+00
1.007499999999993179e+00
1.627500000000004832e+00
1.000000000000014211e-01
8.249999999999602096e-02
6.799999999999997158e-01
4.650000000000034106e-01
1.772500000000000853e+00
4.675000000000011369e-01
4.050000000000011369e-01
1.749999999999829470e-02
8.500000000000014211e-01
3.750000000000142109e-02
3.849999999999980105e-01
1.574999999999988631e-01
1.762500000000002842e+00
1.134999999999998010e+00
7.595000000000005969e+00
6.749999999999971578e-01
6.124999999999971578e-01
1.499999999999985789e-01
3.125000000000000000e-01
1.675000000000039790e-01
7.674999999999982947e-01
4.725000000000036948e-01
1.212499999999998579e+00
5.632500000000000284e+00
3.325000000000031264e-01
1.537500000000001421e+00
8.549999999999968736e-01
1.250000000000000000e-01
1.450000000000031264e-01
7.025000000000005684e-01
2.474999999999951683e-01
2.800000000000011369e-01
3.575000000000017053e-01
2.700000000000031264e-01
1.824999999999974420e-01
4.624999999999985789e-01
3.275000000000005684e-01
1.327500000000000568e+00
1.424999999999982947e-01
6.675000000000039790e-01
1.717500000000001137e+00
9.999999999999431566e-02
1.297500000000006537e+00
4.749999999999943157e-02
3.174999999999954525e-01
5.075000000000002842e-01
1.469999999999998863e+00
2.162500000000001421e+00
2.297499999999999432e+00
8.999999999999985789e-01
5.075000000000002842e-01
4.874999999999971578e-01
4.099999999999965894e-01
9.600000000000008527e-01
1.270000000000003126e+00
1.149999999999998579e+00
6.099999999999994316e-01
3.250000000000596856e-02
6.699999999999945999e-01
1.550000000000004263e+00
4.099999999999965894e-01
1.214999999999996305e+00
1.725000000000065370e-01
2.249999999999374722e-02
1.500000000000056843e-02
2.500000000000568434e-02
2.474999999999951683e-01
6.050000000000039790e-01
1.562500000000000000e+00
6.724999999999994316e-01
1.450000000000031264e-01
2.025000000000005684e-01
4.999999999999715783e-02
6.700000000000017053e-01
1.225000000000001421e+00
8.249999999999602096e-02
1.130000000000002558e+00
3.202500000000000568e+00
3.149999999999977263e-01
4.350000000000022737e-01
5.749999999999744205e-02
1.174999999999997158e-01
4.800000000000039790e-01
1.179999999999999716e+00
6.499999999999772626e-02
8.325000000000031264e-01
1.575000000000002842e+00
1.417499999999996874e+00
1.134999999999998010e+00
2.897499999999993747e+00
1.477499999999999147e+00
2.875000000000014211e-01
3.550000000000039790e-01
2.149999999999998579e+00
2.725000000000008527e-01
3.750000000000142109e-02
4.699999999999988631e-01
4.825000000000017053e-01
1.700000000000017053e-01
8.599999999999994316e-01
6.925000000000025580e-01
4.474999999999980105e-01
1.464999999999996305e+00
8.374999999999985789e-01
2.625000000000028422e-01
7.199999999999988631e-01
5.050000000000025580e-01
4.324999999999974420e-01
1.150000000000019895e-01
2.927500000000001990e+00
1.440000000000004832e+00
1.962499999999998579e+00
1.732500000000001705e+00
2.149999999999998579e+00
6.225000000000022737e-01
1.824999999999974420e-01
2.885000000000005116e+00
3.699999999999974420e-01
7.500000000000284217e-03
1.442500000000002558e+00
6.749999999999545253e-02
1.605000000000003979e+00
5.450000000000017053e-01
8.500000000000085265e-02
2.025000000000005684e-01
4.849999999999994316e-01
6.599999999999965894e-01
5.400000000000062528e-01
1.037499999999994316e+00
4.262499999999995737e+00
2.965000000000003411e+00
2.215000000000003411e+00
6.374999999999957367e-01
1.527500000000003411e+00
5.050000000000025580e-01
8.500000000000085265e-02
2.025000000000005684e-01
2.575000000000002842e-01
7.399999999999948841e-01
1.097500000000003695e+00
8.449999999999988631e-01
7.325000000000017053e-01
3.692499999999995453e+00
1.347500000000003695e+00
3.949999999999960210e-01
1.250000000000284217e-02
1.899999999999977263e-01
5.125000000000028422e-01
1.799999999999997158e-01
1.737499999999997158e+00
1.400000000000005684e-01
1.574999999999988631e-01
1.454999999999998295e+00
2.704999999999998295e+00
5.050000000000025580e-01
1.974999999999980105e-01
3.734999999999999432e+00
7.149999999999963052e-01
4.725000000000036948e-01
1.274999999999977263e-01
5.649999999999977263e-01
7.824999999999988631e-01
2.445000000000000284e+00
4.375000000000000000e-01
1.585000000000000853e+00
1.125000000000042633e-01
7.374999999999971578e-01
3.999999999999985789e-01
1.117499999999999716e+00
5.874999999999985789e-01
8.974999999999937472e-01
3.550000000000039790e-01
1.299999999999954525e-01
2.000000000000312639e-02
1.127499999999997726e+00
1.215000000000003411e+00
1.115000000000001990e+00
7.100000000000008527e-01
1.364999999999994884e+00
7.225000000000036948e-01
1.439999999999997726e+00
6.300000000000025580e-01
1.617499999999999716e+00
1.329999999999998295e+00
4.920000000000001705e+00
4.549999999999982947e-01
9.950000000000045475e-01
7.599999999999980105e-01
1.310000000000002274e+00
1.199999999999974420e-01
2.275000000000062528e-01
1.699999999999945999e-01
3.500000000000014211e-01
2.274999999999991473e-01
2.282499999999998863e+00
2.132500000000000284e+00
2.475000000000022737e-01
1.202500000000000568e+00
4.317500000000002558e+00
1.820000000000000284e+00
1.149999999999948841e-01
2.272500000000000853e+00
7.725000000000008527e-01
5.000000000002557954e-03
8.974999999999937472e-01
6.499999999999985789e-01
1.670000000000001705e+00
6.875000000000000000e-01
2.550000000000025580e-01
5.724999999999980105e-01
4.369999999999997442e+00
6.424999999999982947e-01
1.172499999999999432e+00
6.225000000000022737e-01
3.942500000000002558e+00
1.005000000000002558e+00
4.749999999999943157e-02
2.780000000000001137e+00
8.474999999999965894e-01
8.875000000000028422e-01
2.857500000000001705e+00
5.099999999999980105e-01
7.950000000000017053e-01
1.487499999999997158e+00
2.500000000000000000e+00
2.530000000000001137e+00
8.200000000000002842e-01
1.000000000000014211e-01
4.574999999999960210e-01
2.250000000000085265e-02
1.424999999999982947e-01
4.650000000000034106e-01
2.950000000000017053e-01
3.750000000000142109e-02
5.749999999999957367e-01
1.002499999999997726e+00
1.272500000000000853e+00
1.359999999999999432e+00
1.352499999999999147e+00
1.900000000000048317e-01
1.667500000000003979e+00
3.874999999999957367e-01
5.324999999999988631e-01
3.750000000000142109e-02
2.447499999999998010e+00
6.407499999999998863e+00
9.324999999999974420e-01
8.400000000000034106e-01
3.062500000000000000e+00
1.424999999999982947e-01
2.395000000000003126e+00
6.024999999999991473e-01
5.024999999999977263e-01
2.250000000000014211e-01
5.050000000000025580e-01
2.725000000000008527e-01
7.249999999999943157e-01
2.657499999999998863e+00
1.250000000000000000e-01
5.000000000002557954e-03
2.024999999999998579e+00
2.250000000000014211e-01
1.349999999999980105e-01
2.499999999997726263e-03
4.250000000000042633e-01
2.492499999999999716e+00
6.924999999999954525e-01
8.374999999999985789e-01
9.375000000000000000e-01
7.299999999999968736e-01
1.115000000000001990e+00
2.274999999999991473e-01
3.550000000000039790e-01
2.499999999997726263e-03
5.075000000000002842e-01
4.550000000000054001e-01
1.884999999999998010e+00
1.499999999999985789e-01
6.799999999999997158e-01
3.872499999999995168e+00
1.925000000000025580e-01
1.320000000000000284e+00
1.405000000000001137e+00
4.727499999999999147e+00
3.125000000000000000e-01
9.050000000000011369e-01
5.909999999999996589e+00
3.350000000000008527e-01
2.602499999999999147e+00
1.037500000000001421e+00
1.027500000000003411e+00
9.874999999999971578e-01
4.900000000000019895e-01
5.649999999999977263e-01
3.225000000000051159e-01
9.349999999999951683e-01
4.289999999999999147e+00
1.070000000000000284e+00
1.052500000000001990e+00
9.949999999999974420e-01
4.575000000000031264e-01
1.054999999999999716e+00
9.399999999999977263e-01
1.177499999999994884e+00
1.782500000000005969e+00
5.399999999999991473e-01
3.575000000000017053e-01
8.999999999999630518e-02
8.150000000000048317e-01
3.999999999999985789e-01
3.074999999999974420e-01
6.200000000000045475e-01
3.499999999999658939e-02
9.350000000000022737e-01
3.750000000000000000e-01
8.299999999999982947e-01
3.000000000000113687e-02
8.749999999999857891e-02
2.075000000000031264e-01
8.399999999999963052e-01
1.000000000000511591e-02
6.199999999999974420e-01
1.300000000000025580e-01
1.079999999999998295e+00
4.050000000000011369e-01
8.700000000000045475e-01
5.849999999999937472e-01
2.140000000000000568e+00
1.000000000000511591e-02
2.475000000000022737e-01
7.774999999999963052e-01
8.025000000000019895e-01
1.947499999999998010e+00
1.357500000000001705e+00
8.499999999999943157e-01
9.625000000000056843e-01
5.774999999999934630e-01
2.300000000000039790e-01
1.749999999999829470e-02
3.825000000000002842e-01
5.825000000000031264e-01
6.174999999999997158e-01
2.449999999999974420e-01
1.402500000000003411e+00
2.799999999999940314e-01
6.974999999999980105e-01
1.605000000000003979e+00
9.774999999999991473e-01
3.900000000000005684e-01
7.750000000000056843e-02
1.345000000000005969e+00
8.775000000000048317e-01
1.242499999999999716e+00
6.224999999999951683e-01
1.620000000000004547e+00
1.040000000000006253e+00
7.749999999999985789e-01
1.089999999999996305e+00
7.424999999999997158e-01
1.137500000000002842e+00
1.067499999999995453e+00
2.025000000000005684e-01
1.675000000000039790e-01
8.499999999999943157e-01
3.965000000000003411e+00
9.900000000000019895e-01
3.217500000000001137e+00
1.207499999999996021e+00
4.325000000000045475e-01
3.499999999999658939e-02
2.499999999997726263e-03
2.000000000000312639e-02
1.835000000000000853e+00
1.840000000000003411e+00
3.874999999999957367e-01
5.125000000000028422e-01
2.324999999999945999e-01
3.272500000000000853e+00
2.925000000000039790e-01
3.900000000000005684e-01
2.749999999999630518e-02
3.000000000000042633e-01
4.274999999999948841e-01
1.925000000000025580e-01
8.575000000000017053e-01
1.950000000000002842e-01
4.737499999999997158e+00
1.675000000000004263e+00
1.439999999999997726e+00
2.199999999999988631e-01
2.400000000000019895e-01
3.249999999999886313e-02
5.499999999999971578e-02
3.500000000000014211e-01
1.572499999999998010e+00
1.122500000000002274e+00
1.500000000000000000e+00
8.999999999999630518e-02
1.082499999999996021e+00
5.949999999999988631e-01
4.424999999999954525e-01
1.597500000000003695e+00
2.335000000000000853e+00
6.750000000000255795e-02
4.749999999999943157e-02
5.874999999999985789e-01
7.599999999999980105e-01
3.674999999999997158e-01
1.922499999999999432e+00
3.064999999999997726e+00
1.577500000000000568e+00
1.799999999999997158e-01
6.550000000000011369e-01
1.230000000000003979e+00
2.899999999999991473e-01
5.199999999999960210e-01
6.475000000000008527e-01
7.500000000000284217e-03
1.662499999999994316e+00
5.999999999999516831e-02
1.660000000000003695e+00
2.800000000000011369e-01
8.975000000000008527e-01
3.517499999999998295e+00
1.237499999999997158e+00
2.045000000000001705e+00
2.450000000000045475e-01
1.642500000000005400e+00
6.425000000000054001e-01
4.099999999999965894e-01
2.749999999999985789e-01
3.975000000000008527e-01
5.324999999999988631e-01
1.614999999999994884e+00
3.067499999999995453e+00
3.850000000000051159e-01
2.127499999999997726e+00
1.707500000000003126e+00
1.695000000000000284e+00
6.749999999999971578e-01
1.340000000000003411e+00
1.294999999999994600e+00
2.217500000000001137e+00
2.274999999999991473e-01
2.625000000000028422e-01
2.782499999999998863e+00
3.324999999999995737e+00
1.017500000000005400e+00
4.974999999999951683e-01
7.875000000000014211e-01
1.450000000000031264e-01
8.825000000000002842e-01
1.227500000000006253e+00
3.924999999999982947e-01
1.905000000000001137e+00
1.124999999999971578e-01
2.575000000000002842e-01
2.999999999999971578e-01
2.549999999999997158e+00
6.275000000000048317e-01
1.804999999999999716e+00
2.149999999999998579e+00
3.387499999999995737e+00
1.550000000000011369e-01
1.592500000000001137e+00
6.049999999999968736e-01
1.850000000000022737e-01
3.099999999999951683e-01
9.924999999999997158e-01
1.892499999999998295e+00
1.450000000000031264e-01
1.307500000000004547e+00
3.000000000000042633e-01
1.024999999999998579e+00
1.072499999999998010e+00
7.625000000000028422e-01
2.749999999999985789e-01
2.652499999999996305e+00
1.274999999999998579e+00
5.825000000000031264e-01
1.982500000000001705e+00
4.249999999999971578e-01
1.010000000000005116e+00
9.974999999999951683e-01
6.675000000000039790e-01
9.200000000000017053e-01
3.699999999999974420e-01
2.650000000000005684e-01
2.000000000000028422e-01
1.999999999999602096e-02
8.575000000000017053e-01
1.724999999999994316e-01
7.674999999999982947e-01
2.824999999999988631e-01
1.442500000000002558e+00
1.487499999999997158e+00
8.849999999999980105e-01
7.800000000000011369e-01
1.057500000000004547e+00
3.550000000000039790e-01
1.849999999999951683e-01
9.375000000000000000e-01
6.724999999999994316e-01
3.100000000000022737e-01
1.649999999999991473e-01
2.787500000000001421e+00
1.202500000000000568e+00
1.775000000000019895e-01
9.600000000000008527e-01
5.999999999999516831e-02
1.400000000000005684e-01
8.250000000000312639e-02
1.950000000000002842e-01
2.250000000000014211e-01
1.494999999999997442e+00
3.425000000000011369e-01
1.325000000000002842e-01
4.749999999999943157e-02
1.450000000000031264e-01
1.049999999999968736e-01
1.297499999999999432e+00
3.350000000000008527e-01
4.250000000000397904e-02
1.354999999999996874e+00
7.500000000000284217e-02
5.749999999999744205e-02
6.477499999999999147e+00
2.947499999999998010e+00
1.500000000000056843e-01
2.277499999999996305e+00
2.199999999999988631e-01
8.249999999999957367e-01
8.674999999999997158e-01
8.000000000000540012e-02
1.249999999999573674e-02
1.500000000000000000e+00
5.924999999999940314e-01
6.000000000000014211e-01
8.550000000000039790e-01
1.229999999999996874e+00
1.099999999999994316e-01
1.825000000000045475e-01
4.609999999999999432e+00
1.159999999999996589e+00
6.350000000000051159e-01
1.130000000000002558e+00
1.929999999999999716e+00
4.174999999999968736e-01
1.840000000000003411e+00
4.774999999999991473e-01
9.375000000000000000e-01
2.474999999999951683e-01
1.250000000000000000e+00
1.727499999999999147e+00
5.075000000000002842e-01
2.602499999999999147e+00
1.317500000000002558e+00
6.625000000000014211e-01
2.749999999999985789e-01
3.675000000000068212e-01
2.189999999999997726e+00
7.025000000000005684e-01
3.224999999999980105e-01
3.602499999999999147e+00
7.399999999999948841e-01
2.175000000000011369e-01
5.250000000000198952e-02
1.599999999999965894e-01
2.255000000000002558e+00
1.567500000000002558e+00
3.949999999999960210e-01
2.750000000000000000e+00
5.474999999999994316e-01
3.075000000000045475e-01
5.749999999999744205e-02
2.875000000000014211e-01
1.155000000000001137e+00
2.424999999999997158e-01
2.074999999999960210e-01
5.775000000000005684e-01
1.702500000000000568e+00
1.649999999999991473e-01
9.999999999998010480e-03
1.067499999999995453e+00
8.200000000000002842e-01
2.000000000000000000e+00
2.449999999999974420e-01
1.440000000000004832e+00
1.024999999999991473e-01
8.574999999999945999e-01
9.575000000000031264e-01
1.500000000000000000e+00
2.044999999999994600e+00
8.300000000000054001e-01
5.524999999999948841e-01
1.284999999999996589e+00
4.749999999999943157e-02
1.449999999999960210e-01
8.750000000000568434e-02
3.874999999999957367e-01
1.925000000000025580e-01
1.147500000000000853e+00
2.449999999999974420e-01
2.450000000000045475e-01
2.867499999999999716e+00
2.325000000000017053e-01
1.477499999999999147e+00
3.999999999999914735e-02
6.349999999999980105e-01
1.602499999999999147e+00
1.490000000000001990e+00
5.049999999999954525e-01
3.000000000000042633e-01
1.099999999999994316e-01
2.814999999999997726e+00
4.474999999999980105e-01
2.875000000000014211e-01
7.599999999999980105e-01
1.785000000000003695e+00
2.924999999999968736e-01
6.150000000000019895e-01
5.649999999999977263e-01
1.734999999999999432e+00
3.075000000000045475e-01
5.090000000000003411e+00
2.412499999999994316e+00
3.782499999999998863e+00
2.449999999999974420e-01
9.750000000000369482e-02
6.199999999999974420e-01
5.200000000000031264e-01
1.202499999999993463e+00
6.550000000000011369e-01
9.475000000000051159e-01
2.027500000000003411e+00
3.297499999999999432e+00
1.242499999999999716e+00
3.500000000000369482e-02
3.750000000000142109e-02
3.699999999999974420e-01
3.725000000000022737e-01
2.419999999999994600e+00
3.534999999999996589e+00
3.499999999999943157e-01
6.000000000000014211e-01
6.750000000000255795e-02
1.274999999999998579e+00
2.349999999999994316e-01
2.144999999999996021e+00
3.599999999999994316e-01
3.975000000000008527e-01
2.500000000000000000e-01
2.300000000000039790e-01
7.599999999999980105e-01
3.825000000000002842e-01
1.262500000000002842e+00
3.000000000000113687e-02
2.849999999999965894e-01
6.750000000000042633e-01
1.092500000000001137e+00
1.424999999999982947e-01
5.125000000000028422e-01
4.124999999999943157e-01
4.725000000000036948e-01
7.625000000000028422e-01
6.424999999999982947e-01
7.000000000000028422e-02
3.000000000000113687e-02
1.299999999999954525e-01
7.750000000000056843e-02
2.117499999999999716e+00
2.527500000000003411e+00
5.499999999999971578e-02
5.075000000000002842e-01
6.499999999999772626e-02
4.234999999999999432e+00
1.145000000000003126e+00
1.950000000000002842e-01
1.332500000000003126e+00
3.650000000000019895e-01
5.974999999999965894e-01
1.675000000000039790e-01
3.574999999999945999e-01
8.900000000000005684e-01
3.925000000000054001e-01
2.112500000000004263e+00
1.107499999999994600e+00
3.010000000000005116e+00
3.549999999999968736e-01
3.699999999999974420e-01
4.624999999999985789e-01
2.999999999999971578e-01
4.399999999999977263e-01
4.875000000000042633e-01
3.999999999999985789e-01
9.999999999998010480e-03
1.375000000000000000e+00
2.250000000000085265e-02
1.337499999999998579e+00
2.100000000000008527e-01
3.500000000000014211e-01
4.999999999999715783e-02
1.377499999999997726e+00
7.850000000000036948e-01
7.000000000000028422e-02
9.624999999999985789e-01
2.935000000000002274e+00
1.554999999999999716e+00
1.250000000000000000e-01
1.592500000000001137e+00
4.125000000000014211e-01
3.499999999999943157e-01
8.025000000000019895e-01
9.549999999999982947e-01
5.850000000000001421e+00
1.877499999999997726e+00
4.200000000000017053e-01
1.325000000000002842e-01
1.547499999999999432e+00
9.874999999999971578e-01
1.827500000000000568e+00
5.975000000000036948e-01
9.749999999999658939e-02
4.950000000000045475e-01
1.442499999999995453e+00
2.725000000000008527e-01
9.099999999999965894e-01
1.174999999999997158e-01
4.975000000000022737e-01
3.100000000000022737e-01
1.367499999999999716e+00
3.275000000000005684e-01
1.802500000000001990e+00
8.025000000000019895e-01
8.599999999999994316e-01
2.094999999999998863e+00
4.440000000000004832e+00
1.350000000000001421e+00
2.999999999999971578e-01
1.382500000000000284e+00
4.125000000000014211e-01
3.750000000000000000e-01
6.325000000000002842e-01
5.200000000000031264e-01
7.374999999999971578e-01
4.912500000000001421e+00
8.249999999999957367e-01
6.424999999999982947e-01
2.080000000000005400e+00
4.149999999999991473e-01
6.250000000000000000e-02
3.999999999999985789e-01
1.960000000000000853e+00
1.265000000000000568e+00
2.057500000000004547e+00
2.799999999999997158e+00
2.392499999999998295e+00
1.097500000000003695e+00
4.999999999995452526e-03
7.575000000000002842e-01
1.500000000000056843e-02
3.380000000000002558e+00
1.612500000000004263e+00
2.224999999999965894e-01
7.175000000000011369e-01
7.424999999999997158e-01
4.299999999999997158e-01
4.450000000000002842e-01
2.950000000000017053e-01
8.749999999999857891e-02
2.674999999999982947e-01
3.767500000000005400e+00
1.250000000000000000e-01
1.780000000000001137e+00
9.249999999999971578e-01
3.627499999999997726e+00
2.009999999999998010e+00
7.650000000000005684e-01
2.175000000000011369e-01
4.675000000000011369e-01
2.299999999999968736e-01
7.100000000000008527e-01
5.000000000002557954e-03
5.124999999999957367e-01
1.375000000000028422e-01
3.149999999999977263e-01
7.950000000000017053e-01
1.159999999999996589e+00
7.150000000000034106e-01
1.924999999999954525e-01
5.325000000000059686e-01
5.625000000000000000e-01
2.799999999999940314e-01
7.500000000000284217e-02
6.724999999999994316e-01
2.700000000000031264e-01
1.769999999999996021e+00
5.850000000000008527e-01
1.857500000000001705e+00
1.827500000000000568e+00
5.050000000000025580e-01
2.992499999999999716e+00
6.400000000000005684e-01
1.077500000000000568e+00
3.200000000000002842e-01
1.002499999999997726e+00
2.800000000000011369e-01
3.927500000000001990e+00
2.322499999999998010e+00
2.657499999999998863e+00
4.575000000000031264e-01
1.185000000000002274e+00
9.800000000000039790e-01
1.122499999999995168e+00
1.375000000000000000e+00
3.779999999999994031e+00
7.274999999999991473e-01
9.500000000000596856e-02
7.525000000000048317e-01
2.429999999999999716e+00
2.307500000000004547e+00
2.277499999999996305e+00
2.124999999999985789e-01
1.112500000000004263e+00
2.092500000000001137e+00
3.449999999999988631e-01
1.287500000000001421e+00
4.449999999999931788e-01
8.950000000000031264e-01
1.369999999999997442e+00
8.875000000000028422e-01
1.277499999999996305e+00
6.600000000000036948e-01
4.024999999999963052e-01
1.525000000000034106e-01
7.500000000000284217e-03
4.250000000000397904e-02
2.224999999999965894e-01
2.625000000000028422e-01
8.749999999999857891e-02
3.125000000000000000e-01
2.899999999999991473e-01
3.800000000000025580e-01
1.424999999999997158e+00
2.362500000000004263e+00
9.250000000000042633e-01
1.752499999999997726e+00
3.390000000000000568e+00
1.219999999999998863e+00
2.064999999999997726e+00
1.257500000000000284e+00
2.749999999999985789e-01
5.875000000000056843e-01
4.124999999999943157e-01
3.250000000000028422e-01
3.224999999999980105e-01
4.975000000000022737e-01
2.824999999999988631e-01
1.849999999999951683e-01
3.625000000000042633e-01
2.782499999999998863e+00
3.225000000000001421e+00
5.099999999999980105e-01
5.799999999999982947e-01
1.037500000000001421e+00
4.750000000000014211e-01
1.732500000000001705e+00
2.475000000000001421e+00
5.625000000000000000e-01
1.062500000000000000e+00
1.914999999999999147e+00
4.384999999999998010e+00
3.377499999999997726e+00
3.624999999999971578e-01
4.199999999999945999e-01
1.325000000000002842e-01
2.449999999999974420e-01
2.974999999999994316e-01
5.150000000000005684e-01
6.174999999999997158e-01
1.424999999999982947e-01
7.075000000000031264e-01
2.150000000000034106e-01
1.164999999999999147e+00
2.810000000000002274e+00
2.054999999999999716e+00
7.849999999999965894e-01
2.075000000000031264e-01
4.249999999999971578e-01
1.450000000000002842e+00
3.534999999999996589e+00
2.850000000000036948e-01
3.727499999999999147e+00
1.079999999999998295e+00
2.164999999999999147e+00
2.849999999999965894e-01
8.075000000000045475e-01
3.575000000000017053e-01
1.599999999999965894e-01
1.582500000000003126e+00
8.549999999999968736e-01
3.249999999999886313e-02
8.200000000000002842e-01
4.780000000000001137e+00
1.762500000000002842e+00
8.500000000000085265e-02
1.545000000000001705e+00
6.774999999999948841e-01
9.250000000000113687e-02
3.845000000000005969e+00
1.404999999999994031e+00
1.919999999999994600e+00
1.350000000000051159e-01
1.809999999999995168e+00
2.225000000000036948e-01
4.874999999999971578e-01
1.772499999999993747e+00
7.650000000000005684e-01
1.300000000000025580e-01
2.109999999999999432e+00
1.412500000000001421e+00
3.224999999999980105e-01
1.317500000000002558e+00
2.725000000000008527e-01
6.649999999999991473e-01
8.875000000000028422e-01
4.699999999999988631e-01
8.549999999999968736e-01
1.332500000000003126e+00
1.550000000000011369e-01
6.000000000000014211e-01
5.850000000000008527e-01
6.649999999999991473e-01
2.312500000000000000e+00
1.824999999999974420e-01
3.374999999999985789e-01
1.207500000000003126e+00
1.852499999999999147e+00
1.982499999999994600e+00
8.650000000000019895e-01
7.449999999999974420e-01
6.099999999999994316e-01
3.550000000000039790e-01
1.792500000000003979e+00
2.499999999999857891e-02
3.075000000000045475e-01
1.314999999999997726e+00
4.825000000000017053e-01
2.849999999999965894e-01
1.292500000000003979e+00
1.412500000000001421e+00
3.650000000000019895e-01
1.465000000000003411e+00
1.174999999999997158e-01
1.675000000000004263e+00
2.875000000000014211e-01
8.800000000000025580e-01
1.199999999999974420e-01
6.524999999999963052e-01
2.325000000000017053e-01
4.787499999999994316e+00
6.250000000000000000e-01
1.377499999999997726e+00
1.700000000000017053e-01
1.795000000000001705e+00
3.249999999999886313e-02
7.500000000000284217e-02
4.049999999999940314e-01
9.200000000000017053e-01
5.625000000000000000e-01
2.049999999999982947e-01
6.850000000000022737e-01
3.035000000000003695e+00
1.390000000000000568e+00
4.575000000000031264e-01
8.249999999999957367e-01
6.300000000000025580e-01
1.225000000000001421e+00
8.599999999999994316e-01
6.500000000000483169e-02
1.299999999999954525e-01
5.407499999999998863e+00
1.935000000000002274e+00
3.374999999999985789e-01
9.224999999999994316e-01
1.577500000000000568e+00
2.775000000000034106e-01
1.079999999999998295e+00
1.499999999999985789e-01
2.099999999999994316e+00
4.675000000000011369e-01
1.852499999999999147e+00
3.929999999999999716e+00
3.200000000000002842e-01
1.075000000000017053e-01
1.562500000000000000e+00
3.650000000000019895e-01
6.325000000000002842e-01
9.575000000000031264e-01
3.650000000000019895e-01
6.724999999999994316e-01
1.517499999999998295e+00
7.824999999999988631e-01
3.150000000000048317e-01
3.649999999999948841e-01
7.075000000000031264e-01
7.274999999999991473e-01
3.000000000000000000e+00
3.149999999999977263e-01
3.425000000000011369e-01
5.525000000000019895e-01
1.299999999999954525e-01
7.750000000000056843e-01
3.299999999999982947e-01
2.269999999999996021e+00
2.774999999999998579e+00
7.674999999999982947e-01
1.522500000000000853e+00
2.400000000000019895e-01
5.999999999999943157e-01
9.600000000000008527e-01
9.999999999998010480e-03
2.224999999999965894e-01
1.625000000000000000e+00
1.300000000000025580e-01
8.100000000000022737e-01
1.862500000000004263e+00
7.774999999999963052e-01
1.669999999999994600e+00
1.277499999999996305e+00
2.900000000000062528e-01
2.622499999999995168e+00
1.257500000000000284e+00
6.000000000000227374e-02
1.132500000000000284e+00
1.750000000000000000e+00
7.750000000000056843e-02
5.449999999999945999e-01
2.225000000000036948e-01
1.404999999999994031e+00
1.287500000000001421e+00
8.150000000000048317e-01
3.417499999999996874e+00
2.400000000000019895e-01
1.579999999999998295e+00
2.115000000000001990e+00
3.674999999999997158e-01
3.475000000000036948e-01
8.924999999999982947e-01
5.375000000000014211e-01
1.509999999999998010e+00
4.924999999999997158e-01
3.425000000000011369e-01
2.487500000000004263e+00
4.349999999999951683e-01
1.497500000000002274e+00
1.049999999999968736e-01
1.560000000000002274e+00
1.140000000000000568e+00
1.852499999999999147e+00
8.325000000000031264e-01
9.999999999998010480e-03
1.240000000000001990e+00
3.999999999999914735e-02
1.644999999999996021e+00
9.649999999999963052e-01
1.015000000000000568e+00
5.925000000000011369e-01
7.324999999999945999e-01
1.199999999999974420e-01
1.052500000000001990e+00
7.000000000000028422e-01
3.325000000000002842e+00
8.374999999999985789e-01
1.439999999999997726e+00
3.875000000000028422e-01
1.405000000000001137e+00
7.999999999999829470e-02
1.925000000000004263e+00
1.295000000000001705e+00
1.925000000000025580e-01
1.349999999999980105e-01
5.674999999999954525e-01
2.800000000000011369e-01
9.949999999999974420e-01
7.249999999999943157e-01
2.974999999999994316e-01
8.950000000000031264e-01
3.374999999999985789e-01
4.275000000000019895e-01
1.250000000000000000e-01
2.615000000000001990e+00
3.399999999999963052e-01
2.600000000000001421e+00
5.700000000000002842e-01
1.087499999999998579e+00
7.249999999999801048e-02
1.744999999999997442e+00
1.195000000000000284e+00
5.150000000000005684e-01
3.149999999999977263e-01
6.000000000000227374e-02
1.020000000000003126e+00
1.749999999999829470e-02
4.877499999999997726e+00
1.692500000000002558e+00
7.349999999999994316e-01
1.075000000000017053e-01
2.049999999999982947e-01
1.392499999999998295e+00
1.310000000000002274e+00
1.695000000000000284e+00
5.650000000000048317e-01
1.375000000000000000e+00
7.349999999999994316e-01
1.199999999999974420e-01
1.580000000000005400e+00
2.310000000000002274e+00
1.727499999999999147e+00
7.499999999999573674e-02
2.617499999999999716e+00
5.800000000000054001e-01
2.460000000000000853e+00
4.725000000000036948e-01
1.099999999999994316e+00
4.355000000000003979e+00
8.725000000000022737e-01
7.700000000000031264e-01
2.974999999999994316e-01
1.999999999999602096e-02
8.250000000000028422e-01
1.725000000000001421e+00
6.049999999999968736e-01
2.562500000000000000e+00
1.647499999999993747e+00
1.429999999999999716e+00
4.039999999999999147e+00
1.024999999999991473e-01
5.625000000000000000e-01
1.752500000000004832e+00
1.639999999999993463e+00
2.600000000000051159e-01
9.749999999999658939e-02
2.957500000000003126e+00
2.674999999999982947e-01
1.717500000000001137e+00
3.725000000000022737e-01
7.249999999999801048e-02
7.349999999999994316e-01
9.749999999999943157e-01
3.449999999999988631e-01
5.400000000000062528e-01
1.642499999999998295e+00
6.425000000000054001e-01
2.847499999999996589e+00
7.150000000000034106e-01
9.750000000000014211e-01
3.599999999999994316e-01
2.454999999999998295e+00
5.275000000000034106e-01
1.089999999999996305e+00
1.325000000000002842e+00
1.725000000000001421e+00
7.524999999999977263e-01
6.325000000000002842e-01
2.325000000000017053e-01
2.874999999999943157e-01
7.999999999999829470e-02
1.895000000000003126e+00
1.832500000000003126e+00
4.924999999999997158e-01
2.650000000000005684e-01
7.724999999999937472e-01
5.450000000000017053e-01
1.225000000000022737e-01
5.775000000000005684e-01
3.424999999999940314e-01
2.865000000000001990e+00
1.449999999999960210e-01
1.475000000000008527e-01
8.749999999999857891e-02
1.419999999999994600e+00
3.674999999999997158e-01
3.575000000000017053e-01
3.000000000000113687e-02
5.499999999999971578e-02
6.325000000000002842e-01
5.199999999999960210e-01
1.075000000000017053e-01
1.864999999999994884e+00
4.254999999999995453e+00
3.174999999999997158e+00
1.750000000000000000e+00
2.032499999999998863e+00
6.000000000000227374e-02
9.749999999999658939e-02
1.422499999999999432e+00
1.982500000000001705e+00
4.125000000000014211e-01
1.217500000000001137e+00
1.274999999999998579e+00
9.025000000000034106e-01
1.527499999999996305e+00
4.774999999999991473e-01
2.950000000000017053e-01
1.375000000000028422e-01
2.017499999999998295e+00
2.067500000000002558e+00
8.750000000000000000e-01
4.200000000000017053e-01
1.519999999999996021e+00
2.462499999999998579e+00
1.475000000000008527e-01
2.984999999999999432e+00
1.119999999999997442e+00
5.015000000000000568e+00
3.030000000000001137e+00
1.119999999999997442e+00
5.449999999999945999e-01
7.175000000000011369e-01
2.082499999999996021e+00
3.000000000000042633e-01
2.167499999999996874e+00
1.475000000000008527e-01
1.544999999999994600e+00
7.274999999999991473e-01
1.577500000000000568e+00
3.425000000000011369e-01
2.097499999999996589e+00
8.675000000000068212e-01
2.272500000000000853e+00
4.897500000000000853e+00
4.524999999999998579e+00
5.300000000000011369e-01
1.287500000000001421e+00
1.375000000000028422e-01
2.500000000000000000e-01
2.874999999999943157e-01
1.657499999999998863e+00
1.072499999999998010e+00
2.625000000000028422e-01
9.649999999999963052e-01
1.587500000000005684e+00
2.725000000000008527e-01
2.699999999999960210e-01
5.999999999999516831e-02
8.350000000000008527e-01
2.899999999999991473e-01
5.700000000000002842e-01
8.800000000000025580e-01
1.775000000000019895e-01
3.724999999999951683e-01
1.957499999999996021e+00
1.525000000000034106e-01
2.824999999999988631e-01
9.699999999999988631e-01
6.649999999999991473e-01
4.074999999999988631e-01
4.750000000000014211e-01
1.787500000000001421e+00
1.075000000000017053e-01
1.934999999999995168e+00
1.507500000000000284e+00
2.347499999999996589e+00
2.499999999997726263e-03
2.625000000000028422e-01
4.024999999999998579e+00
4.399999999999977263e-01
