5.625000000000000000e-01
1.059999999999998721e+00
3.775000000000012790e-01
2.157499999999998863e+00
1.325000000000002842e-01
1.724999999999994316e-01
2.500000000001278977e-03
1.425000000000000711e-01
3.860000000000001208e+00
2.025000000000005684e-01
4.749999999999943157e-02
7.174999999999993605e-01
8.499999999999996447e-01
2.650000000000005684e-01
2.787499999999999645e+00
1.247500000000000497e+00
1.212500000000000355e+00
3.025000000000002132e-01
2.810000000000000497e+00
1.974999999999997868e-01
3.667500000000000426e+00
5.849999999999990763e-01
2.394999999999999574e+00
6.250000000000000000e-02
4.550000000000000711e-01
4.450000000000002842e-01
1.617499999999999716e+00
1.224999999999999645e+00
2.977500000000000924e+00
7.899999999999991473e-01
3.574999999999999289e+00
6.149999999999984368e-01
9.250000000000113687e-02
1.839999999999999858e+00
1.267500000000000071e+00
1.047499999999999432e+00
8.300000000000000711e-01
1.792500000000000426e+00
1.799999999999997158e-01
1.925000000000000711e+00
1.302500000000000213e+00
1.679999999999999716e+00
2.324999999999999289e-01
5.049999999999990052e-01
2.774999999999998579e-01
5.050000000000007816e-01
2.349999999999994316e-01
2.535000000000000142e+00
8.250000000000135003e-02
2.004999999999999005e+00
1.049999999999986500e-01
1.925000000000007816e-01
5.024999999999995026e-01
2.645000000000001350e+00
3.750000000000000000e+00
3.599999999999994316e-01
1.200000000000009948e-01
9.199999999999999289e-01
3.224999999999997868e-01
9.800000000000004263e-01
5.225000000000008527e-01
2.287499999999999645e+00
1.977499999999999147e+00
4.149999999999991473e-01
1.702500000000000568e+00
1.845000000000000639e+00
2.397499999999999076e+00
3.492499999999999716e+00
1.382500000000000284e+00
2.699999999999995737e-01
8.900000000000005684e-01
1.675000000000004263e-01
4.849999999999994316e-01
1.110000000000001208e+00
2.400000000000002132e-01
7.275000000000009237e-01
5.674999999999990052e-01
4.824999999999999289e-01
1.865000000000000213e+00
1.882499999999998508e+00
4.399999999999995026e-01
4.299999999999997158e-01
9.999999999999786837e-03
1.362500000000000711e+00
4.175000000000004263e-01
2.435000000000000497e+00
3.500000000000014211e-02
8.149999999999995026e-01
1.195000000000000284e+00
2.300000000000004263e-01
5.499999999999971578e-02
1.512499999999999289e+00
8.550000000000004263e-01
6.475000000000008527e-01
2.942499999999999005e+00
2.100000000000008527e-01
2.855000000000000426e+00
9.200000000000017053e-01
2.174999999999993605e-01
6.799999999999997158e-01
2.162499999999999645e+00
1.177500000000000213e+00
1.375000000000000000e+00
1.647499999999999076e+00
5.024999999999995026e-01
1.107499999999999929e+00
5.200000000000013500e-01
4.725000000000001421e-01
9.975000000000004974e-01
7.625000000000010658e-01
1.487499999999998934e+00
1.247500000000000497e+00
4.474999999999997868e-01
2.699999999999995737e-01
1.537499999999999645e+00
2.070000000000000284e+00
4.224999999999994316e-01
2.694999999999998508e+00
7.874999999999996447e-01
2.400000000000002132e-01
1.080000000000000071e+00
7.750000000000056843e-02
2.814999999999999503e+00
2.035000000000000142e+00
9.249999999999936051e-02
1.127500000000001279e+00
3.427500000000000213e+00
8.400000000000016342e-01
2.574999999999985079e-01
1.775000000000002132e-01
4.999999999999005240e-03
1.125000000000000000e+00
8.750000000000000000e-01
5.499999999999971578e-02
6.425000000000000711e-01
3.100000000000004974e-01
2.650000000000005684e-01
6.074999999999999289e-01
3.125000000000000000e-01
1.474999999999999645e+00
7.524999999999995026e-01
1.999999999999957367e-02
1.117499999999999716e+00
1.750000000000007105e-02
4.100000000000001421e-01
9.474999999999997868e-01
1.245000000000000995e+00
1.649999999999991473e-01
1.130000000000000782e+00
3.549999999999986500e-01
2.450000000000009948e-01
1.399999999999998579e+00
9.700000000000006395e-01
1.439999999999999503e+00
9.400000000000012790e-01
1.027499999999999858e+00
1.024999999999998579e+00
1.000000000000156319e-02
1.382499999999998508e+00
4.225000000000012079e-01
4.375000000000000000e-01
1.124999999999989342e-01
3.275000000000005684e-01
4.574999999999995737e-01
1.172499999999999432e+00
5.675000000000007816e-01
1.752499999999999503e+00
1.575000000000006395e-01
1.349999999999997868e-01
4.499999999999992895e-02
5.199999999999995737e-01
9.199999999999999289e-01
2.774999999999998579e-01
4.024999999999998579e-01
7.825000000000006395e-01
1.587500000000000355e+00
1.994999999999999218e+00
3.174999999999990052e-01
9.250000000000007105e-01
6.950000000000002842e-01
8.249999999999957367e-02
8.049999999999997158e-01
1.125000000000000000e+00
5.649999999999995026e-01
6.950000000000002842e-01
3.949999999999995737e-01
1.540000000000000924e+00
9.999999999999786837e-03
2.265000000000000568e+00
1.134999999999999787e+00
1.897500000000000853e+00
3.249999999999886313e-02
9.900000000000002132e-01
1.822499999999999787e+00
3.375000000000003553e-01
7.025000000000005684e-01
2.850000000000001421e-01
2.037499999999999645e+00
1.399999999999987921e-01
2.700000000000013500e-01
1.122499999999998721e+00
1.022500000000000853e+00
3.500000000000014211e-02
3.424999999999993605e-01
2.207499999999999574e+00
1.917500000000000426e+00
9.249999999999936051e-02
6.250000000000000000e-01
2.764999999999998792e+00
3.925000000000000711e-01
3.075000000000001066e+00
9.500000000000010658e-01
9.250000000000007105e-01
1.040000000000000924e+00
2.032499999999998863e+00
1.902499999999999858e+00
6.574999999999988631e-01
1.337500000000000355e+00
6.225000000000004974e-01
3.445000000000000284e+00
7.125000000000003553e-01
5.350000000000001421e-01
4.092499999999999361e+00
2.175000000000011369e-01
1.619999999999999218e+00
1.455000000000000071e+00
4.124999999999996447e-01
1.517500000000000071e+00
7.074999999999995737e-01
6.000000000000049738e-02
7.200000000000006395e-01
2.799999999999998934e+00
8.725000000000004974e-01
4.024999999999998579e-01
6.125000000000007105e-01
9.000000000000003553e-01
7.874999999999996447e-01
1.287499999999999645e+00
6.974999999999997868e-01
9.474999999999997868e-01
5.024999999999995026e-01
9.399999999999995026e-01
1.522500000000000853e+00
1.062500000000000000e+00
1.429999999999999716e+00
1.624999999999996447e-01
1.140000000000000568e+00
5.549999999999997158e-01
1.342499999999999361e+00
2.752500000000001279e+00
1.000000000000000000e+00
2.499999999999857891e-02
6.175000000000014921e-01
7.224999999999983658e-01
1.160000000000000142e+00
5.200000000000013500e-01
1.637500000000001066e+00
2.994999999999999218e+00
5.750000000000010658e-01
2.507500000000000284e+00
1.147499999999999076e+00
7.649999999999987921e-01
1.862500000000000711e+00
1.179999999999999716e+00
2.825000000000006395e-01
4.250000000000042633e-02
2.792500000000000426e+00
1.750000000000007105e-02
1.174999999999997158e-01
1.362499999999998934e+00
7.675000000000000711e-01
2.324999999999999289e-01
1.814999999999999503e+00
1.950000000000002842e-01
1.307500000000000995e+00
2.649999999999987921e-01
4.445000000000000284e+00
2.304999999999999716e+00
1.827499999999998792e+00
2.024999999999998579e+00
6.549999999999993605e-01
1.850000000000004974e-01
1.122500000000000497e+00
1.342499999999999361e+00
5.500000000000007105e-01
8.775000000000012790e-01
6.549999999999993605e-01
1.032500000000000639e+00
1.467499999999999361e+00
7.724999999999990763e-01
7.949999999999999289e-01
4.224999999999994316e-01
1.172500000000001208e+00
1.099999999999994316e-01
3.000000000000007105e-01
1.999999999999992895e-01
2.300000000000004263e-01
1.250000000000000000e-01
1.089999999999999858e+00
2.175000000000011369e-01
1.137499999999999289e+00
1.602499999999999147e+00
2.150000000000016342e-01
2.285000000000000142e+00
1.752500000000001279e+00
1.017500000000000071e+00
2.599999999999997868e-01
2.787499999999999645e+00
1.317499999999999005e+00
2.800000000000011369e-01
1.240000000000000213e+00
1.734999999999999432e+00
1.574999999999999289e+00
5.775000000000005684e-01
6.425000000000000711e-01
2.849999999999999645e+00
1.425000000000000711e-01
1.125000000000007105e-01
5.099999999999997868e-01
1.330000000000000071e+00
2.637499999999999289e+00
6.274999999999995026e-01
7.575000000000002842e-01
9.874999999999989342e-01
6.875000000000000000e-01
9.999999999999786837e-03
4.900000000000002132e-01
1.500000000000056843e-02
9.550000000000000711e-01
1.699999999999999289e-01
4.499999999999992895e-02
2.320000000000000284e+00
1.285000000000000142e+00
1.494999999999999218e+00
1.252499999999999503e+00
7.600000000000015632e-01
1.249999999999928946e-02
7.149999999999998579e-01
6.074999999999999289e-01
8.800000000000007816e-01
2.367499999999999716e+00
1.775000000000002132e-01
2.324999999999999289e-01
3.599999999999994316e-01
7.575000000000002842e-01
8.099999999999987210e-01
9.750000000000014211e-02
2.100000000000008527e-01
1.457499999999999574e+00
2.149999999999998579e-01
3.450000000000006395e-01
1.449999999999999289e+00
3.999999999999914735e-02
1.185000000000000497e+00
1.335000000000000853e+00
8.574999999999999289e-01
4.175000000000004263e-01
1.974999999999999645e+00
2.250000000000014211e-01
1.349999999999997868e-01
1.162499999999999645e+00
3.525000000000000355e+00
3.399999999999998579e-01
6.924999999999990052e-01
4.200000000000017053e-01
1.184999999999998721e+00
2.702500000000000568e+00
2.480000000000000426e+00
1.000000000000000000e+00
7.350000000000012079e-01
1.574999999999988631e-01
1.042500000000000426e+00
1.849999999999999645e+00
3.250000000000063949e-02
3.089999999999999858e+00
4.924999999999997158e-01
1.157499999999998863e+00
8.250000000000135003e-02
1.134999999999999787e+00
2.530000000000001137e+00
2.899999999999991473e-01
2.437500000000000000e+00
1.397499999999999076e+00
3.445000000000000284e+00
2.250000000000085265e-02
1.499999999999879208e-02
3.700000000000009948e-01
1.455000000000000071e+00
5.874999999999985789e-01
3.044999999999999929e+00
9.775000000000009237e-01
9.499999999999886313e-02
8.350000000000008527e-01
1.455000000000000071e+00
2.475000000000004974e-01
3.449999999999988631e-01
5.799999999999982947e-01
3.975000000000008527e-01
2.642500000000000071e+00
3.300000000000000711e-01
7.615000000000000213e+00
1.324999999999999289e+00
2.469999999999998863e+00
6.400000000000005684e-01
1.962500000000000355e+00
5.325000000000006395e-01
4.149999999999991473e-01
1.300000000000000711e+00
1.374999999999992895e-01
2.725000000000008527e-01
1.575000000000001066e+00
5.625000000000000000e-01
1.584999999999999076e+00
1.857499999999999929e+00
2.349999999999994316e-01
3.025000000000002132e-01
9.999999999999964473e-02
1.475000000000008527e-01
1.779999999999999361e+00
9.249999999999936051e-02
1.037500000000001421e+00
1.225000000000004974e-01
1.025000000000009237e-01
7.149999999999998579e-01
4.974999999999987210e-01
6.200000000000009948e-01
1.889999999999998792e+00
1.612500000000000711e+00
4.624999999999985789e-01
2.057500000000000995e+00
3.774999999999995026e-01
3.550000000000004263e-01
4.924999999999997158e-01
1.562500000000000000e+00
1.999999999999957367e-02
4.300000000000014921e-01
1.125000000000000000e+00
1.074999999999999289e-01
1.474999999999990763e-01
7.249999999999978684e-02
4.749999999999996447e-01
2.775000000000016342e-01
1.382500000000000284e+00
6.025000000000009237e-01
2.375000000000007105e-01
1.972499999999998366e+00
4.250000000000007105e-01
7.174999999999993605e-01
5.224999999999990763e-01
1.227500000000000924e+00
8.099999999999987210e-01
7.525000000000012790e-01
1.969999999999998863e+00
8.025000000000002132e-01
3.874999999999992895e-01
1.550000000000011369e-01
3.174999999999990052e-01
1.110000000000001208e+00
1.099999999999999645e+00
2.125000000000000000e+00
5.625000000000000000e-01
1.600000000000001421e-01
1.437500000000000000e+00
2.314999999999999503e+00
5.400000000000009237e-01
2.549999999999990052e-01
7.324999999999999289e-01
3.750000000000142109e-02
7.499999999999928946e-02
4.375000000000000000e-01
6.000000000000049738e-02
2.184999999999998721e+00
7.074999999999995737e-01
2.974999999999994316e-01
2.240000000000000213e+00
7.100000000000008527e-01
1.662499999999999645e+00
1.597500000000000142e+00
1.352499999999999147e+00
1.650000000000009237e-01
1.650000000000000355e+00
2.212500000000000355e+00
1.944999999999998508e+00
1.984999999999999432e+00
9.750000000000014211e-02
1.462500000000000355e+00
1.144999999999999574e+00
2.142500000000000071e+00
1.317500000000000782e+00
3.649999999999998579e+00
1.387500000000001066e+00
8.750000000000000000e-01
1.035000000000000142e+00
7.075000000000013500e-01
7.124999999999985789e-01
2.532500000000000639e+00
3.424999999999993605e-01
2.625000000000010658e-01
1.077500000000000568e+00
2.614999999999998437e+00
1.442499999999999005e+00
1.610000000000001208e+00
4.699999999999988631e-01
1.042500000000000426e+00
2.925000000000004263e-01
2.850000000000001421e-01
4.500000000000010658e-01
1.259999999999999787e+00
1.247500000000000497e+00
1.139999999999998792e+00
1.362500000000000711e+00
1.109999999999999432e+00
2.375000000000007105e-01
1.250000000000000000e-01
7.050000000000000711e-01
7.974999999999994316e-01
5.975000000000001421e-01
1.037499999999999645e+00
8.174999999999990052e-01
2.725000000000008527e-01
1.439999999999999503e+00
4.574999999999995737e-01
5.549999999999997158e-01
1.994999999999999218e+00
1.050000000000000711e+00
1.580000000000000071e+00
2.974999999999994316e-01
7.250000000000156319e-02
1.504999999999999005e+00
4.224999999999994316e-01
2.660000000000000142e+00
1.142500000000000071e+00
6.224999999999987210e-01
3.227499999999999147e+00
1.459999999999999076e+00
4.499999999999992895e-02
1.887500000000001066e+00
8.074999999999992184e-01
1.169999999999999929e+00
4.175000000000004263e-01
1.875000000000000000e-01
1.384999999999999787e+00
2.324999999999999289e-01
9.999999999999964473e-02
7.299999999999986500e-01
1.830000000000000071e+00
1.755000000000000782e+00
4.247500000000000497e+00
1.275000000000012790e-01
3.749999999999964473e-02
3.375000000000003553e-01
3.125000000000000000e-01
5.249999999999985789e-01
2.800000000000011369e-01
1.397499999999999076e+00
9.500000000000063949e-02
3.064999999999999503e+00
5.399999999999991473e-01
1.140000000000000568e+00
2.125000000000003553e-01
1.425000000000000711e+00
4.250000000000007105e-01
2.707499999999999574e+00
3.250000000000063949e-02
1.574999999999988631e-01
5.684999999999998721e+00
8.274999999999987921e-01
1.000000000000156319e-02
2.949999999999999289e-01
7.499999999999928946e-02
1.500000000000003553e-01
2.999999999999936051e-02
7.750000000000003553e-01
2.415000000000000924e+00
1.285000000000000142e+00
1.850000000000004974e-01
2.774999999999998579e-01
7.799999999999993605e-01
2.872500000000000497e+00
1.007500000000000284e+00
5.449999999999999289e-01
2.424999999999997158e-01
2.000000000000010658e-01
6.499999999999950262e-02
8.500000000000085265e-02
1.502499999999999503e+00
4.275000000000002132e-01
1.117499999999999716e+00
9.999999999999786837e-03
1.574999999999999289e+00
4.875000000000007105e-01
5.299999999999993605e-01
4.682499999999999218e+00
5.899999999999998579e-01
3.650000000000002132e-01
6.600000000000001421e-01
5.525000000000002132e-01
2.767500000000000071e+00
2.927500000000000213e+00
4.150000000000009237e-01
2.742499999999999716e+00
1.742499999999999716e+00
1.722500000000000142e+00
2.050000000000000711e-01
1.050000000000004263e-01
2.092499999999999361e+00
7.125000000000003553e-01
1.997500000000000497e+00
6.799999999999997158e-01
1.187500000000000000e+00
1.819999999999998508e+00
2.294999999999999929e+00
1.622499999999998721e+00
3.524999999999991473e-01
5.050000000000007816e-01
9.750000000000014211e-02
5.724999999999997868e-01
5.749999999999921840e-02
6.550000000000011369e-01
2.682499999999999218e+00
1.524999999999998579e-01
7.149999999999998579e-01
5.899999999999998579e-01
7.500000000000106581e-02
1.304999999999999716e+00
2.297499999999999432e+00
2.567500000000000782e+00
5.325000000000006395e-01
4.224999999999994316e-01
1.009999999999999787e+00
1.627500000000001279e+00
7.475000000000004974e-01
7.599999999999997868e-01
1.104999999999998650e+00
2.522500000000000853e+00
8.574999999999999289e-01
1.274999999999995026e-01
1.355000000000000426e+00
7.575000000000002842e-01
1.662500000000001421e+00
3.199999999999985079e-01
3.050000000000014921e-01
2.274999999999991473e-01
4.574999999999995737e-01
7.500000000000106581e-02
1.937500000000000000e+00
3.874999999999992895e-01
5.199999999999995737e-01
1.799999999999997158e-01
2.925000000000004263e-01
6.050000000000004263e-01
1.522500000000000853e+00
3.162499999999999645e+00
2.250000000000085265e-02
2.474999999999987210e-01
7.725000000000008527e-01
4.725000000000001421e-01
2.189999999999999503e+00
5.749999999999921840e-02
9.924999999999997158e-01
1.035000000000000142e+00
8.324999999999995737e-01
6.649999999999991473e-01
4.225000000000012079e-01
7.249999999999996447e-01
1.007500000000000284e+00
4.424999999999990052e-01
2.474999999999999645e+00
1.272500000000000853e+00
1.824999999999992184e-01
6.625000000000014211e-01
3.060000000000000497e+00
5.074999999999985079e-01
1.592500000000001137e+00
1.737499999999998934e+00
4.450000000000002842e-01
4.399999999999995026e-01
1.040000000000000924e+00
4.499999999999992895e-01
1.274999999999995026e-01
8.900000000000005684e-01
3.580000000000000071e+00
3.500000000000014211e-02
2.925000000000004263e-01
2.154999999999999361e+00
5.800000000000000711e-01
2.850000000000001421e-01
1.677500000000000213e+00
1.562500000000000000e+00
3.500000000000014211e-02
2.875000000000014211e-01
1.339999999999999858e+00
9.324999999999992184e-01
8.275000000000005684e-01
1.097500000000000142e+00
4.275000000000002132e-01
5.274999999999998579e-01
1.972500000000000142e+00
3.525000000000009237e-01
2.824999999999999289e+00
3.744999999999999218e+00
2.039999999999999147e+00
2.625000000000000000e+00
1.750000000000007105e-01
3.074999999999992184e-01
2.175000000000011369e-01
6.799999999999997158e-01
1.630000000000000782e+00
2.899999999999991473e-01
1.270000000000001350e+00
2.379999999999999005e+00
8.674999999999997158e-01
9.000000000000003553e-01
8.724999999999987210e-01
2.500000000001278977e-03
7.675000000000000711e-01
2.249999999999996447e-01
3.382500000000000284e+00
1.392500000000000071e+00
6.349999999999997868e-01
4.824999999999999289e-01
1.800000000000014921e-01
2.349999999999994316e-01
5.099999999999997868e-01
2.872500000000000497e+00
1.279999999999999361e+00
3.074999999999992184e-01
1.325000000000002842e-01
1.850000000000004974e-01
3.574999999999999289e-01
1.500000000000003553e-01
1.077499999999998792e+00
1.272499999999999076e+00
2.599999999999997868e-01
1.750000000000007105e-02
1.712500000000000355e+00
8.499999999999996447e-01
4.237500000000000711e+00
7.149999999999998579e-01
3.105000000000000426e+00
4.075000000000006395e-01
2.424999999999998934e+00
9.249999999999936051e-02
2.374999999999989342e-01
1.000000000000156319e-02
1.035000000000000142e+00
1.555000000000001492e+00
2.862499999999998934e+00
2.517500000000000071e+00
4.750000000000120792e-02
1.662499999999999645e+00
3.275000000000005684e-01
9.024999999999998579e-01
8.624999999999989342e-01
9.924999999999997158e-01
3.850000000000015632e-01
7.499999999998507860e-03
4.525000000000005684e-01
5.025000000000012790e-01
1.974999999999997868e-01
2.370000000000000995e+00
3.200000000000002842e-01
6.574999999999988631e-01
8.249999999999957367e-02
1.535000000000000142e+00
3.475000000000001421e-01
4.250000000000007105e-01
1.750000000000007105e-02
1.322499999999999787e+00
1.234999999999999432e+00
2.000000000000010658e-01
4.474999999999997868e-01
1.892500000000000071e+00
1.500000000000000000e+00
2.152499999999999858e+00
3.550000000000004263e-01
1.124999999999989342e-01
7.225000000000001421e-01
3.150000000000012790e-01
3.424999999999993605e-01
8.800000000000007816e-01
3.399999999999998579e-01
1.850000000000004974e-01
2.025000000000005684e-01
8.424999999999993605e-01
1.450000000000013500e-01
3.999999999999914735e-02
2.007500000000000284e+00
4.250000000000042633e-02
2.474999999999987210e-01
3.542500000000000426e+00
1.464999999999999858e+00
1.077499999999998792e+00
3.224999999999997868e-01
1.900000000000012790e-01
4.375000000000000000e-01
7.499999999999928946e-02
2.337499999999998579e+00
3.650000000000002132e-01
1.225000000000004974e-01
2.000000000000000000e+00
2.625000000000010658e-01
4.425000000000007816e-01
4.149999999999991473e-01
2.525000000000000355e+00
1.962500000000000355e+00
3.524999999999991473e-01
2.500000000000000000e-01
2.750000000000003553e-01
1.125000000000000000e+00
7.949999999999999289e-01
9.325000000000009948e-01
6.674999999999986500e-01
5.925000000000011369e-01
1.374999999999992895e-01
1.125000000000007105e-01
1.000000000000000000e+00
5.150000000000005684e-01
7.849999999999983658e-01
1.422500000000001208e+00
5.875000000000003553e-01
8.499999999999907629e-02
4.450000000000002842e-01
1.174999999999997158e-01
1.535000000000000142e+00
3.550000000000004263e-01
1.134999999999999787e+00
1.382500000000000284e+00
1.250000000000000000e-01
1.199999999999992184e-01
1.375000000000000000e+00
4.875000000000007105e-01
2.699999999999995737e-01
2.245000000000000995e+00
2.124999999999985789e-01
1.550000000000011369e-01
9.999999999999964473e-02
7.499999999999928946e-02
2.794999999999999929e+00
5.049999999999990052e-01
5.750000000000099476e-02
3.974999999999990763e-01
1.150000000000002132e-01
1.224999999999999645e+00
1.894999999999999574e+00
6.650000000000009237e-01
1.400000000000005684e-01
4.307499999999999218e+00
4.300000000000014921e-01
3.074999999999992184e-01
3.149999999999995026e-01
1.750000000000007105e-02
3.525000000000009237e-01
4.499999999999992895e-02
6.624999999999996447e-01
1.352499999999999147e+00
6.425000000000000711e-01
1.904999999999999361e+00
6.925000000000007816e-01
4.225000000000012079e-01
4.900000000000002132e-01
1.462500000000000355e+00
1.417499999999998650e+00
6.875000000000000000e-01
1.207499999999999574e+00
1.074999999999999289e-01
1.750000000000007105e-02
1.817499999999999005e+00
1.240000000000000213e+00
7.599999999999997868e-01
1.962500000000000355e+00
3.749999999999964473e-02
1.050000000000004263e-01
1.032500000000000639e+00
7.749999999999879208e-02
2.245000000000000995e+00
6.199999999999992184e-01
2.192500000000000782e+00
6.000000000000049738e-02
6.325000000000002842e-01
1.167500000000000426e+00
3.674999999999997158e-01
2.249999999999907629e-02
6.325000000000002842e-01
5.750000000000010658e-01
3.999999999999914735e-02
8.599999999999994316e-01
1.277499999999999858e+00
1.450000000000013500e-01
6.849999999999987210e-01
1.145000000000001350e+00
4.124999999999996447e-01
9.999999999999964473e-02
1.527499999999999858e+00
9.824999999999999289e-01
3.152499999999999858e+00
1.999999999999957367e-02
9.900000000000002132e-01
6.375000000000010658e-01
3.460000000000000853e+00
4.925000000000014921e-01
5.649999999999995026e-01
1.649999999999991473e-01
1.770000000000001350e+00
1.107499999999999929e+00
1.144999999999999574e+00
2.999999999999936051e-02
2.407500000000000639e+00
3.275000000000005684e-01
9.349999999999987210e-01
1.115000000000000213e+00
3.025000000000002132e-01
6.775000000000002132e-01
2.050000000000000711e+00
6.549999999999993605e-01
2.049999999999998934e+00
3.750000000000000000e+00
2.999999999999989342e-01
1.044999999999999929e+00
3.997500000000000497e+00
1.750000000000007105e-01
7.749999999999879208e-02
5.750000000000099476e-02
2.250000000000000000e+00
1.972500000000000142e+00
2.174999999999993605e-01
9.999999999999786837e-03
9.175000000000004263e-01
1.002499999999999503e+00
2.239999999999998437e+00
1.232499999999999929e+00
3.000000000000007105e-01
2.722500000000000142e+00
1.237500000000000711e+00
4.999999999999893419e-02
5.600000000000004974e-01
7.050000000000000711e-01
2.799999999999998934e+00
5.499999999999989342e-01
1.237500000000000711e+00
1.074999999999999289e-01
1.837500000000000355e+00
1.844999999999998863e+00
1.349999999999997868e-01
1.599999999999999645e+00
9.150000000000009237e-01
1.142500000000000071e+00
1.349999999999997868e-01
2.272500000000000853e+00
6.824999999999992184e-01
1.429999999999999716e+00
1.160000000000000142e+00
5.000000000000000000e-01
5.824999999999995737e-01
7.324999999999999289e-01
2.177500000000000213e+00
5.325000000000006395e-01
2.267500000000000071e+00
2.722500000000000142e+00
1.902499999999999858e+00
1.392500000000000071e+00
9.574999999999995737e-01
4.950000000000009948e-01
7.574999999999985079e-01
1.757500000000000284e+00
1.990000000000000213e+00
5.600000000000004974e-01
3.015000000000000568e+00
1.064999999999999503e+00
1.202499999999998792e+00
2.052500000000000213e+00
3.200000000000002842e-01
1.412499999999999645e+00
2.800000000000011369e-01
1.947499999999999787e+00
5.030000000000001137e+00
8.624999999999989342e-01
4.950000000000009948e-01
3.374999999999985789e-01
2.125000000000003553e-01
3.662499999999999645e+00
2.002499999999999503e+00
1.675000000000004263e-01
6.225000000000004974e-01
1.380000000000000782e+00
2.500000000001278977e-03
1.919999999999999929e+00
1.102499999999999147e+00
1.274999999999998579e+00
1.037499999999999645e+00
1.335000000000000853e+00
2.310000000000000497e+00
5.549999999999997158e-01
1.625000000000014211e-01
1.349999999999997868e-01
1.750000000000007105e-02
2.724999999999990763e-01
1.287499999999999645e+00
2.949999999999999289e-01
5.400000000000009237e-01
8.524999999999991473e-01
1.232499999999999929e+00
2.042500000000000426e+00
2.387499999999999289e+00
8.250000000000135003e-02
8.199999999999985079e-01
3.500000000000014211e-02
1.542500000000000426e+00
3.450000000000006395e-01
3.949999999999995737e-01
9.199999999999999289e-01
1.654999999999999361e+00
1.247500000000000497e+00
2.700000000000013500e-01
6.049999999999986500e-01
8.225000000000015632e-01
2.999999999999989342e-01
1.150000000000000355e+00
1.714999999999999858e+00
2.400000000000002132e-01
5.775000000000005684e-01
1.812500000000000000e+00
2.802500000000000213e+00
8.525000000000009237e-01
3.699999999999992184e-01
3.302500000000000213e+00
6.974999999999997868e-01
9.275000000000002132e-01
6.349999999999997868e-01
8.574999999999999289e-01
8.600000000000012079e-01
5.249999999999843681e-02
7.400000000000002132e-01
1.322499999999999787e+00
2.350000000000012079e-01
2.349999999999994316e-01
2.957499999999999574e+00
3.550000000000004263e-01
1.007500000000000284e+00
7.125000000000003553e-01
9.874999999999989342e-01
1.775000000000002132e-01
1.067500000000000782e+00
3.224999999999997868e-01
3.102499999999999147e+00
2.595000000000000639e+00
4.675000000000011369e-01
5.574999999999992184e-01
5.274999999999998579e-01
3.185000000000000497e+00
9.825000000000017053e-01
6.899999999999995026e-01
3.877499999999999503e+00
9.700000000000006395e-01
9.700000000000006395e-01
3.849999999999997868e-01
2.272500000000000853e+00
2.225000000000001421e-01
3.287499999999999645e+00
6.074999999999999289e-01
8.399999999999998579e-01
9.924999999999997158e-01
1.687500000000000000e+00
1.099999999999994316e-01
2.122500000000000497e+00
2.365000000000000213e+00
1.450000000000013500e-01
1.307499999999999218e+00
5.175000000000000711e-01
9.275000000000002132e-01
2.125000000000003553e-01
1.150000000000002132e-01
4.725000000000001421e-01
4.399999999999995026e-01
8.424999999999993605e-01
5.199999999999995737e-01
7.925000000000004263e-01
1.612500000000000711e+00
1.480000000000000426e+00
7.449999999999992184e-01
1.025000000000009237e-01
2.874999999999996447e-01
1.245000000000000995e+00
2.525000000000012790e-01
3.824999999999985079e-01
5.000000000000071054e-02
5.899999999999998579e-01
6.624999999999996447e-01
6.050000000000004263e-01
2.359999999999999432e+00
1.404999999999999361e+00
2.140000000000000568e+00
2.375000000000007105e-01
9.499999999999992895e-01
1.299999999999990052e-01
4.649999999999998579e-01
1.400000000000005684e-01
9.949999999999992184e-01
9.125000000000014211e-01
9.624999999999985789e-01
1.487500000000000711e+00
3.999999999999914735e-02
1.047500000000001208e+00
6.349999999999997868e-01
8.999999999999985789e-01
5.172499999999999432e+00
5.850000000000008527e-01
2.925000000000004263e-01
1.927500000000000213e+00
7.124999999999985789e-01
1.307499999999999218e+00
4.375000000000000000e-01
9.424999999999990052e-01
9.750000000000014211e-02
6.174999999999997158e-01
1.550000000000011369e-01
1.742499999999999716e+00
7.324999999999999289e-01
4.424999999999990052e-01
3.849999999999997868e-01
3.700000000000009948e-01
4.175000000000004263e-01
6.224999999999987210e-01
3.522499999999999076e+00
2.050000000000000711e+00
1.029999999999999361e+00
4.574999999999995737e-01
1.950000000000002842e-01
1.749999999999989342e-01
1.395000000000001350e+00
1.150000000000000355e+00
2.512499999999999289e+00
9.774999999999991473e-01
2.500000000000000000e-01
2.915000000000000924e+00
3.517500000000000071e+00
2.497500000000000497e+00
1.199999999999992184e-01
9.675000000000011369e-01
1.024999999999991473e-01
4.824999999999999289e-01
2.149999999999998579e-01
1.252500000000001279e+00
1.599999999999983658e-01
7.600000000000015632e-01
8.549999999999986500e-01
2.620000000000000995e+00
9.975000000000004974e-01
2.187500000000000000e+00
4.924999999999997158e-01
9.924999999999997158e-01
6.250000000000000000e-02
1.375000000000000000e+00
3.679999999999999716e+00
3.724999999999987210e-01
1.617500000000001492e+00
1.524999999999998579e-01
3.224999999999997868e-01
2.500000000000035527e-02
1.054999999999999716e+00
2.749999999999985789e-02
2.100000000000008527e-01
1.974999999999999645e+00
5.924999999999993605e-01
1.417500000000000426e+00
6.125000000000007105e-01
1.164999999999999147e+00
2.000000000000135003e-02
1.649999999999991473e-01
4.649999999999998579e-01
8.824999999999985079e-01
5.125000000000010658e-01
3.275000000000005684e-01
1.249999999999928946e-02
2.050000000000000711e+00
1.127500000000001279e+00
2.634999999999999787e+00
2.512499999999999289e+00
1.624999999999996447e-01
6.025000000000009237e-01
4.199999999999999289e-01
2.150000000000000355e+00
1.250000000000000000e-01
1.100000000000012079e-01
1.234999999999999432e+00
7.249999999999996447e-01
1.985000000000001208e+00
1.067500000000000782e+00
1.650000000000009237e-01
5.249999999999843681e-02
1.880000000000000782e+00
1.587500000000000355e+00
1.399999999999987921e-01
6.250000000000000000e-02
1.009999999999999787e+00
1.399999999999998579e+00
1.270000000000001350e+00
1.002499999999999503e+00
5.425000000000004263e-01
8.550000000000004263e-01
5.824999999999995737e-01
2.400000000000002132e-01
3.100000000000004974e-01
1.000000000000000000e+00
2.925000000000004263e-01
1.397500000000000853e+00
2.274999999999991473e-01
4.024999999999998579e-01
6.375000000000010658e-01
3.424999999999993605e-01
3.974999999999990763e-01
1.582499999999999574e+00
2.294999999999999929e+00
2.174999999999993605e-01
3.500000000000014211e-02
3.410000000000000142e+00
6.499999999999950262e-02
3.550000000000004263e-01
1.947499999999999787e+00
1.302500000000000213e+00
2.350000000000012079e-01
3.574999999999999289e-01
2.599999999999997868e-01
5.749999999999921840e-02
5.325000000000006395e-01
3.424999999999993605e-01
9.999999999999964473e-02
1.475000000000008527e-01
2.482499999999999929e+00
5.374999999999996447e-01
4.900000000000002132e-01
5.024999999999995026e-01
9.975000000000004974e-01
2.727500000000000924e+00
2.050000000000000711e-01
8.300000000000000711e-01
1.474999999999999645e+00
1.500000000000000000e+00
1.027499999999999858e+00
3.074999999999992184e-01
1.205000000000000071e+00
3.350000000000008527e-01
1.582499999999999574e+00
1.189999999999999503e+00
2.649999999999987921e-01
3.650000000000002132e-01
9.225000000000012079e-01
2.324999999999999289e-01
3.799999999999990052e-01
1.782500000000000639e+00
1.512499999999999289e+00
1.845000000000000639e+00
2.277499999999999858e+00
6.624999999999996447e-01
5.724999999999997868e-01
5.049999999999990052e-01
1.395000000000001350e+00
1.749999999999989342e-01
4.625000000000003553e-01
7.700000000000013500e-01
5.449999999999999289e-01
1.897499999999999076e+00
7.750000000000056843e-02
9.249999999999936051e-02
1.250000000000000000e+00
3.900000000000005684e-01
1.324999999999999289e+00
4.749999999999943157e-02
1.882500000000000284e+00
3.650000000000002132e-01
2.074999999999995737e-01
2.949999999999999289e-01
1.027499999999999858e+00
2.999999999999936051e-02
2.250000000000085265e-02
2.125000000000003553e-01
8.249999999999957367e-02
1.997500000000000497e+00
1.417500000000000426e+00
2.240000000000000213e+00
1.449999999999995737e-01
6.250000000000000000e-02
7.900000000000009237e-01
1.574999999999988631e-01
2.949999999999999289e-01
1.095000000000000639e+00
8.449999999999988631e-01
9.750000000000014211e-02
2.022499999999999076e+00
1.200000000000009948e-01
6.425000000000000711e-01
9.375000000000000000e-01
8.650000000000002132e-01
1.259999999999999787e+00
4.800000000000004263e-01
2.727500000000000924e+00
9.124999999999996447e-01
1.400000000000000355e+00
3.207499999999999574e+00
5.749999999999921840e-02
1.824999999999992184e-01
1.500000000000003553e-01
1.760000000000001563e+00
5.800000000000000711e-01
7.724999999999990763e-01
1.950000000000002842e-01
9.249999999999936051e-02
7.074999999999995737e-01
1.125000000000007105e-01
1.742499999999999716e+00
3.049999999999997158e-01
3.849999999999997868e-01
1.957500000000001350e+00
5.850000000000008527e-01
9.199999999999999289e-01
9.699999999999988631e-01
3.175000000000007816e-01
1.374999999999992895e-01
2.312500000000000000e+00
1.262499999999999289e+00
1.497500000000000497e+00
7.949999999999999289e-01
1.929999999999999716e+00
9.350000000000004974e-01
9.199999999999999289e-01
1.294999999999999929e+00
1.002499999999999503e+00
3.000000000000007105e-01
3.259999999999999787e+00
6.200000000000009948e-01
1.575000000000006395e-01
6.849999999999987210e-01
6.500000000000127898e-02
2.555000000000001492e+00
4.700000000000006395e-01
5.424999999999986500e-01
2.657499999999998863e+00
1.972500000000000142e+00
1.867499999999999716e+00
1.332499999999999574e+00
5.525000000000002132e-01
2.002499999999999503e+00
1.102500000000000924e+00
3.229999999999998650e+00
6.425000000000000711e-01
1.892500000000000071e+00
1.377500000000001279e+00
4.749999999999943157e-02
3.052500000000000213e+00
1.072499999999999787e+00
1.157500000000000639e+00
8.500000000000085265e-02
1.237499999999998934e+00
1.189999999999999503e+00
2.162499999999999645e+00
1.849999999999987210e-01
1.312500000000000000e+00
1.150000000000002132e-01
2.925000000000004263e-01
4.900000000000002132e-01
3.774999999999995026e-01
9.625000000000003553e-01
5.000000000000071054e-02
3.524999999999991473e-01
1.832499999999999574e+00
4.324999999999992184e-01
1.600000000000001421e-01
2.122499999999998721e+00
2.000000000000010658e-01
5.924999999999993605e-01
8.249999999999957367e-02
2.774999999999998579e-01
5.724999999999997868e-01
2.749999999999985789e-02
2.949999999999999289e-01
1.207500000000001350e+00
1.752500000000001279e+00
1.649999999999991473e-01
8.324999999999995737e-01
8.750000000000000000e-01
4.250000000000042633e-02
7.624999999999992895e-01
2.745000000000000995e+00
4.124999999999996447e-01
1.125000000000000000e+00
7.975000000000012079e-01
7.149999999999998579e-01
2.800000000000011369e-01
5.250000000000021316e-02
1.230000000000000426e+00
1.027499999999999858e+00
3.974999999999990763e-01
2.152499999999999858e+00
2.475000000000004974e-01
1.540000000000000924e+00
2.042499999999998650e+00
1.042500000000000426e+00
8.025000000000002132e-01
1.607499999999999929e+00
1.999999999999957367e-02
6.624999999999996447e-01
5.999999999999996447e-01
9.149999999999991473e-01
1.217500000000001137e+00
5.599999999999987210e-01
1.827500000000000568e+00
9.875000000000007105e-01
3.454999999999998295e+00
1.317500000000000782e+00
2.500000000000035527e-02
8.750000000000035527e-02
1.362500000000000711e+00
5.749999999999992895e-01
1.712500000000000355e+00
7.699999999999995737e-01
7.200000000000006395e-01
2.109999999999999432e+00
3.324999999999995737e-01
9.725000000000001421e-01
1.274999999999995026e-01
4.525000000000005684e-01
3.509999999999999787e+00
3.110000000000001208e+00
2.984999999999999432e+00
4.550000000000000711e-01
5.750000000000099476e-02
8.224999999999997868e-01
3.480000000000000426e+00
1.500000000000003553e-01
4.725000000000001421e-01
5.299999999999993605e-01
1.067500000000000782e+00
2.749999999999985789e-02
1.619999999999999218e+00
1.275000000000000355e+00
4.474999999999997868e-01
1.750000000000007105e-02
3.277500000000001634e+00
7.500000000000106581e-02
3.550000000000004263e-01
2.499999999999857891e-02
3.057499999999999218e+00
2.282499999999998863e+00
6.624999999999996447e-01
1.025000000000000355e+00
3.197499999999999787e+00
2.500000000000035527e-02
3.174999999999990052e-01
2.675000000000000711e-01
2.082499999999999574e+00
1.082499999999999574e+00
3.324999999999995737e-01
1.250000000000000000e-01
7.100000000000008527e-01
4.349999999999987210e-01
1.419999999999999929e+00
8.425000000000011369e-01
6.225000000000004974e-01
1.112499999999998934e+00
7.500000000000106581e-02
7.124999999999985789e-01
4.450000000000002842e-01
9.299999999999997158e-01
1.950000000000002842e-01
1.029999999999999361e+00
1.524999999999998579e-01
9.774999999999991473e-01
1.447500000000001563e+00
2.524999999999998579e+00
8.025000000000002132e-01
4.500000000000010658e-01
3.185000000000000497e+00
7.500000000000284217e-03
6.999999999999850786e-02
3.825000000000002842e-01
3.692500000000000782e+00
2.000000000000010658e-01
6.299999999999990052e-01
1.335000000000000853e+00
1.384999999999999787e+00
3.337499999999998579e+00
5.899999999999998579e-01
1.072500000000001563e+00
3.200000000000001066e+00
5.049999999999990052e-01
2.019999999999999574e+00
3.550000000000004263e-01
2.382500000000000284e+00
2.300000000000004263e-01
1.240000000000000213e+00
3.427500000000000213e+00
5.400000000000009237e-01
1.999999999999992895e-01
2.475000000000004974e-01
1.834999999999999076e+00
1.140000000000000568e+00
2.517500000000000071e+00
1.449999999999995737e-01
6.775000000000002132e-01
4.775000000000009237e-01
3.724999999999987210e-01
9.825000000000017053e-01
2.050000000000000711e-01
1.819999999999998508e+00
9.624999999999985789e-01
1.177500000000000213e+00
2.825000000000006395e-01
1.300000000000000711e+00
1.165000000000000924e+00
1.102499999999999147e+00
1.577500000000000568e+00
1.567499999999999005e+00
1.455000000000000071e+00
7.650000000000005684e-01
2.149999999999998579e+00
7.225000000000001421e-01
1.250000000000106581e-02
1.105000000000000426e+00
3.550000000000004263e-01
1.047499999999999432e+00
8.324999999999995737e-01
2.274999999999991473e-01
1.925000000000000711e+00
2.159999999999998366e+00
4.550000000000000711e-01
1.190000000000001279e+00
2.084999999999999076e+00
7.925000000000004263e-01
3.399999999999998579e-01
2.599999999999997868e-01
1.050000000000004263e-01
3.625000000000007105e-01
1.187500000000000000e+00
8.324999999999995737e-01
9.249999999999936051e-02
2.050000000000000711e-01
1.487500000000000711e+00
2.285000000000000142e+00
1.587500000000000355e+00
7.000000000000010658e-01
4.774999999999991473e-01
7.575000000000002842e-01
3.234999999999999432e+00
4.375000000000000000e-01
2.025000000000000355e+00
5.499999999999971578e-02
6.425000000000000711e-01
1.832499999999999574e+00
2.672499999999999432e+00
2.475000000000004974e-01
4.499999999999992895e-02
1.477499999999999147e+00
1.355000000000000426e+00
7.000000000000028422e-02
7.524999999999995026e-01
2.547499999999999432e+00
6.250000000000000000e-01
1.519999999999999574e+00
7.650000000000005684e-01
1.197499999999999787e+00
2.252499999999999503e+00
1.042499999999998650e+00
2.925000000000004263e-01
6.349999999999997868e-01
3.125000000000000000e-01
4.250000000000007105e-01
2.724999999999990763e-01
6.299999999999990052e-01
9.350000000000004974e-01
9.024999999999998579e-01
1.585000000000000853e+00
1.247500000000000497e+00
6.999999999999992895e-01
1.850000000000004974e-01
1.500000000000003553e-01
6.425000000000000711e-01
1.530000000000001137e+00
1.197499999999999787e+00
7.500000000000284217e-03
1.675000000000000711e+00
1.967499999999999361e+00
9.249999999999936051e-02
1.085000000000000853e+00
2.099999999999990763e-01
4.875000000000007105e-01
3.774999999999995026e-01
2.874999999999996447e-01
1.584999999999999076e+00
1.484999999999999432e+00
7.225000000000001421e-01
9.750000000000014211e-02
7.650000000000005684e-01
9.674999999999993605e-01
1.267500000000000071e+00
2.207500000000001350e+00
2.599999999999997868e-01
5.600000000000004974e-01
2.249999999999907629e-02
2.725000000000008527e-01
9.649999999999998579e-01
5.374999999999996447e-01
2.140000000000000568e+00
1.047500000000001208e+00
5.200000000000013500e-01
3.099999999999987210e-01
6.349999999999997868e-01
7.650000000000005684e-01
4.199999999999999289e-01
9.075000000000006395e-01
3.107499999999999929e+00
2.974999999999994316e-01
4.749999999999943157e-02
2.317499999999999005e+00
1.250000000000106581e-02
1.130000000000000782e+00
1.024999999999991473e-01
6.025000000000009237e-01
4.237499999999998934e+00
1.225000000000004974e-01
3.849999999999997868e-01
4.649999999999998579e-01
5.499999999999971578e-02
5.649999999999995026e-01
9.400000000000012790e-01
1.449999999999999289e+00
6.250000000000000000e-01
1.165000000000000924e+00
4.499999999999992895e-01
5.599999999999987210e-01
3.149999999999995026e-01
4.325000000000009948e-01
2.225000000000001421e-01
2.134999999999999787e+00
2.407499999999998863e+00
2.127500000000001279e+00
2.999999999999936051e-02
4.849999999999994316e-01
9.324999999999992184e-01
5.025000000000012790e-01
5.274999999999998579e-01
4.875000000000007105e-01
9.999999999999786837e-03
7.149999999999998579e-01
8.849999999999997868e-01
1.417499999999998650e+00
