6.400000000000005684e-01
2.107500000000001705e+00
8.474999999999965894e-01
6.700000000000017053e-01
1.325000000000002842e+00
5.124999999999957367e-01
6.600000000000036948e-01
7.674999999999982947e-01
8.400000000000034106e-01
1.102499999999999147e+00
9.474999999999980105e-01
7.199999999999988631e-01
2.499999999999857891e-02
2.352500000000006253e+00
3.249999999999886313e-01
4.699999999999988631e-01
3.025000000000090949e-01
7.674999999999982947e-01
2.405000000000008242e+00
6.049999999999897682e-01
2.925000000000039790e-01
5.549999999999997158e-01
2.774999999999963052e-01
1.030000000000001137e+00
1.599999999999994316e+00
1.574999999999988631e-01
1.800000000000068212e-01
2.699999999999960210e-01
1.299999999999954525e-01
1.600000000000001421e+00
2.225000000000036948e-01
1.297499999999999432e+00
1.775000000000005684e+00
2.397500000000007958e+00
1.549999999999869260e-01
3.157499999999998863e+00
2.195000000000000284e+00
3.000000000000824230e-02
6.499999999999772626e-02
1.435000000000002274e+00
5.499999999999971578e-01
5.750000000000454747e-02
1.627499999999990621e+00
5.350000000000108002e-01
3.374999999999985789e-01
4.750000000000014211e-01
1.050000000000039790e-01
1.649999999999998579e+00
1.072500000000005116e+00
9.575000000000031264e-01
1.319999999999993179e+00
5.000000000001136868e-02
1.009999999999990905e+00
1.647499999999993747e+00
4.349999999999951683e-01
1.655000000000001137e+00
5.724999999999980105e-01
1.424999999999982947e-01
7.075000000000102318e-01
1.052499999999994884e+00
1.609999999999999432e+00
1.125000000000000000e+00
2.075000000000102318e-01
3.974999999999937472e-01
5.150000000000005684e-01
4.549999999999982947e-01
1.310000000000002274e+00
1.182499999999997442e+00
4.200000000000017053e-01
3.100000000000022737e-01
1.225000000000022737e-01
1.549999999999869260e-01
8.399999999999891998e-01
6.199999999999974420e-01
6.650000000000062528e-01
7.499999999999573674e-02
7.349999999999994316e-01
1.097500000000003695e+00
2.450000000000045475e-01
2.075000000000031264e-01
9.799999999999968736e-01
3.599999999999994316e-01
9.324999999999974420e-01
1.704999999999998295e+00
1.484999999999999432e+00
2.074999999999960210e-01
1.377500000000011937e+00
2.750000000000341061e-02
2.792499999999989768e+00
6.950000000000002842e-01
3.775000000000048317e-01
4.874999999999971578e-01
1.779999999999994031e+00
1.750000000000540012e-02
3.374999999999985789e-01
1.202500000000000568e+00
1.274999999999977263e-01
9.999999999999431566e-02
1.275000000000119371e-01
2.424999999999926104e-01
2.117499999999999716e+00
3.675000000000068212e-01
6.149999999999948841e-01
5.074999999999931788e-01
2.900000000000062528e-01
2.707500000000010232e+00
3.175000000000025580e-01
9.874999999999971578e-01
3.075000000000045475e-01
6.949999999999931788e-01
8.950000000000102318e-01
1.024999999999991473e-01
1.739999999999994884e+00
1.275000000000048317e-01
4.124999999999943157e-01
2.725000000000079581e-01
6.574999999999988631e-01
7.249999999999090505e-02
3.100000000000022737e-01
5.799999999999982947e-01
1.707499999999996021e+00
9.375000000000000000e-01
1.530000000000001137e+00
5.750000000000454747e-02
1.799999999999997158e-01
1.875000000000000000e-01
1.437500000000000000e+00
1.799999999999997158e-01
2.399999999999948841e-01
9.525000000000005684e-01
2.475000000000022737e-01
1.075000000000017053e-01
4.024999999999891998e-01
8.549999999999968736e-01
5.150000000000005684e-01
1.962500000000005684e+00
3.275000000000005684e-01
1.232500000000001705e+00
1.320000000000000284e+00
1.077500000000000568e+00
6.899999999999977263e-01
5.700000000000073896e-01
3.250000000000028422e-01
1.552500000000001990e+00
1.074999999999945999e-01
9.299999999999997158e-01
5.049999999999954525e-01
1.825000000000045475e-01
4.200000000000017053e-01
1.895000000000010232e+00
3.750000000000142109e-02
1.439999999999997726e+00
1.500000000000056843e-02
4.250000000000397904e-02
3.474999999999965894e-01
3.200000000000002842e-01
7.500000000000284217e-02
2.249999999999943157e-01
4.325000000000045475e-01
4.124999999999943157e-01
3.925000000000125056e-01
2.625000000000028422e-01
8.350000000000008527e-01
1.862500000000004263e+00
1.027499999999989200e+00
4.935000000000002274e+00
8.999999999999630518e-02
5.050000000000025580e-01
1.177499999999994884e+00
7.025000000000005684e-01
2.224999999999965894e-01
1.310000000000002274e+00
1.142499999999998295e+00
6.250000000000000000e-01
8.525000000000062528e-01
2.262499999999995737e+00
2.300000000000039790e-01
2.837500000000005684e+00
5.749999999999744205e-02
2.229999999999996874e+00
3.000000000000113687e-02
1.250000000000000000e-01
6.075000000000017053e-01
4.574999999999960210e-01
5.750000000000028422e-01
1.094999999999998863e+00
1.170000000000001705e+00
7.300000000000039790e-01
7.950000000000017053e-01
1.790000000000006253e+00
8.699999999999903366e-01
7.175000000000011369e-01
1.774999999999948841e-01
9.225000000000065370e-01
1.247500000000002274e+00
8.425000000000011369e-01
5.974999999999965894e-01
4.197499999999998010e+00
1.047499999999999432e+00
2.317500000000002558e+00
1.825000000000045475e-01
8.024999999999948841e-01
6.424999999999982947e-01
8.875000000000028422e-01
2.374999999999971578e-01
2.202500000000000568e+00
3.850000000000051159e-01
1.267499999999998295e+00
1.425000000000054001e-01
7.724999999999937472e-01
6.050000000000039790e-01
3.825000000000002842e-01
2.042500000000003979e+00
2.795000000000001705e+00
1.757500000000000284e+00
6.325000000000002842e-01
1.862500000000004263e+00
9.174999999999897682e-01
2.117499999999992610e+00
1.890000000000000568e+00
1.225000000000022737e-01
1.875000000000000000e-01
2.349999999999994316e-01
8.200000000000073896e-01
1.107499999999994600e+00
2.875000000000014211e-01
1.642500000000005400e+00
8.349999999999937472e-01
5.000000000002557954e-03
1.887500000000002842e+00
9.074999999999917577e-01
1.050000000000039790e-01
2.067499999999995453e+00
5.649999999999977263e-01
1.150000000000019895e-01
1.380000000000002558e+00
2.999999999999403144e-02
8.825000000000002842e-01
1.592500000000001137e+00
2.575000000000002842e-01
4.275000000000019895e-01
4.649999999999963052e-01
1.367499999999999716e+00
2.775000000000034106e-01
3.449999999999988631e-01
1.377500000000011937e+00
6.499999999999985789e-01
8.100000000000022737e-01
1.267499999999998295e+00
8.499999999999374722e-02
1.472500000000010800e+00
2.625000000000007105e+00
1.674999999999897682e-01
5.850000000000008527e-01
5.099999999999980105e-01
2.500000000000000000e-01
1.827500000000000568e+00
4.500000000000028422e-01
1.132500000000000284e+00
5.675000000000025580e-01
2.924999999999897682e-01
1.350000000000008527e+00
9.675000000000011369e-01
1.304999999999999716e+00
1.050000000000039790e-01
1.127500000000004832e+00
1.309999999999988063e+00
3.500000000001080025e-02
1.999999999999602096e-02
2.000000000000028422e-01
2.639999999999993463e+00
7.275000000000062528e-01
6.250000000000000000e-01
1.330000000000005400e+00
2.257499999999993179e+00
1.114999999999994884e+00
7.525000000000048317e-01
2.875000000000014211e-01
1.500000000000056843e-02
1.769999999999996021e+00
7.924999999999897682e-01
1.570000000000000284e+00
1.067499999999995453e+00
8.924999999999982947e-01
1.325000000000073896e-01
9.900000000000090949e-01
1.524999999999963052e-01
1.182500000000004547e+00
1.747500000000002274e+00
6.250000000000000000e-02
5.874999999999914735e-01
8.250000000000312639e-02
4.724999999999965894e-01
1.267500000000005400e+00
1.410000000000003695e+00
1.222499999999996589e+00
3.524999999999991473e-01
2.190000000000004832e+00
8.224999999999909051e-01
6.275000000000048317e-01
4.249999999999971578e-01
9.375000000000000000e-01
2.749999999999630518e-02
3.700000000000045475e-01
1.525000000000034106e-01
1.524999999999891998e-01
5.200000000000102318e-01
9.350000000000022737e-01
5.249999999999488409e-02
8.075000000000045475e-01
6.049999999999968736e-01
4.749999999999943157e-02
1.475000000000008527e-01
1.262499999999995737e+00
7.000000000000738964e-02
2.950000000000017053e-01
2.202500000000007674e+00
6.524999999999891998e-01
9.625000000000056843e-01
1.250000000000284217e-02
2.625000000000000000e+00
2.299999999999968736e-01
7.500000000000284217e-03
2.322500000000005116e+00
1.974999999999909051e-01
9.749999999999658939e-02
8.075000000000045475e-01
6.375000000000028422e-01
1.170000000000001705e+00
5.399999999999991473e-01
6.374999999999957367e-01
2.775000000000034106e-01
1.079999999999998295e+00
3.499999999999658939e-02
1.670000000000001705e+00
1.582500000000003126e+00
5.999999999999516831e-02
1.002499999999997726e+00
1.352499999999992042e+00
5.550000000000068212e-01
1.924999999999954525e-01
2.775000000000034106e-01
4.549999999999982947e-01
7.150000000000034106e-01
4.525000000000005684e-01
2.314999999999997726e+00
1.882500000000000284e+00
9.999999999998010480e-03
5.250000000000198952e-02
5.125000000000028422e-01
3.900000000000005684e-01
1.625000000000000000e+00
2.550000000000025580e-01
1.849999999999994316e+00
1.550000000000011369e-01
2.150000000000034106e-01
3.774999999999977263e-01
8.550000000000039790e-01
1.677499999999994884e+00
1.144999999999996021e+00
3.174999999999954525e-01
9.700000000000059686e-01
2.087499999999998579e+00
7.600000000000051159e-01
7.499999999993178790e-03
1.705000000000012506e+00
8.574999999999945999e-01
4.600000000000008527e-01
6.950000000000002842e-01
2.224999999999965894e-01
2.000000000000028422e-01
1.649999999999991473e-01
2.757500000000007390e+00
1.524999999999891998e-01
6.675000000000039790e-01
2.499999999997726263e-03
1.309999999999988063e+00
1.147500000000000853e+00
1.344999999999991758e+00
3.775000000000119371e-01
1.057500000000004547e+00
1.312500000000000000e+00
2.374999999999971578e-01
2.950000000000017053e-01
1.810000000000002274e+00
2.869999999999997442e+00
7.274999999999991473e-01
3.875000000000028422e-01
8.974999999999937472e-01
6.124999999999971578e-01
1.492499999999999716e+00
1.500000000000056843e-01
9.849999999999994316e-01
1.204999999999998295e+00
1.692500000000002558e+00
5.699999999999931788e-01
1.507500000000007390e+00
2.752499999999997726e+00
6.674999999999968736e-01
1.024999999999991473e-01
5.925000000000011369e-01
1.274999999999977263e-01
8.449999999999988631e-01
5.525000000000019895e-01
7.750000000000056843e-02
1.602499999999999147e+00
2.475000000000022737e-01
2.574999999999931788e-01
4.725000000000108002e-01
1.050000000000039790e-01
2.999999999999971578e-01
1.490000000000001990e+00
5.250000000000198952e-02
1.949999999999995737e+00
6.324999999999931788e-01
3.650000000000019895e-01
2.890000000000000568e+00
2.750000000000056843e-01
6.574999999999988631e-01
9.224999999999994316e-01
1.749999999999971578e-01
2.060000000000002274e+00
2.650000000000005684e-01
2.749999999999985789e-01
1.382500000000000284e+00
2.680000000000006821e+00
1.057500000000004547e+00
1.999999999999957367e-01
1.567500000000002558e+00
1.255000000000002558e+00
5.249999999999488409e-02
1.534999999999996589e+00
2.154999999999994031e+00
5.875000000000056843e-01
2.855000000000003979e+00
4.125000000000014211e-01
6.499999999999985789e-01
1.717500000000001137e+00
1.515000000000000568e+00
3.175000000000025580e-01
1.824999999999974420e-01
8.474999999999965894e-01
1.832500000000003126e+00
1.747499999999995168e+00
1.170000000000001705e+00
2.749999999999985789e-01
2.950000000000017053e-01
6.799999999999997158e-01
2.149999999999963052e-01
1.574999999999988631e-01
1.650000000000062528e-01
1.474999999999937472e-01
8.275000000000005684e-01
4.275000000000019895e-01
3.174999999999954525e-01
5.575000000000045475e-01
4.025000000000034106e-01
5.824999999999960210e-01
1.895000000000003126e+00
5.849999999999937472e-01
2.274999999999991473e-01
4.825000000000017053e-01
1.597500000000003695e+00
6.875000000000000000e-01
1.852499999999999147e+00
6.750000000000255795e-02
2.999999999999971578e-01
1.825000000000045475e-01
7.950000000000017053e-01
1.474999999999937472e-01
3.032499999999998863e+00
1.007500000000000284e+00
3.100000000000022737e-01
2.875000000000014211e-01
3.474999999999965894e-01
2.999999999999971578e-01
1.725000000000001421e+00
1.405000000000001137e+00
3.525000000000062528e-01
3.999999999999985789e-01
3.475000000000036948e-01
5.825000000000031264e-01
1.299999999999954525e-01
3.650000000000019895e-01
1.789999999999999147e+00
2.532499999999998863e+00
2.374999999999971578e-01
1.215000000000003411e+00
2.999999999999971578e-01
2.804999999999999716e+00
9.499999999999886313e-02
1.925000000000025580e-01
3.324999999999960210e-01
6.925000000000025580e-01
2.449999999999974420e-01
2.292500000000003979e+00
1.289999999999999147e+00
2.125000000000056843e-01
2.474999999999951683e-01
2.249999999999943157e-01
8.849999999999980105e-01
2.734999999999999432e+00
1.597499999999996589e+00
5.799999999999982947e-01
2.002500000000004832e+00
5.074999999999931788e-01
2.424999999999997158e+00
1.307500000000004547e+00
6.874999999999928946e-01
1.079999999999998295e+00
1.924999999999954525e-01
2.250000000000000000e+00
3.275000000000005684e-01
2.510000000000005116e+00
6.349999999999909051e-01
7.500000000000284217e-02
6.449999999999960210e-01
1.347500000000003695e+00
2.250000000000085265e-02
1.312500000000000000e+00
1.999999999999602096e-02
3.449999999999988631e-01
5.850000000000079581e-01
1.352500000000006253e+00
7.000000000000028422e-02
6.400000000000005684e-01
7.499999999999573674e-02
6.375000000000028422e-01
6.750000000000255795e-02
6.774999999999948841e-01
1.599999999999965894e-01
2.075000000000102318e-01
2.574999999999931788e-01
6.499999999999772626e-02
1.250000000000000000e-01
3.400000000000034106e-01
2.799999999999940314e-01
4.224999999999994316e-01
7.400000000000019895e-01
3.125000000000000000e-01
1.795000000000001705e+00
3.749999999999431566e-02
8.750000000000000000e-01
3.024999999999948841e-01
7.999999999999971578e-01
2.057500000000004547e+00
9.050000000000011369e-01
1.002499999999997726e+00
9.750000000000369482e-02
8.749999999999857891e-02
1.535000000000003695e+00
6.699999999999945999e-01
5.150000000000005684e-01
5.250000000000056843e-01
1.510000000000005116e+00
9.499999999999957367e-01
3.825000000000002842e-01
9.974999999999951683e-01
4.025000000000034106e-01
2.682500000000004547e+00
1.049999999999968736e-01
2.750000000000341061e-02
7.224999999999965894e-01
1.497500000000002274e+00
2.899999999999991473e-01
1.795000000000001705e+00
1.557500000000004547e+00
9.774999999999991473e-01
1.154999999999994031e+00
1.675000000000039790e-01
8.049999999999926104e-01
4.724999999999965894e-01
2.745000000000004547e+00
7.850000000000108002e-01
9.649999999999963052e-01
2.469999999999998863e+00
1.422499999999999432e+00
1.017500000000005400e+00
3.099999999999951683e-01
5.975000000000036948e-01
2.249999999999943157e-01
4.275000000000090949e-01
7.874999999999943157e-01
4.899999999999948841e-01
1.375000000000028422e-01
5.925000000000011369e-01
1.125000000000000000e+00
3.599999999999994316e-01
6.825000000000045475e-01
1.052500000000009095e+00
1.505000000000002558e+00
4.400000000000048317e-01
3.299999999999982947e-01
1.324999999999931788e-01
2.175000000000011369e-01
2.725000000000079581e-01
1.824999999999903366e-01
3.750000000000000000e-01
2.652500000000003411e+00
1.107499999999994600e+00
2.060000000000002274e+00
3.074999999999974420e-01
6.250000000000000000e-01
2.230000000000003979e+00
8.900000000000005684e-01
1.750000000000042633e-01
9.724999999999965894e-01
2.140000000000000568e+00
1.469999999999998863e+00
9.599999999999937472e-01
6.050000000000039790e-01
3.324999999999960210e-01
8.850000000000051159e-01
5.275000000000034106e-01
6.774999999999948841e-01
3.007499999999993179e+00
5.850000000000079581e-01
7.625000000000028422e-01
9.849999999999994316e-01
3.075000000000045475e-01
7.624999999999957367e-01
6.125000000000042633e-01
1.222500000000003695e+00
1.622500000000002274e+00
1.150000000000019895e-01
4.249999999999687361e-02
4.574999999999960210e-01
7.774999999999891998e-01
5.474999999999994316e-01
1.274999999999998579e+00
1.867500000000006821e+00
1.765000000000000568e+00
4.275000000000019895e-01
1.317499999999995453e+00
2.625000000000028422e-01
2.622500000000002274e+00
8.425000000000011369e-01
5.474999999999994316e-01
1.475000000000008527e-01
1.052499999999994884e+00
2.250000000000795808e-02
8.675000000000068212e-01
2.640000000000000568e+00
8.974999999999937472e-01
2.494999999999997442e+00
1.087499999999998579e+00
6.750000000000255795e-02
8.500000000000085265e-02
2.469999999999998863e+00
3.700000000000045475e-01
3.724999999999951683e-01
2.500000000000000000e-01
3.775000000000048317e-01
7.000000000000028422e-02
6.649999999999991473e-01
1.412500000000001421e+00
1.185000000000002274e+00
1.375000000000028422e-01
1.975000000000001421e+00
3.824999999999931788e-01
4.000000000000056843e-01
2.874999999999943157e-01
2.287500000000008527e+00
8.824999999999931788e-01
9.274999999999948841e-01
2.467500000000001137e+00
1.025000000000005684e+00
2.047499999999999432e+00
5.999999999999516831e-02
2.592500000000001137e+00
8.449999999999988631e-01
1.449999999999960210e-01
9.175000000000039790e-01
1.400000000000005684e-01
9.050000000000011369e-01
2.427500000000001990e+00
5.999999999999516831e-02
1.900000000000048317e-01
5.700000000000002842e-01
1.725000000000008527e+00
8.175000000000025580e-01
1.875000000000000000e-01
7.725000000000008527e-01
6.400000000000005684e-01
2.500000000000000000e-01
2.574999999999931788e-01
9.250000000000113687e-02
3.365000000000001990e+00
5.700000000000002842e-01
5.099999999999980105e-01
1.525000000000034106e-01
3.174999999999954525e-01
1.277500000000003411e+00
1.359999999999999432e+00
1.387499999999995737e+00
1.672499999999999432e+00
6.099999999999994316e-01
8.100000000000022737e-01
1.362499999999997158e+00
2.699999999999960210e-01
2.625000000000028422e-01
1.567499999999995453e+00
2.975000000000065370e-01
5.499999999999261036e-02
1.094999999999998863e+00
3.700000000000045475e-01
1.887500000000002842e+00
2.149999999999998579e+00
6.000000000000085265e-01
3.024999999999948841e-01
1.372500000000002274e+00
6.700000000000017053e-01
1.669999999999994600e+00
8.850000000000051159e-01
1.589999999999996305e+00
1.184999999999995168e+00
4.224999999999994316e-01
1.287500000000001421e+00
1.297500000000006537e+00
1.120000000000004547e+00
1.775000000000019895e-01
1.377499999999997726e+00
1.012500000000002842e+00
1.009999999999990905e+00
3.674999999999997158e-01
2.325000000000017053e-01
6.124999999999971578e-01
5.625000000000071054e-01
2.549999999999954525e-01
1.057500000000004547e+00
6.774999999999948841e-01
1.314999999999997726e+00
1.072499999999998010e+00
1.125000000000000000e+00
3.280000000000001137e+00
6.625000000000014211e-01
1.069999999999993179e+00
1.624999999999943157e-01
9.800000000000039790e-01
7.149999999999891998e-01
4.099999999999965894e-01
6.300000000000025580e-01
8.574999999999945999e-01
1.020000000000010232e+00
5.724999999999909051e-01
7.400000000000019895e-01
1.330000000000005400e+00
9.849999999999994316e-01
5.700000000000073896e-01
1.475000000000008527e-01
4.675000000000011369e-01
1.497499999999995168e+00
4.150000000000062528e-01
7.974999999999994316e-01
2.552499999999994884e+00
7.449999999999974420e-01
1.042500000000003979e+00
1.700000000000017053e-01
3.675000000000068212e-01
1.847500000000003695e+00
1.624999999999943157e-01
1.025000000000062528e-01
1.017499999999998295e+00
2.724999999999937472e-01
1.980000000000003979e+00
7.800000000000011369e-01
8.999999999999985789e-01
5.700000000000002842e-01
1.444999999999993179e+00
5.275000000000034106e-01
4.450000000000002842e-01
6.750000000000255795e-02
9.749999999999658939e-02
2.077500000000000568e+00
2.899999999999991473e-01
1.640000000000000568e+00
2.509999999999990905e+00
2.624999999999957367e-01
6.174999999999997158e-01
1.927500000000009095e+00
3.574999999999874944e-01
5.500000000000682121e-02
1.624999999999943157e-01
9.750000000001080025e-02
1.740000000000009095e+00
7.800000000000011369e-01
6.075000000000017053e-01
3.324999999999960210e-01
1.390000000000000568e+00
1.875000000000000000e-01
2.527500000000003411e+00
1.325000000000002842e-01
3.349999999999937472e-01
2.075000000000031264e-01
1.125000000000007105e+00
2.824999999999988631e-01
5.674999999999954525e-01
1.522500000000007958e+00
5.600000000000022737e-01
6.250000000000000000e-02
3.749999999999431566e-02
5.675000000000025580e-01
8.299999999999982947e-01
2.749999999999914735e-01
2.112499999999997158e+00
1.180000000000006821e+00
5.750000000000028422e-01
2.504999999999995453e+00
1.749999999999829470e-02
9.000000000000056843e-01
3.357500000000001705e+00
2.199999999999988631e-01
2.627499999999997726e+00
8.599999999999994316e-01
1.302500000000001990e+00
9.100000000000036948e-01
1.542499999999996874e+00
3.150000000000048317e-01
1.545000000000001705e+00
1.384999999999990905e+00
3.175000000000025580e-01
4.899999999999948841e-01
1.152499999999996305e+00
7.650000000000005684e-01
1.150000000000090949e-01
2.972499999999996589e+00
1.587500000000005684e+00
7.349999999999994316e-01
2.944999999999993179e+00
8.350000000000008527e-01
2.199999999999988631e-01
3.425000000000011369e-01
7.575000000000002842e-01
6.000000000000227374e-02
1.394999999999996021e+00
1.167500000000003979e+00
7.475000000000022737e-01
1.155000000000001137e+00
2.187500000000000000e+00
7.249999999999801048e-02
7.100000000000008527e-01
1.574999999999995737e+00
1.950000000000002842e-01
1.852500000000006253e+00
1.824999999999903366e-01
7.199999999999988631e-01
1.302499999999994884e+00
3.750000000000142109e-02
1.049999999999997158e+00
2.072500000000005116e+00
2.482500000000001705e+00
1.642499999999998295e+00
4.899999999999948841e-01
1.649999999999991473e+00
2.269999999999996021e+00
5.750000000000454747e-02
1.924999999999954525e-01
1.300000000000096634e-01
1.147499999999993747e+00
4.525000000000005684e-01
8.750000000000000000e-01
7.749999999999985789e-01
4.800000000000039790e-01
8.125000000000000000e-01
4.525000000000005684e-01
2.452500000000007674e+00
2.849999999999965894e-01
2.500000000000000000e-01
1.877499999999997726e+00
2.349999999999994316e-01
4.849999999999994316e-01
4.424999999999954525e-01
2.349999999999994316e-01
1.350000000000008527e+00
5.099999999999909051e-01
1.637500000000002842e+00
1.024999999999991473e-01
5.000000000002557954e-03
4.024999999999963052e-01
8.250000000000028422e-01
3.199999999999931788e-01
2.300000000000039790e-01
5.674999999999954525e-01
1.504999999999995453e+00
1.637499999999995737e+00
7.250000000000511591e-02
5.275000000000034106e-01
4.249999999999971578e-01
7.325000000000017053e-01
4.250000000000042633e-01
6.225000000000022737e-01
5.899999999999891998e-01
7.000000000000028422e-01
1.875000000000000000e-01
6.925000000000096634e-01
2.050000000000004263e+00
5.899999999999891998e-01
4.600000000000079581e-01
4.249999999998976818e-02
1.302499999999994884e+00
3.220000000000005969e+00
1.524999999999998579e+00
1.134999999999998010e+00
1.322499999999990905e+00
4.099999999999965894e-01
1.280000000000008242e+00
2.999999999999971578e-01
3.100000000000022737e-01
2.950000000000017053e-01
1.262500000000002842e+00
2.074999999999960210e-01
1.827500000000007674e+00
8.425000000000011369e-01
6.850000000000022737e-01
2.299999999999968736e-01
2.550000000000025580e-01
4.749999999999943157e-02
5.825000000000031264e-01
2.849999999999965894e-01
6.650000000000062528e-01
1.824999999999903366e-01
1.862499999999997158e+00
2.220000000000005969e+00
2.049999999999982947e-01
8.974999999999937472e-01
1.875000000000000000e-01
2.542500000000003979e+00
4.050000000000011369e-01
8.949999999999960210e-01
5.825000000000031264e-01
5.750000000000454747e-02
6.550000000000011369e-01
6.424999999999982947e-01
1.799999999999926104e-01
2.157500000000005969e+00
1.700000000000017053e-01
6.375000000000028422e-01
2.175000000000011369e-01
6.950000000000002842e-01
1.635000000000005116e+00
7.499999999998863132e-02
3.365000000000001990e+00
1.325000000000002842e-01
2.524999999999991473e+00
3.774999999999977263e-01
8.075000000000045475e-01
8.550000000000039790e-01
2.199999999999988631e-01
7.674999999999982947e-01
1.250000000000000000e-01
9.250000000000113687e-02
1.585000000000000853e+00
6.000000000000227374e-02
8.874999999999957367e-01
3.299999999999982947e-01
3.025000000000019895e-01
1.225000000000022737e-01
7.000000000000028422e-01
1.225000000000022737e-01
5.474999999999994316e-01
1.762500000000002842e+00
5.775000000000005684e-01
1.499999999999914735e-01
4.825000000000017053e-01
1.394999999999996021e+00
1.349999999999980105e-01
6.250000000000000000e-01
1.537500000000008527e+00
7.000000000000028422e-02
1.327500000000000568e+00
6.824999999999974420e-01
8.024999999999948841e-01
1.974999999999994316e+00
1.045000000000001705e+00
1.647499999999993747e+00
1.600000000000108002e-01
3.247500000000002274e+00
1.675000000000039790e-01
5.174999999999982947e-01
7.650000000000005684e-01
6.025000000000062528e-01
1.124999999999971578e-01
7.500000000000000000e-01
1.087499999999998579e+00
5.775000000000005684e-01
1.200000000000002842e+00
4.299999999999997158e-01
7.500000000000284217e-02
1.875000000000000000e-01
5.300000000000011369e-01
1.634999999999990905e+00
3.525000000000062528e-01
8.650000000000019895e-01
1.174999999999997158e-01
7.249999999999943157e-01
3.325000000000031264e-01
1.225000000000001421e+00
3.774999999999977263e-01
5.100000000000051159e-01
2.699999999999960210e-01
1.672499999999999432e+00
2.500000000000000000e-01
4.424999999999954525e-01
7.675000000000054001e-01
2.049999999999982947e-01
1.424999999999982947e-01
2.175000000000011369e-01
4.574999999999960210e-01
2.900000000000062528e-01
5.199999999999960210e-01
2.470000000000005969e+00
2.499999999999147349e-02
6.325000000000073896e-01
8.250000000000028422e-01
1.187500000000000000e+00
1.037500000000008527e+00
3.624999999999971578e-01
1.844999999999998863e+00
2.612499999999997158e+00
6.499999999999772626e-02
1.635000000000005116e+00
4.250000000000042633e-01
1.099999999999994316e-01
1.539999999999999147e+00
1.339999999999989200e+00
1.850000000000022737e-01
2.475000000000022737e-01
2.089999999999996305e+00
7.250000000000511591e-02
4.499999999999459988e-02
1.000000000000014211e-01
4.525000000000005684e-01
3.374999999999985789e-01
2.372500000000002274e+00
6.900000000000048317e-01
8.324999999999960210e-01
7.625000000000028422e-01
2.074999999999960210e-01
7.500000000000284217e-02
1.150000000000005684e+00
7.775000000000034106e-01
9.149999999999920419e-01
2.949999999999945999e-01
2.825000000000059686e-01
2.874999999999943157e-01
1.259999999999998010e+00
6.300000000000096634e-01
1.650000000000005684e+00
2.182499999999997442e+00
1.215000000000003411e+00
8.575000000000017053e-01
2.090000000000003411e+00
9.749999999999658939e-02
2.317499999999995453e+00
1.274999999999977263e-01
2.195000000000007390e+00
2.699999999999960210e-01
6.250000000000000000e-02
1.039999999999999147e+00
3.350000000000008527e-01
1.760000000000005116e+00
1.124999999999971578e-01
1.919999999999994600e+00
1.322499999999990905e+00
5.675000000000025580e-01
1.819999999999993179e+00
3.275000000000005684e-01
3.775000000000119371e-01
8.299999999999982947e-01
4.324999999999974420e-01
2.020000000000003126e+00
1.850000000000022737e-01
2.085000000000000853e+00
9.849999999999994316e-01
2.357500000000001705e+00
9.425000000000025580e-01
7.925000000000039790e-01
5.024999999999977263e-01
5.499999999999261036e-02
1.192499999999995453e+00
2.610000000000006537e+00
1.917500000000003979e+00
3.750000000000000000e-01
1.217500000000001137e+00
8.499999999999374722e-02
1.632500000000007390e+00
3.849999999999980105e-01
1.629999999999995453e+00
2.437499999999992895e+00
4.075000000000130740e-01
2.449999999999903366e-01
1.132500000000007390e+00
5.249999999999488409e-02
1.525000000000034106e-01
1.662499999999994316e+00
4.200000000000017053e-01
1.309999999999995168e+00
5.075000000000073896e-01
2.325000000000017053e-01
8.400000000000034106e-01
1.825000000000045475e-01
3.825000000000002842e-01
9.999999999998010480e-03
2.032499999999991758e+00
2.319999999999993179e+00
5.549999999999997158e-01
1.374999999999957367e-01
3.275000000000005684e-01
1.675000000000039790e-01
5.425000000000039790e-01
1.174999999999997158e-01
9.900000000000019895e-01
7.775000000000034106e-01
3.524999999999920419e-01
5.150000000000005684e-01
1.352499999999992042e+00
7.500000000000284217e-03
3.400000000000034106e-01
5.775000000000005684e-01
6.674999999999968736e-01
5.249999999999488409e-02
2.825000000000130740e-01
1.184999999999988063e+00
8.999999999999630518e-02
3.299999999999982947e-01
1.689999999999997726e+00
4.950000000000045475e-01
3.200000000000073896e-01
2.172500000000006537e+00
3.875000000000028422e-01
6.499999999999985789e-01
1.374999999999957367e-01
8.775000000000048317e-01
1.162499999999994316e+00
2.172499999999999432e+00
1.000000000000014211e-01
5.250000000000198952e-02
2.624999999999957367e-01
1.195000000000007390e+00
2.025000000000005684e-01
2.155000000000001137e+00
1.229999999999989768e+00
3.000000000000113687e-02
4.200000000000017053e-01
1.564999999999997726e+00
1.097499999999996589e+00
2.847499999999996589e+00
8.524999999999991473e-01
7.450000000000045475e-01
2.489999999999994884e+00
1.164999999999999147e+00
3.012499999999995737e+00
2.250000000000795808e-02
3.749999999999431566e-02
1.700000000000017053e-01
2.175000000000011369e-01
1.842500000000001137e+00
5.949999999999988631e-01
2.224999999999965894e-01
1.050000000000039790e-01
8.725000000000022737e-01
6.000000000000227374e-02
1.950000000000002842e-01
6.375000000000028422e-01
9.674999999999940314e-01
8.599999999999994316e-01
6.349999999999909051e-01
1.675000000000039790e-01
1.000000000000000000e+00
1.022500000000000853e+00
4.224999999999994316e-01
1.189999999999997726e+00
5.925000000000011369e-01
2.545000000000001705e+00
8.274999999999934630e-01
9.050000000000011369e-01
5.325000000000059686e-01
3.524999999999920419e-01
2.624999999999957367e-01
2.475000000000022737e-01
6.974999999999980105e-01
8.100000000000022737e-01
2.075000000000102318e-01
2.402499999999996305e+00
5.750000000000454747e-02
8.750000000000568434e-02
3.099999999999880629e-01
4.125000000000014211e-01
3.725000000000022737e-01
5.974999999999965894e-01
7.524999999999977263e-01
5.775000000000005684e-01
7.424999999999926104e-01
3.225000000000051159e-01
1.724999999999994316e-01
1.025000000000005684e+00
6.749999999999545253e-02
1.897500000000007958e+00
2.100000000000008527e-01
1.059999999999995168e+00
6.574999999999988631e-01
3.449999999999988631e-01
6.049999999999968736e-01
5.024999999999977263e-01
5.350000000000108002e-01
4.649999999999891998e-01
2.700000000000102318e-01
2.099999999999937472e-01
2.097499999999996589e+00
2.327500000000000568e+00
8.624999999999971578e-01
6.075000000000017053e-01
5.499999999999971578e-02
1.797499999999999432e+00
1.225000000000022737e-01
4.999999999999715783e-02
9.425000000000025580e-01
2.924999999999968736e-01
1.224999999999994316e+00
2.025000000000005684e-01
1.592500000000001137e+00
1.250000000000000000e-01
5.600000000000022737e-01
8.749999999999857891e-02
5.974999999999965894e-01
1.665000000000006253e+00
8.375000000000056843e-01
9.574999999999960210e-01
1.452500000000000568e+00
1.592500000000001137e+00
2.925000000000039790e-01
1.124999999999971578e-01
1.702500000000000568e+00
2.724999999999937472e-01
1.300000000000096634e-01
1.199999999999903366e-01
2.825000000000002842e+00
2.124999999999985789e-01
2.704999999999998295e+00
1.475000000000001421e+00
5.874999999999914735e-01
5.225000000000008527e-01
1.780000000000001137e+00
1.550000000000011369e-01
7.749999999999914735e-01
7.149999999999963052e-01
3.575000000000088107e-01
8.399999999999891998e-01
8.750000000000568434e-02
1.424999999999982947e-01
3.575000000000017053e-01
2.000000000000028422e-01
1.347499999999996589e+00
1.017500000000005400e+00
9.124999999999943157e-01
1.400000000000005684e-01
1.272500000000007958e+00
9.749999999999658939e-02
3.449999999999988631e-01
1.817499999999995453e+00
3.075000000000045475e-01
1.677500000000009095e+00
4.699999999999988631e-01
1.049999999999997158e+00
2.475000000000022737e-01
1.249999999999573674e-02
4.450000000000002842e-01
1.450000000000031264e-01
1.039999999999999147e+00
1.599999999999965894e-01
1.302499999999994884e+00
1.657499999999998863e+00
4.300000000000068212e-01
1.030000000000001137e+00
2.344999999999998863e+00
1.550000000000011369e-01
4.599999999999937472e-01
9.849999999999923261e-01
4.849999999999994316e-01
9.625000000000056843e-01
7.500000000000284217e-02
2.242499999999999716e+00
1.672499999999999432e+00
2.037499999999994316e+00
4.749999999999943157e-02
9.424999999999954525e-01
1.695000000000000284e+00
1.449999999999960210e-01
6.675000000000039790e-01
1.124999999999971578e-01
9.049999999999940314e-01
8.000000000000113687e-01
4.474999999999909051e-01
1.332499999999996021e+00
3.125000000000000000e-01
1.740000000000001990e+00
1.099999999999994316e-01
6.550000000000011369e-01
1.267500000000005400e+00
1.590000000000003411e+00
7.299999999999968736e-01
6.500000000000483169e-02
2.124999999999914735e-01
8.375000000000056843e-01
2.079999999999998295e+00
2.374999999999971578e-01
2.674999999999982947e-01
6.925000000000025580e-01
2.074999999999960210e-01
1.550000000000011369e-01
8.749999999999857891e-02
2.899999999999991473e-01
9.975000000000093792e-01
7.499999999998863132e-02
1.002499999999997726e+00
1.275000000000119371e-01
2.749999999998919975e-02
3.539999999999999147e+00
1.050000000000039790e-01
2.449999999999974420e-01
5.475000000000065370e-01
4.724999999999965894e-01
3.949999999999960210e-01
5.474999999999994316e-01
1.060000000000002274e+00
6.999999999999957367e-01
1.297499999999999432e+00
1.350000000000051159e-01
6.499999999999985789e-01
1.975000000000008527e+00
8.724999999999880629e-01
3.924999999999982947e-01
2.524999999999977263e-01
1.242500000000006821e+00
1.079999999999998295e+00
5.300000000000011369e-01
1.347500000000003695e+00
9.400000000000119371e-01
6.099999999999994316e-01
9.999999999998010480e-03
1.050000000000039790e-01
1.219999999999991758e+00
2.550000000000025580e-01
1.000000000000000000e+00
9.900000000000019895e-01
2.224999999999965894e-01
6.825000000000045475e-01
5.849999999999937472e-01
3.624999999999971578e-01
2.250000000000014211e-01
4.874999999999971578e-01
2.375000000000042633e-01
1.437500000000000000e+00
7.224999999999965894e-01
1.402499999999996305e+00
9.075000000000130740e-01
9.250000000000042633e-01
1.462499999999991473e+00
3.900000000000005684e-01
7.500000000000071054e-01
6.875000000000000000e-01
1.114999999999994884e+00
1.000000000000511591e-02
3.725000000000022737e-01
3.725000000000022737e-01
6.350000000000051159e-01
3.100000000000022737e-01
2.524999999999977263e-01
5.049999999999954525e-01
2.175000000000011369e-01
4.999999999999715783e-02
4.400000000000048317e-01
6.849999999999951683e-01
7.725000000000079581e-01
1.249999999999573674e-02
6.625000000000014211e-01
3.399999999999963052e-01
7.450000000000045475e-01
4.599999999999937472e-01
2.549999999999954525e-01
6.749999999999545253e-02
1.015000000000000568e+00
5.199999999999960210e-01
6.300000000000096634e-01
2.499999999997726263e-03
3.174999999999954525e-01
1.994999999999990337e+00
1.087500000000005684e+00
2.162500000000001421e+00
9.499999999999886313e-02
5.025000000000048317e-01
1.117499999999992610e+00
2.105000000000003979e+00
4.750000000000085265e-01
5.024999999999977263e-01
4.174999999999968736e-01
5.200000000000102318e-01
2.175000000000011369e-01
4.499999999999886313e-01
3.900000000000005684e-01
1.204999999999991189e+00
1.075000000000002842e+00
4.650000000000034106e-01
5.524999999999948841e-01
1.769999999999996021e+00
2.984999999999999432e+00
2.000000000000312639e-02
1.550000000000011369e-01
9.049999999999940314e-01
1.664999999999992042e+00
2.125000000000056843e-01
5.075000000000002842e-01
1.649999999999920419e-01
1.245000000000004547e+00
5.500000000000682121e-02
2.257499999999993179e+00
4.249999999999687361e-02
1.017500000000005400e+00
3.075000000000045475e-01
8.300000000000054001e-01
9.274999999999948841e-01
7.250000000000511591e-02
4.449999999999931788e-01
1.865000000000009095e+00
4.999999999999715783e-02
3.774999999999977263e-01
6.775000000000019895e-01
9.749999999999943157e-01
1.432499999999990337e+00
1.625000000000014211e-01
6.850000000000022737e-01
1.869999999999990337e+00
5.150000000000005684e-01
1.870000000000004547e+00
1.032499999999998863e+00
1.944999999999993179e+00
2.325000000000017053e-01
1.675000000000039790e-01
6.924999999999954525e-01
6.575000000000059686e-01
9.399999999999977263e-01
7.224999999999965894e-01
1.085000000000007958e+00
7.374999999999971578e-01
6.600000000000036948e-01
3.249999999999886313e-02
1.144999999999996021e+00
2.097499999999996589e+00
7.625000000000028422e-01
9.975000000000022737e-01
3.599999999999994316e-01
1.777500000000003411e+00
2.075000000000002842e+00
1.924999999999954525e-01
3.249999999999957367e-01
2.500000000000000000e-01
3.450000000000130740e-01
2.224999999999965894e-01
1.272500000000007958e+00
1.274999999999977263e-01
4.500000000000170530e-02
1.097499999999996589e+00
2.147500000000007958e+00
4.850000000000065370e-01
5.499999999999261036e-02
8.425000000000011369e-01
4.600000000000079581e-01
7.774999999999891998e-01
5.450000000000017053e-01
5.750000000000454747e-02
6.174999999999926104e-01
7.499999999993178790e-03
3.575000000000017053e-01
5.400000000000062528e-01
7.049999999999982947e-01
1.782499999999998863e+00
8.049999999999997158e-01
4.325000000000045475e-01
1.299999999999954525e-01
5.099999999999909051e-01
1.072500000000005116e+00
1.749999999999829470e-02
1.167499999999996874e+00
3.525000000000062528e-01
4.999999999999715783e-02
1.385000000000005116e+00
4.699999999999988631e-01
2.199999999999988631e-01
8.125000000000000000e-01
7.699999999999960210e-01
8.224999999999980105e-01
6.500000000000056843e-01
3.449999999999988631e-01
5.875000000000056843e-01
9.550000000000125056e-01
4.174999999999897682e-01
1.177499999999994884e+00
9.650000000000034106e-01
1.232500000000001705e+00
1.550000000000011369e-01
5.499999999999261036e-02
1.000000000000511591e-02
2.974999999999994316e-01
7.224999999999965894e-01
9.749999999999658939e-02
4.500000000000028422e-01
1.644999999999996021e+00
1.037499999999994316e+00
1.297499999999999432e+00
7.524999999999977263e-01
6.724999999999994316e-01
1.350000000000051159e-01
4.175000000000039790e-01
5.900000000000034106e-01
9.924999999999926104e-01
9.699999999999988631e-01
8.249999999999602096e-02
1.200000000000045475e-01
4.749999999999943157e-02
5.649999999999977263e-01
1.332500000000010232e+00
3.074999999999903366e-01
1.899999999999977263e-01
1.787500000000008527e+00
7.999999999999829470e-02
7.000000000000738964e-02
1.825000000000045475e-01
6.524999999999891998e-01
7.250000000000085265e-01
6.274999999999977263e-01
7.500000000000284217e-02
5.799999999999982947e-01
1.030000000000001137e+00
1.454999999999998295e+00
1.975000000000051159e-01
4.350000000000022737e-01
1.250000000000000000e-01
1.405000000000001137e+00
1.047499999999999432e+00
3.024999999999948841e-01
4.624999999999914735e-01
6.150000000000090949e-01
7.500000000000000000e-01
1.675000000000039790e-01
3.750000000000000000e-01
5.224999999999937472e-01
5.075000000000073896e-01
6.200000000000045475e-01
9.500000000000028422e-01
1.517499999999998295e+00
