3.900000000000001243e-01
2.000000000000000042e-02
1.725000000000000144e-01
5.175000000000000711e-01
4.749999999999998668e-02
5.000000000000004441e-03
2.499999999999946709e-03
7.250000000000000888e-02
3.375000000000000222e-01
2.224999999999999201e-01
2.337499999999999911e+00
2.750000000000030198e-02
2.800000000000002487e-01
1.499999999999999944e-02
3.500000000000000333e-02
1.749999999999999473e-02
2.750000000000001055e-02
7.249999999999998113e-02
1.025000000000000355e-01
2.449999999999999956e-01
2.324999999999999289e-01
6.850000000000000533e-01
2.875000000000000888e-01
2.824999999999997513e-01
6.250000000000000000e-01
4.850000000000003197e-01
8.749999999999991118e-02
1.974999999999997868e-01
2.299999999999999822e-01
4.049999999999998046e-01
8.000000000000007105e-02
2.549999999999998934e-01
5.000000000000000971e-03
5.000000000000000971e-03
8.999999999999999667e-02
3.000000000000001277e-02
3.250000000000000111e-02
4.249999999999998224e-02
2.924999999999999822e-01
3.299999999999999600e-01
2.500000000000057732e-03
3.500000000000003109e-02
3.999999999999999112e-01
7.750000000000012434e-02
2.299999999999999822e-01
3.499999999999998668e-01
5.149999999999999023e-01
4.599999999999999645e-01
1.100000000000003197e-01
1.077500000000000124e+00
3.925000000000000711e-01
2.999999999999999889e-02
2.500000000000000139e-02
1.350000000000000089e-01
2.500000000000002220e-03
5.825000000000000178e-01
8.250000000000001776e-02
2.850000000000000311e-01
3.099999999999998312e-01
2.425000000000001599e-01
4.100000000000001421e-01
3.749999999999964473e-02
1.750000000000002665e-01
3.224999999999997868e-01
1.375000000000000444e+00
3.324999999999995737e-01
2.249999999999999917e-02
1.250000000000000416e-02
1.900000000000000022e-01
1.224999999999999978e-01
5.900000000000000799e-01
4.224999999999999867e-01
1.550000000000000266e-01
3.549999999999999822e-01
1.550000000000000266e-01
2.124999999999999112e-01
1.750000000000007105e-02
2.000000000000001776e-02
5.500000000000015987e-02
1.662500000000000089e+00
6.250000000000000000e-02
7.050000000000005151e-01
4.500000000000000527e-02
7.499999999999998335e-02
1.800000000000000211e-01
3.999999999999999667e-01
2.149999999999999689e-01
4.750000000000009770e-02
5.849999999999999645e-01
9.499999999999997335e-02
1.075000000000000178e+00
6.974999999999997868e-01
1.575000000000001954e-01
3.249999999999997335e-01
1.325000000000000178e+00
5.750000000000000944e-02
2.299999999999999822e-01
1.024999999999999800e-01
4.000000000000003553e-02
1.999999999999996225e-02
2.150000000000000244e-01
8.999999999999996891e-02
6.574999999999999734e-01
2.099999999999999645e-01
3.275000000000001243e-01
5.500000000000015987e-02
8.349999999999999645e-01
3.649999999999997691e-01
3.999999999999994671e-01
5.999999999999999778e-02
7.000000000000000666e-02
2.249999999999999223e-02
8.750000000000002220e-02
3.249999999999997335e-02
1.875000000000000000e-01
5.249999999999999112e-02
6.000000000000005329e-02
1.072500000000000009e+00
8.949999999999997957e-01
3.750000000000008882e-02
1.150000000000002132e-01
9.249999999999980460e-02
7.349999999999998757e-01
4.725000000000001421e-01
7.500000000000017764e-02
8.275000000000001243e-01
1.025000000000000078e-01
1.524999999999999689e-01
5.000000000000004441e-02
1.474999999999999645e-01
1.199999999999999956e-01
2.500000000000057732e-03
1.004999999999999893e+00
4.675000000000000266e-01
1.799999999999997158e-01
2.350000000000003197e-01
8.374999999999999112e-01
7.249999999999978684e-02
6.375000000000001776e-01
3.250000000000000111e-02
3.499999999999998945e-02
1.499999999999999944e-02
1.250000000000001110e-02
6.250000000000000000e-02
9.249999999999997113e-02
2.650000000000000688e-01
1.024999999999999245e-01
2.075000000000000178e-01
3.650000000000001021e-01
1.422499999999999876e+00
1.000000000000000000e+00
2.774999999999998579e-01
1.112500000000000266e+00
3.125000000000000000e-01
4.599999999999999645e-01
1.250000000000006661e-02
1.800000000000000488e-01
3.549999999999999822e-01
1.574999999999999734e-01
4.724999999999999201e-01
5.450000000000001510e-01
9.999999999999786837e-03
1.177500000000000213e+00
1.422499999999999876e+00
4.249999999999999611e-02
7.000000000000000666e-02
2.750000000000000222e-01
3.749999999999997780e-02
2.525000000000000577e-01
8.375000000000000222e-01
3.174999999999998934e-01
1.975000000000002309e-01
4.849999999999998757e-01
8.750000000000000000e-01
8.625000000000002665e-01
1.499999999999999944e-02
2.324999999999999845e-01
1.475000000000000200e-01
6.750000000000000444e-02
4.625000000000000222e-01
1.400000000000000133e-01
1.712500000000000133e+00
8.574999999999999289e-01
1.274999999999999467e-01
8.174999999999998934e-01
2.025000000000000133e-01
1.524999999999999689e-01
3.850000000000000089e-01
2.550000000000001155e-01
3.750000000000000000e-01
3.249999999999999556e-01
6.200000000000001066e-01
9.674999999999998046e-01
2.050000000000000711e-01
1.225000000000000533e-01
2.799999999999998046e-01
6.049999999999999822e-01
8.499999999999999223e-02
7.500000000000001110e-02
3.774999999999999467e-01
8.500000000000007550e-02
1.499999999999999112e-01
1.050000000000000933e-01
5.224999999999999645e-01
2.849999999999999201e-01
3.550000000000002043e-01
1.292499999999999982e+00
2.449999999999996625e-01
2.375000000000002665e-01
5.399999999999995914e-01
1.474999999999999922e-01
1.675000000000000100e-01
6.500000000000000222e-02
3.324999999999999623e-01
6.925000000000001155e-01
3.674999999999999378e-01
8.749999999999991118e-02
1.299999999999998934e-01
9.225000000000003197e-01
2.999999999999998224e-01
1.474999999999999645e-01
5.725000000000002309e-01
1.082499999999999574e+00
3.300000000000000155e-01
2.650000000000000133e-01
2.949999999999999289e-01
3.175000000000000044e-01
2.250000000000000888e-01
4.324999999999998845e-01
1.750000000000007105e-02
1.499999999999990230e-02
8.000000000000029310e-02
9.149999999999995914e-01
5.900000000000003020e-01
9.749999999999996447e-01
8.500000000000000611e-02
1.175000000000000211e-01
6.824999999999999956e-01
3.975000000000000755e-01
6.749999999999989342e-02
5.750000000000010658e-02
3.199999999999998401e-01
9.000000000000001332e-01
8.024999999999997691e-01
3.774999999999999467e-01
2.025000000000005684e-01
9.875000000000002665e-01
2.550000000000000044e-01
1.149999999999999911e-01
4.249999999999998224e-02
2.424999999999999933e-01
2.475000000000000533e-01
1.062500000000000000e+00
4.375000000000000000e-01
6.625000000000000888e-01
5.949999999999997513e-01
3.825000000000000067e-01
5.249999999999993561e-02
1.300000000000000044e-01
2.087499999999999911e+00
2.825000000000001954e-01
9.799999999999999822e-01
9.249999999999980460e-02
1.454999999999999627e+00
6.875000000000000000e-01
1.124999999999999334e-01
5.200000000000001288e-01
7.999999999999984901e-02
4.249999999999998224e-02
1.000000000000000888e-01
6.950000000000000622e-01
7.025000000000001243e-01
9.175000000000004263e-01
2.574999999999999512e-01
5.349999999999999201e-01
1.525000000000000799e-01
2.524999999999999467e-01
4.025000000000000799e-01
2.900000000000000355e-01
1.249999999999997780e-01
8.200000000000002842e-01
2.799999999999998046e-01
5.724999999999997868e-01
5.449999999999999289e-01
4.400000000000000577e-01
6.824999999999998845e-01
6.399999999999999023e-01
7.375000000000002665e-01
7.250000000000000888e-01
4.249999999999998224e-02
7.299999999999999822e-01
1.209999999999999964e+00
1.249999999999995559e-02
1.054999999999999938e+00
2.850000000000001421e-01
5.049999999999998934e-01
6.650000000000000355e-01
9.550000000000000711e-01
3.749999999999999167e-02
2.425000000000000211e-01
1.324999999999999512e-01
5.000000000000004441e-03
2.600000000000000089e-01
3.275000000000000133e-01
5.000000000000115463e-03
3.949999999999997957e-01
8.425000000000000266e-01
6.299999999999998934e-01
5.650000000000003908e-01
4.599999999999999645e-01
3.500000000000014211e-02
1.777499999999999858e+00
6.199999999999999956e-01
2.724999999999998535e-01
9.100000000000001421e-01
2.174999999999998046e-01
6.225000000000000533e-01
3.925000000000000711e-01
5.024999999999999467e-01
3.749999999999999167e-02
1.549999999999999989e-01
5.500000000000000444e-01
2.474999999999999423e-01
2.150000000000000799e-01
8.749999999999991118e-02
1.002500000000000169e+00
1.054999999999999716e+00
3.025000000000002132e-01
1.949999999999998401e-01
9.999999999999995559e-01
4.750000000000001443e-02
7.499999999999978906e-03
5.224999999999999645e-01
5.249999999999999112e-02
9.999999999999997780e-02
9.000000000000000222e-01
1.109999999999999876e+00
9.250000000000024869e-02
2.224999999999996980e-01
1.525000000000003020e-01
2.325000000000000178e+00
5.499999999999999334e-02
1.322500000000000009e+00
8.250000000000001776e-02
6.349999999999997868e-01
1.700000000000003730e-01
2.800000000000002487e-01
1.275000000000000022e-01
3.849999999999999534e-01
1.100000000000000977e-01
1.949999999999999512e-01
3.249999999999997335e-02
3.350000000000000755e-01
9.449999999999998401e-01
1.547500000000000320e+00
3.099999999999996092e-01
9.525000000000001243e-01
2.924999999999999822e-01
7.500000000000006661e-03
3.500000000000003109e-02
5.300000000000000266e-01
7.399999999999998801e-01
1.550000000000000266e+00
5.949999999999997513e-01
5.624999999999995559e-01
5.949999999999999734e-01
1.199999999999999956e-01
7.074999999999999067e-01
1.425000000000000711e-01
9.324999999999998845e-01
6.100000000000003197e-01
2.999999999999980460e-02
3.050000000000001599e-01
2.000000000000001776e-02
1.925000000000000266e+00
2.074999999999999623e-01
3.825000000000000067e-01
7.000000000000006217e-02
1.304999999999999938e+00
4.275000000000002132e-01
2.724999999999999645e-01
5.849999999999995204e-01
6.049999999999999822e-01
1.300000000000000044e-01
2.249999999999996447e-02
1.274999999999999467e-01
9.924999999999999378e-01
1.320000000000000284e+00
1.850000000000000533e-01
1.524999999999998579e-01
1.270000000000000018e+00
1.972499999999999920e+00
1.674999999999999822e-01
6.000000000000000888e-01
9.150000000000000355e-01
2.225000000000000033e-01
2.665000000000000036e+00
4.749999999999996447e-01
2.265000000000000124e+00
4.049999999999999711e-01
4.750000000000000888e-01
2.749999999999985789e-02
1.169999999999999929e+00
7.500000000000017764e-02
1.424999999999999822e+00
8.599999999999998757e-01
2.750000000000007994e-02
9.225000000000000977e-01
4.424999999999998934e-01
4.199999999999999289e-01
3.050000000000006040e-01
3.250000000000000111e-02
2.924999999999999822e-01
1.525000000000000799e-01
3.149999999999999467e-01
2.849999999999999201e-01
1.500000000000001332e-01
3.774999999999999467e-01
8.925000000000000711e-01
7.750000000000012434e-02
3.499999999999969802e-02
1.274999999999999911e+00
1.202499999999999680e+00
7.150000000000000799e-01
9.949999999999998845e-01
7.450000000000001066e-01
4.224999999999998757e-01
5.975000000000001421e-01
1.165000000000000036e+00
1.425000000000000155e-01
3.224999999999999534e-01
5.025000000000000577e-01
2.249999999999996447e-02
3.549999999999999822e-01
7.774999999999998579e-01
5.250000000000003553e-01
6.049999999999999822e-01
6.650000000000000355e-01
1.925000000000000322e-01
1.774999999999999356e-01
2.300000000000000933e-01
5.724999999999998979e-01
2.750000000000007994e-02
2.524999999999999467e-01
1.684999999999999831e+00
1.200000000000001066e-01
5.474999999999998757e-01
9.550000000000005151e-01
1.500000000000001332e-02
1.524999999999999967e-01
2.450000000000000511e-01
5.499999999999993783e-02
3.249999999999999556e-01
1.060000000000000053e+00
4.874999999999998224e-01
1.775000000000002132e-01
1.029999999999999805e+00
1.474999999999999645e-01
1.762500000000000178e+00
4.500000000000001221e-02
1.774999999999999911e-01
1.750000000000001554e-02
1.749999999999999889e-01
1.197499999999999787e+00
2.500000000000168754e-03
1.149999999999999911e-01
3.575000000000001510e-01
9.124999999999996447e-01
4.000000000000003553e-01
2.659999999999999698e+00
1.100000000000003197e-01
8.649999999999997691e-01
7.100000000000004086e-01
7.274999999999999245e-01
6.600000000000000311e-01
1.492499999999999938e+00
1.800000000000001599e-01
6.799999999999997158e-01
9.074999999999997513e-01
1.249999999999998335e-02
1.375000000000000111e-01
5.975000000000000311e-01
8.749999999999991118e-02
1.400000000000001243e-01
1.489999999999999769e+00
7.299999999999999822e-01
2.875000000000000888e-01
3.675000000000001599e-01
2.799999999999993605e-01
4.425000000000000044e-01
1.674999999999999822e-01
1.049999999999999822e-01
2.099999999999999645e-01
6.325000000000000622e-01
1.229999999999999982e+00
1.010000000000000231e+00
3.162500000000000533e+00
1.157500000000000195e+00
2.924999999999999822e-01
4.550000000000000711e-01
3.499999999999969802e-02
1.665000000000000036e+00
1.325000000000000067e-01
3.699999999999999956e-01
7.999999999999996003e-02
2.825000000000000844e-01
1.682500000000000107e+00
3.499999999999996447e-01
6.075000000000003730e-01
2.750000000000002442e-02
2.074999999999999623e-01
1.325000000000000622e-01
6.099999999999998757e-01
2.750000000000007994e-02
9.975000000000000533e-01
4.725000000000001421e-01
1.649999999999995914e-01
5.750000000000001776e-01
6.999999999999984013e-02
2.369999999999999662e+00
1.375000000000000111e-01
8.999999999999996891e-02
9.499999999999997335e-02
8.325000000000001288e-01
3.174999999999998934e-01
3.474999999999999201e-01
7.750000000000012434e-02
1.182500000000000107e+00
3.249999999999997335e-02
1.685000000000000053e+00
1.900000000000001688e-01
5.124999999999997335e-01
2.499999999999946709e-03
6.450000000000000178e-01
2.692499999999999893e+00
7.624999999999999556e-01
3.649999999999999911e-01
1.550000000000000266e-01
5.299999999999998046e-01
4.425000000000003375e-01
1.137499999999999734e+00
1.907499999999999973e+00
9.599999999999999645e-01
7.850000000000001421e-01
2.999999999999980460e-02
1.945000000000000284e+00
4.349999999999999423e-01
3.800000000000001155e-01
3.024999999999999911e-01
1.350000000000000089e-01
3.249999999999997335e-02
2.320000000000000284e+00
1.172499999999999876e+00
6.699999999999999289e-01
2.417499999999999982e+00
1.250000000000000000e-01
3.624999999999998224e-01
1.557499999999999662e+00
3.775000000000000022e-01
9.899999999999999911e-01
9.250000000000002665e-02
6.174999999999999378e-01
3.475000000000001421e-01
3.149999999999999467e-01
1.824999999999999956e-01
2.000000000000000111e-01
4.175000000000000933e-01
1.130000000000000115e+00
8.849999999999997868e-01
4.174999999999999822e-01
2.500000000000000000e-01
1.250000000000000000e-01
6.000000000000005329e-02
1.362499999999999378e+00
6.500000000000000222e-02
4.250000000000003775e-02
5.024999999999999467e-01
1.000000000000000888e-02
2.249999999999999778e-01
9.800000000000002043e-01
8.899999999999996803e-01
3.375000000000003553e-01
1.370000000000000107e+00
3.275000000000000133e-01
1.217500000000000027e+00
1.107500000000000151e+00
2.610000000000000320e+00
3.324999999999999623e-01
1.294999999999999929e+00
4.650000000000000799e-01
5.150000000000001243e-01
7.499999999999973355e-02
1.637499999999999734e+00
1.682500000000000107e+00
2.624999999999999556e-01
1.750000000000007105e-02
5.649999999999999467e-01
2.117499999999999716e+00
1.425000000000000155e-01
1.325000000000000178e+00
1.749999999999998224e-01
1.550000000000000266e-01
1.549999999999999822e+00
1.004999999999999893e+00
1.925000000000001155e-01
1.774999999999999911e-01
1.167499999999999982e+00
1.500000000000012434e-02
9.875000000000002665e-01
7.999999999999999334e-01
1.582500000000000240e+00
8.199999999999998401e-01
9.049999999999998046e-01
2.350000000000000422e-01
3.624999999999999334e-01
1.125000000000000444e-01
2.150000000000000799e-01
1.102500000000000036e+00
7.299999999999999822e-01
2.000000000000001776e-02
2.849999999999996980e-01
1.425000000000000711e-01
1.677499999999999769e+00
6.224999999999999423e-01
1.285000000000000142e+00
4.874999999999998224e-01
1.190000000000000391e+00
2.060000000000000497e+00
9.274999999999998801e-01
3.500000000000014211e-02
3.474999999999999201e-01
2.099999999999999645e-01
5.875000000000001332e-01
2.574999999999998401e-01
5.450000000000003730e-01
7.399999999999999911e-01
3.474999999999999201e-01
1.925000000000001155e-01
4.475000000000000089e-01
2.799999999999998046e-01
1.285000000000000142e+00
2.567499999999999893e+00
2.095000000000000195e+00
9.949999999999996625e-01
7.500000000000284217e-03
1.074999999999999289e-01
5.249999999999999112e-01
1.112499999999999822e+00
1.049999999999999822e-01
8.999999999999996891e-02
1.824999999999999956e-01
1.600000000000000311e-01
3.975000000000000755e-01
5.200000000000000178e-01
8.024999999999999911e-01
3.549999999999999822e-01
2.225000000000001421e-01
1.090000000000000302e+00
9.000000000000002442e-02
7.475000000000000533e-01
1.849999999999998312e-01
9.949999999999998845e-01
7.600000000000002309e-01
2.374999999999998224e-01
2.044999999999999929e+00
4.250000000000003775e-02
3.224999999999999534e-01
7.974999999999999867e-01
6.475000000000001865e-01
1.077499999999999680e+00
1.500000000000003553e-01
5.749999999999966249e-02
1.800000000000001599e-01
5.549999999999997158e-01
3.225000000000000089e-01
4.574999999999999067e-01
9.750000000000014211e-02
3.574999999999999289e-01
1.625000000000000888e-01
3.625000000000000444e-01
1.669999999999999929e+00
2.749999999999985789e-02
4.350000000000000533e-01
8.625000000000000444e-01
1.084999999999999964e+00
1.499999999999999112e-01
1.299999999999998934e-01
1.674999999999999822e-01
1.022500000000000409e+00
1.974999999999997868e-01
3.510000000000000675e+00
1.415000000000000036e+00
2.047499999999999876e+00
3.999999999999998002e-02
9.249999999999999334e-01
1.375000000000001776e-01
1.324999999999999734e+00
1.850000000000000533e-01
2.425000000000001599e-01
1.225000000000000533e-01
3.774999999999999467e-01
6.499999999999994671e-02
2.004999999999999893e+00
4.125000000000000333e-01
4.149999999999999245e-01
2.055000000000000160e+00
1.875000000000000000e-01
3.499999999999969802e-02
8.050000000000001599e-01
1.162500000000000089e+00
4.074999999999999734e-01
5.649999999999997247e-01
1.245000000000000107e+00
6.124999999999998224e-01
1.752499999999999725e+00
1.577500000000000124e+00
1.897499999999999964e+00
9.625000000000001332e-01
1.324999999999998401e-01
2.975000000000000977e-01
6.499999999999994671e-02
3.750000000000008882e-02
6.975000000000000089e-01
6.425000000000000711e-01
1.977499999999999591e+00
1.287499999999999867e+00
2.525000000000001688e-01
4.624999999999999112e-01
1.077499999999999680e+00
7.500000000000001110e-02
3.200000000000000067e-01
1.324999999999999512e-01
2.050000000000000711e-01
3.499999999999992006e-02
1.175000000000000266e+00
5.149999999999996803e-01
1.097500000000000142e+00
3.999999999999999112e-01
3.200000000000000067e-01
1.850000000000000533e-01
9.825000000000000400e-01
8.325000000000000178e-01
8.624999999999998224e-01
2.924999999999999822e-01
1.587499999999999911e+00
3.775000000000000022e-01
1.227500000000000036e+00
5.474999999999998757e-01
7.850000000000001421e-01
8.575000000000008171e-01
1.187500000000000000e+00
1.774999999999999911e-01
7.700000000000000178e-01
5.099999999999997868e-01
2.850000000000001421e-01
6.849999999999996092e-01
1.749999999999999556e+00
2.700000000000000178e+00
8.749999999999991118e-02
2.450000000000001066e-01
1.329999999999999627e+00
3.574999999999999289e-01
5.249999999999999112e-02
3.375000000000001332e-01
1.274999999999999467e-01
5.800000000000000711e-01
5.999999999999983125e-02
7.500000000000062172e-03
1.837500000000000133e+00
1.427500000000000213e+00
6.900000000000001688e-01
8.499999999999996447e-02
3.474999999999999201e-01
1.297499999999999876e+00
1.992500000000000604e+00
4.750000000000004219e-02
4.249999999999998224e-02
2.000000000000001776e-02
1.124999999999999334e-01
3.900000000000001243e-01
1.777499999999999858e+00
1.949999999999998401e-01
4.375000000000000000e-01
9.749999999999999778e-01
7.624999999999999556e-01
1.252499999999999947e+00
4.624999999999999112e-01
3.099999999999996092e-01
2.500000000000002220e-02
3.749999999999997780e-02
3.199999999999999512e-01
4.500000000000000666e-01
3.074999999999998845e-01
4.475000000000000089e-01
2.124999999999999112e-01
5.224999999999999645e-01
1.425000000000000711e-01
7.375000000000002665e-01
3.400000000000003020e-01
4.249999999999998224e-01
2.950000000000000400e-01
3.250000000000000666e-01
2.439999999999999947e+00
4.649999999999998579e-01
1.047500000000000320e+00
1.109999999999999876e+00
1.372500000000000275e+00
5.999999999999960920e-02
1.375000000000001776e-01
1.852500000000000036e+00
2.974999999999999867e-01
4.074999999999999734e-01
1.774999999999999911e-01
2.450000000000001066e-01
7.724999999999999645e-01
7.500000000000017764e-02
1.487499999999999822e+00
1.162499999999999867e+00
2.000000000000000000e+00
1.377499999999999947e+00
5.224999999999999645e-01
7.575000000000000622e-01
1.029999999999999805e+00
7.000000000000028422e-02
2.574999999999998401e-01
4.174999999999999822e-01
7.850000000000001421e-01
2.185000000000000053e+00
7.299999999999999822e-01
6.624999999999996447e-01
6.024999999999999245e-01
4.725000000000001421e-01
5.899999999999998579e-01
9.449999999999998401e-01
5.050000000000003375e-01
1.699999999999999289e-01
4.950000000000001066e-01
2.750000000000000222e-01
5.224999999999999645e-01
8.550000000000002043e-01
3.399999999999998579e-01
6.274999999999999467e-01
8.225000000000002309e-01
6.349999999999997868e-01
9.199999999999999289e-01
9.250000000000002665e-02
6.474999999999999645e-01
1.625000000000000888e-01
3.750000000000008882e-02
1.097499999999999698e+00
3.412499999999999645e+00
5.675000000000000044e-01
1.577500000000000124e+00
1.495000000000000107e+00
1.749999999999962697e-02
5.825000000000000178e-01
2.625000000000001776e-01
5.250000000000021316e-02
1.005000000000000782e+00
4.500000000000003997e-02
4.749999999999998668e-02
1.077500000000000124e+00
1.077499999999999902e+00
6.650000000000000355e-01
1.225000000000000533e-01
3.549999999999999822e-01
1.274999999999995026e-01
1.657500000000000195e+00
2.110000000000000320e+00
1.204999999999999627e+00
1.799999999999999822e+00
4.250000000000000444e-01
2.049999999999998490e-01
4.050000000000000266e-01
1.325000000000000622e-01
5.450000000000001510e-01
5.524999999999997691e-01
1.724999999999998757e-01
1.409999999999999698e+00
5.825000000000001288e-01
7.999999999999984901e-02
8.750000000000013323e-02
2.032499999999999751e+00
1.075000000000003730e-01
1.317500000000000338e+00
1.049999999999999822e-01
2.275000000000000355e-01
1.025000000000000355e-01
4.324999999999998845e-01
7.499999999999995559e-02
6.650000000000000355e-01
2.099999999999999645e-01
2.650000000000001243e-01
5.874999999999999112e-01
6.749999999999989342e-02
2.272499999999999964e+00
1.199999999999999956e-01
4.875000000000000444e-01
1.599999999999999201e-01
2.475000000000000533e-01
1.049999999999999822e+00
1.400000000000001243e-01
2.524999999999999467e-01
3.964999999999999858e+00
1.487500000000000266e+00
4.899999999999997691e-01
3.475000000000001421e-01
6.500000000000039080e-02
1.649999999999999245e-01
6.900000000000000577e-01
7.449999999999998845e-01
2.275000000000000355e-01
4.100000000000001421e-01
3.649999999999997691e-01
8.999999999999999112e-01
9.749999999999996447e-01
1.250000000000000000e+00
3.325000000000000178e-01
9.424999999999998934e-01
1.375000000000001776e-01
3.759999999999999787e+00
1.405000000000000027e+00
8.000000000000007105e-02
1.749999999999998224e-01
4.999999999999893419e-03
1.250000000000017764e-02
1.182500000000000107e+00
4.125000000000000888e-01
5.350000000000001421e-01
5.749999999999998446e-01
2.450000000000000178e+00
1.407500000000000195e+00
2.700000000000000178e-01
1.205000000000000071e+00
8.849999999999997868e-01
4.499999999999992895e-02
6.424999999999996270e-01
7.299999999999999822e-01
1.504999999999999893e+00
2.525000000000003908e-01
5.749999999999997335e-01
2.162500000000000089e+00
1.110000000000000098e+00
5.424999999999999822e-01
9.024999999999998579e-01
1.537499999999999645e+00
2.142500000000000071e+00
9.274999999999997691e-01
2.167499999999999982e+00
5.749999999999999556e-02
5.724999999999998979e-01
8.475000000000001421e-01
4.824999999999999289e-01
2.850000000000001421e-01
1.512499999999999734e+00
2.025000000000000133e-01
3.799999999999998934e-01
1.767500000000000071e+00
3.224999999999997868e-01
3.175000000000003375e-01
1.000000000000000000e+00
3.924999999999999600e-01
9.250000000000002665e-02
4.000000000000003553e-02
5.000000000000004441e-02
2.202499999999999680e+00
4.999999999999893419e-03
6.625000000000005329e-01
3.187500000000000000e+00
1.357499999999999929e+00
5.725000000000002309e-01
2.549999999999998934e-01
1.450000000000000178e+00
1.099999999999999867e+00
7.350000000000000977e-01
9.249999999999980460e-02
6.650000000000000355e-01
1.987500000000000266e+00
1.500000000000001332e-02
1.500000000000000222e-01
7.500000000000062172e-03
5.625000000000000000e-01
1.374999999999999556e-01
3.449999999999999734e-01
8.225000000000000089e-01
6.150000000000002132e-01
2.242500000000000160e+00
1.324999999999998401e-01
9.849999999999998757e-01
1.230000000000000426e+00
2.524999999999999467e-01
1.574999999999999734e-01
6.800000000000001599e-01
1.399999999999999023e-01
1.057499999999999885e+00
5.625000000000000000e-01
1.137500000000000178e+00
7.075000000000000178e-01
3.950000000000000178e-01
1.532499999999999973e+00
2.650000000000001243e-01
1.399999999999996803e-01
1.200000000000000178e+00
1.524999999999999689e-01
2.499999999999946709e-03
9.475000000000000089e-01
4.974999999999998312e-01
2.924999999999999822e-01
9.750000000000014211e-02
6.250000000000000000e-02
1.325000000000002842e-01
5.399999999999995914e-01
2.250000000000040856e-02
5.599999999999996092e-01
2.730000000000000426e+00
8.674999999999999378e-01
1.949999999999999734e+00
2.549999999999998934e-01
7.700000000000000178e-01
1.850000000000000533e-01
2.549999999999998934e-01
4.249999999999998224e-02
6.825000000000001066e-01
2.600000000000002309e-01
1.875000000000000000e-01
2.647499999999999964e+00
7.950000000000000400e-01
2.649999999999999023e-01
5.499999999999998224e-01
3.525000000000000355e-01
2.725000000000000755e-01
1.249999999999995559e-02
3.574999999999999289e-01
3.475000000000001421e-01
2.219999999999999751e+00
1.500000000000056843e-02
5.464999999999999858e+00
1.412500000000000089e+00
2.312499999999999556e+00
3.274999999999999023e-01
4.475000000000000089e-01
7.300000000000002043e-01
2.499999999999946709e-03
6.550000000000002487e-01
1.327500000000000124e+00
1.474999999999999645e+00
4.325000000000001066e-01
3.875000000000001776e-01
4.799999999999999822e-01
4.000000000000003553e-02
6.699999999999999289e-01
4.325000000000001066e-01
1.379999999999999893e+00
2.215000000000000302e+00
1.450000000000000178e-01
5.000000000000004441e-03
6.324999999999999512e-01
1.030000000000000249e+00
9.575000000000000178e-01
1.649999999999995914e-01
1.445000000000000284e+00
1.457499999999999796e+00
1.850000000000000533e-01
4.700000000000001954e-01
3.322500000000000231e+00
6.099999999999999867e-01
3.999999999999999112e-01
5.800000000000000711e-01
2.974999999999998757e-01
3.824999999999998401e-01
7.949999999999999289e-01
8.075000000000001066e-01
1.825000000000001066e-01
1.154999999999999805e+00
8.650000000000002132e-01
8.624999999999999334e-01
1.750000000000000444e-01
1.777499999999999858e+00
2.675000000000000711e-01
2.142500000000000071e+00
1.312500000000000000e+00
2.799999999999998046e-01
9.250000000000024869e-02
5.424999999999999822e-01
5.999999999999960920e-02
2.500000000000390799e-03
4.950000000000001066e-01
1.474999999999998535e-01
4.775000000000000355e-01
4.750000000000009770e-02
9.749999999999992006e-02
1.332500000000000018e+00
1.009999999999999787e+00
5.350000000000001421e-01
1.342500000000000249e+00
1.750000000000007105e-02
7.574999999999998401e-01
8.000000000000007105e-02
9.150000000000000355e-01
1.760000000000000231e+00
1.050000000000000044e+00
5.674999999999998934e-01
4.125000000000000000e+00
7.250000000000000888e-01
1.737499999999999822e+00
2.767500000000000071e+00
7.974999999999998757e-01
7.250000000000000888e-01
1.174999999999999378e-01
7.250000000000000888e-02
5.600000000000000533e-01
1.040000000000000036e+00
3.774999999999999467e-01
1.722499999999999698e+00
1.564999999999999947e+00
8.374999999999999112e-01
1.412499999999999867e+00
1.604999999999999982e+00
4.700000000000001954e-01
7.750000000000000222e-01
6.100000000000000977e-01
1.299999999999998934e-01
2.374999999999998224e-01
8.000000000000007105e-02
8.275000000000001243e-01
1.600000000000001421e-01
1.850000000000000089e+00
3.950000000000000178e-01
2.675000000000000711e-01
2.024999999999999023e-01
3.074999999999998845e-01
1.310000000000000053e+00
7.750000000000012434e-02
3.352500000000000036e+00
1.122500000000000053e+00
2.075000000000000178e+00
1.510000000000000231e+00
1.250000000000017764e-02
7.249999999999998668e-01
6.550000000000002487e-01
8.849999999999997868e-01
2.724999999999999645e-01
1.974999999999997868e-01
4.375000000000000000e-01
4.325000000000001066e-01
2.549999999999998934e-01
4.999999999999982236e-02
7.500000000000017764e-02
1.834999999999999964e+00
2.847500000000000142e+00
2.107499999999999929e+00
2.749999999999999112e-01
3.250000000000001776e-01
2.410000000000000142e+00
7.424999999999999378e-01
3.457499999999999574e+00
1.520000000000000018e+00
7.025000000000001243e-01
9.049999999999998046e-01
6.150000000000002132e-01
7.275000000000000355e-01
2.399999999999997691e-01
2.075000000000000178e-01
7.174999999999998046e-01
1.857500000000000151e+00
9.575000000000000178e-01
1.052499999999999769e+00
1.200000000000001066e-01
1.287499999999999867e+00
8.125000000000000000e-01
2.407499999999999751e+00
1.839999999999999858e+00
3.569999999999999396e+00
5.449999999999999289e-01
8.149999999999999467e-01
5.124999999999999556e-01
8.900000000000001243e-01
3.174999999999998934e-01
2.390000000000000568e+00
1.837500000000000133e+00
1.082500000000000018e+00
2.499999999999502620e-03
3.162499999999999645e+00
1.834999999999999964e+00
5.925000000000002487e-01
4.024999999999998579e-01
1.280000000000000249e+00
1.130000000000000115e+00
8.499999999999996447e-02
5.724999999999997868e-01
1.299999999999998934e-01
2.975000000000003197e-01
1.770000000000000018e+00
1.112500000000000044e+00
1.850000000000000533e-01
4.000000000000003553e-02
2.949999999999999289e-01
2.900000000000000355e-01
4.625000000000000000e+00
1.337500000000000133e+00
4.849999999999998757e-01
2.250000000000000888e-01
3.804999999999999716e+00
1.174999999999999378e-01
8.749999999999991118e-02
3.249999999999997335e-02
5.025000000000001688e-01
2.600000000000000089e-01
6.049999999999999822e-01
6.450000000000000178e-01
1.067500000000000338e+00
1.325000000000000178e+00
1.229999999999999982e+00
1.249999999999973355e-02
1.642500000000000071e+00
8.575000000000001510e-01
9.299999999999997158e-01
1.292499999999999538e+00
2.685000000000000053e+00
1.115000000000000213e+00
2.932500000000000107e+00
1.234999999999999876e+00
1.465000000000000080e+00
1.000000000000000888e-01
4.449999999999998401e-01
1.924999999999998934e-01
1.157499999999999751e+00
1.407499999999999973e+00
4.700000000000001954e-01
5.974999999999996980e-01
2.424999999999999378e-01
9.824999999999999289e-01
1.600000000000001421e-01
4.999999999999893419e-03
1.012500000000000178e+00
5.500000000000015987e-02
1.444999999999999840e+00
2.209999999999999964e+00
4.252499999999999503e+00
1.762500000000000178e+00
4.824999999999999289e-01
1.974999999999997868e-01
1.524999999999999467e+00
8.250000000000001776e-02
2.275000000000000355e-01
9.499999999999997335e-02
1.049999999999999822e-01
1.120000000000000107e+00
5.800000000000000711e-01
6.749999999999989342e-02
1.382499999999999840e+00
3.249999999999997335e-02
5.000000000000115463e-03
1.875000000000000000e-01
2.449999999999998845e-01
1.007500000000000062e+00
9.024999999999998579e-01
1.775000000000002132e-01
1.445000000000000284e+00
7.624999999999999556e-01
6.800000000000001599e-01
2.799999999999998046e-01
6.650000000000000355e-01
3.725000000000000533e-01
1.665000000000000036e+00
7.499999999999995559e-02
4.249999999999998224e-02
2.249999999999996447e-02
6.174999999999999378e-01
5.125000000000001776e-01
1.497499999999999609e+00
1.154999999999999805e+00
1.107499999999999929e+00
7.724999999999999645e-01
3.700000000000001066e-01
4.074999999999997513e-01
2.647499999999999964e+00
1.225000000000000533e-01
2.149999999999998579e-01
3.974999999999999645e-01
7.749999999999990230e-02
3.050000000000001599e-01
7.799999999999998046e-01
1.165000000000000036e+00
2.617500000000000160e+00
6.025000000000000355e-01
1.324999999999999956e+00
3.447500000000000231e+00
2.455000000000000071e+00
3.400000000000003020e-01
1.790000000000000036e+00
1.000000000000023093e-02
8.574999999999999289e-01
1.222499999999999698e+00
7.499999999999997780e-01
3.925000000000000711e-01
8.599999999999998757e-01
2.475000000000000533e-01
2.112500000000000266e+00
8.600000000000000977e-01
2.275000000000000355e-01
6.450000000000000178e-01
1.824999999999996625e-01
9.599999999999995204e-01
1.857500000000000151e+00
2.682500000000000107e+00
1.027499999999999858e+00
4.207499999999999574e+00
8.425000000000000266e-01
1.844999999999999751e+00
1.200000000000000178e+00
1.982499999999999485e+00
3.699999999999998845e-01
9.525000000000001243e-01
1.622500000000000497e+00
1.324999999999998401e-01
1.317499999999999893e+00
4.100000000000001421e-01
3.599999999999998757e-01
4.617500000000000604e+00
2.757500000000000284e+00
4.274999999999999911e-01
2.875000000000000888e-01
6.524999999999998579e-01
1.425000000000000711e-01
6.600000000000001421e-01
2.432500000000000107e+00
9.199999999999999289e-01
1.677499999999999769e+00
5.100000000000002309e-01
2.742500000000000160e+00
1.922499999999999876e+00
3.750000000000008882e-02
1.140000000000000568e+00
3.725000000000000533e-01
8.499999999999998668e-01
2.000000000000001776e-01
3.849999999999997868e-01
4.087500000000000355e+00
1.244999999999999885e+00
5.950000000000001954e-01
1.802499999999999769e+00
4.400000000000003908e-01
2.862499999999999822e+00
4.074999999999999734e-01
2.950000000000001510e-01
2.824999999999997513e-01
1.185000000000000053e+00
2.422499999999999432e+00
6.049999999999997602e-01
5.275000000000003020e-01
6.349999999999997868e-01
8.100000000000004974e-01
1.647500000000000409e+00
1.289999999999999813e+00
4.904999999999999361e+00
1.657499999999999751e+00
5.522499999999999076e+00
9.499999999999975131e-02
1.887500000000000178e+00
1.699999999999999289e-01
4.725000000000001421e-01
1.602500000000000036e+00
2.252500000000000391e+00
1.422499999999999876e+00
1.669999999999999929e+00
3.750000000000000000e-01
1.522499999999999964e+00
3.874999999999999556e-01
1.499999999999990230e-02
4.000000000000001332e-01
4.775000000000000355e-01
5.699999999999998401e-01
9.125000000000000888e-01
9.274999999999999911e-01
4.424999999999998934e-01
7.749999999999999112e-01
1.575000000000001954e-01
1.002499999999999947e+00
1.532500000000000195e+00
1.025000000000000355e-01
2.395000000000000018e+00
9.000000000000007994e-02
1.274999999999999911e+00
1.524999999999999911e+00
4.000000000000003553e-02
1.450000000000000178e-01
7.450000000000001066e-01
1.344999999999999751e+00
4.275000000000000355e+00
2.162500000000000089e+00
1.057500000000000107e+00
1.182499999999999885e+00
3.399999999999998579e-01
1.067499999999999893e+00
2.242499999999999716e+00
5.250000000000021316e-02
1.855000000000000426e+00
9.274999999999997691e-01
2.982499999999999929e+00
6.499999999999999112e-01
6.975000000000002309e-01
6.749999999999998224e-01
1.655000000000000249e+00
1.152500000000000080e+00
1.500000000000000000e+00
2.425000000000001599e-01
1.462500000000000133e+00
3.499999999999969802e-02
1.850000000000000533e-01
2.832499999999999574e+00
6.424999999999996270e-01
2.042500000000000426e+00
4.749999999999987566e-02
3.262499999999999734e+00
7.574999999999998401e-01
8.650000000000002132e-01
4.999999999999982236e-02
3.149999999999999467e-01
2.709999999999999964e+00
1.367500000000000160e+00
1.529999999999999805e+00
1.542499999999999760e+00
3.750000000000008882e-02
2.200000000000001954e-01
2.310000000000000053e+00
5.499999999999993783e-02
6.699999999999999289e-01
5.024999999999999467e-01
3.950000000000000178e-01
2.650000000000001243e-01
2.667499999999999538e+00
2.449999999999999734e+00
1.074999999999999734e+00
9.399999999999999467e-01
4.350000000000000533e-01
5.800000000000000711e-01
2.477499999999999591e+00
1.205000000000000071e+00
1.095000000000000195e+00
4.424999999999998934e-01
6.425000000000000711e-01
5.725000000000002309e-01
2.122500000000000053e+00
4.774999999999995914e-01
8.024999999999999911e-01
1.084999999999999964e+00
2.672499999999999876e+00
3.249999999999997335e-02
2.574999999999998401e-01
3.375000000000003553e-01
3.999999999999999112e-01
1.502499999999999947e+00
7.749999999999999112e-01
5.300000000000002487e-01
1.459999999999999964e+00
2.017500000000000071e+00
9.750000000000014211e-02
7.925000000000004263e-01
1.525000000000000799e-01
1.374999999999997335e-01
5.750000000000010658e-02
2.900000000000000355e-01
1.404999999999999805e+00
1.412499999999999645e+00
1.637499999999999956e+00
2.614999999999999769e+00
1.222499999999999698e+00
2.535000000000000142e+00
5.875000000000003553e-01
1.187500000000000000e+00
2.324999999999999289e-01
6.499999999999999112e-01
2.537499999999999645e+00
9.825000000000003730e-01
1.915000000000000036e+00
1.135000000000000231e+00
1.112500000000000044e+00
2.720000000000000195e+00
1.479999999999999982e+00
7.425000000000001599e-01
1.805000000000000160e+00
2.365000000000000213e+00
3.089999999999999858e+00
1.210000000000000187e+00
4.249999999999998224e-02
3.132499999999999840e+00
4.980000000000000426e+00
8.325000000000004619e-01
1.437500000000000000e+00
8.499999999999996447e-02
1.149999999999997691e-01
6.800000000000001599e-01
8.624999999999998224e-01
2.600000000000002309e-01
1.250000000000000000e-01
2.712499999999999911e+00
1.804999999999999716e+00
1.332500000000000018e+00
3.145000000000000018e+00
9.874999999999998224e-01
1.250000000000017764e-02
3.600000000000000089e+00
1.512500000000000178e+00
8.324999999999995737e-01
2.574999999999998401e-01
9.625000000000003553e-01
1.012499999999999734e+00
1.845000000000000195e+00
2.999999999999998224e-01
1.735000000000000320e+00
3.874999999999997335e-01
2.999999999999998224e-01
1.167499999999999982e+00
4.000000000000003553e-01
8.574999999999999289e-01
1.382500000000000284e+00
1.829999999999999627e+00
5.150000000000001243e-01
3.224999999999997868e-01
1.602500000000000036e+00
4.599999999999999645e-01
5.974999999999996980e-01
5.600000000000000533e-01
2.037500000000000089e+00
2.065000000000000391e+00
1.012500000000000178e+00
1.882499999999999840e+00
4.537499999999999645e+00
1.220000000000000195e+00
5.875000000000003553e-01
4.649999999999998579e-01
3.249999999999997335e-01
3.667500000000000426e+00
4.624999999999999112e-01
2.544999999999999929e+00
1.712500000000000355e+00
3.102499999999999591e+00
1.807500000000000107e+00
2.949999999999999289e-01
3.904999999999999805e+00
2.022500000000000409e+00
2.509999999999999787e+00
3.147499999999999964e+00
3.824999999999998401e-01
6.924999999999998934e-01
4.900000000000002132e-01
2.649999999999996803e-01
3.324999999999995737e-01
6.999999999999984013e-02
1.620000000000000107e+00
7.500000000000284217e-03
8.300000000000000711e-01
1.037500000000000089e+00
3.030000000000000249e+00
1.667499999999999982e+00
1.000000000000005329e-01
1.437500000000000000e+00
2.049999999999996270e-01
1.397499999999999964e+00
2.025000000000001243e-01
1.000000000000000888e-01
1.129999999999999893e+00
7.500000000000284217e-03
1.850000000000000533e+00
1.304999999999999716e+00
2.499999999999946709e-03
8.200000000000002842e-01
1.229999999999999982e+00
2.250000000000000888e-01
3.924999999999999822e+00
2.557500000000000107e+00
2.237499999999999822e+00
2.172500000000000320e+00
1.202499999999999680e+00
2.582500000000000018e+00
4.492500000000000604e+00
2.005000000000000338e+00
6.999999999999997335e-01
1.585000000000000409e+00
3.097500000000000142e+00
1.917499999999999982e+00
1.620000000000000107e+00
8.450000000000001954e-01
1.024999999999999911e+00
2.450000000000001066e-01
2.292500000000000426e+00
2.719999999999999751e+00
6.749999999999998224e-01
7.000000000000001776e-01
1.890000000000000124e+00
1.225000000000000533e-01
1.672499999999999876e+00
1.862499999999999822e+00
2.840000000000000302e+00
1.412500000000000089e+00
2.005000000000000338e+00
1.147499999999999964e+00
2.860000000000000320e+00
2.234999999999999432e+00
1.017500000000000071e+00
4.024999999999998579e-01
3.214999999999999858e+00
1.742500000000000160e+00
2.592499999999999805e+00
2.394999999999999574e+00
2.367499999999999716e+00
5.500000000000015987e-02
4.699999999999997513e-01
2.400000000000002132e-01
5.250000000000021316e-02
4.417500000000000426e+00
3.474999999999999645e+00
1.622499999999999609e+00
3.707500000000000018e+00
1.622499999999999609e+00
6.999999999999997335e-01
3.500000000000000888e-01
2.500000000000000000e-01
6.549999999999998046e-01
2.352499999999999591e+00
3.412499999999999645e+00
1.587499999999999911e+00
3.725000000000000533e-01
5.599999999999996092e-01
4.975000000000000533e-01
1.869999999999999662e+00
3.084999999999999520e+00
6.450000000000004619e-01
1.907499999999999751e+00
3.947500000000000231e+00
3.359999999999999876e+00
1.060000000000000497e+00
3.894999999999999574e+00
3.355000000000000426e+00
3.269999999999999574e+00
3.565000000000000391e+00
3.969999999999999751e+00
1.774999999999997691e-01
1.525000000000003020e-01
3.174999999999994493e-01
1.782499999999999751e+00
7.249999999999978684e-02
