2.412500000000001421e+00
7.725000000000008527e-01
6.200000000000009948e-01
1.877499999999997726e+00
1.089999999999999858e+00
9.349999999999987210e-01
2.349999999999994316e-01
1.964999999999999858e+00
1.355000000000000426e+00
1.524999999999998579e-01
2.275000000000002132e+00
6.174999999999997158e-01
4.999999999999005240e-03
3.345000000000002416e+00
1.644999999999999574e+00
1.700000000000017053e-01
8.599999999999994316e-01
1.274999999999977263e-01
4.375000000000000000e-01
6.200000000000009948e-01
1.552499999999998437e+00
9.125000000000014211e-01
7.649999999999970157e-01
8.500000000000014211e-01
5.839999999999999858e+00
2.105000000000000426e+00
4.274999999999984368e-01
6.575000000000024158e-01
1.612499999999997158e+00
8.874999999999992895e-01
1.999999999999992895e-01
1.390000000000000568e+00
1.742499999999999716e+00
1.412499999999997868e+00
6.475000000000008527e-01
3.874999999999992895e-01
1.052500000000001990e+00
5.574999999999974420e-01
1.700000000000017053e-01
2.207499999999999574e+00
2.799999999999975842e-01
2.250000000000085265e-02
1.500000000000056843e-02
8.174999999999990052e-01
1.475000000000008527e-01
6.875000000000000000e-01
1.934999999999998721e+00
5.775000000000005684e-01
1.777499999999999858e+00
1.402499999999999858e+00
1.550000000000011369e-01
6.200000000000009948e-01
1.789999999999999147e+00
2.149999999999998579e-01
1.425000000000018474e-01
4.199999999999981526e-01
2.275000000000027001e-01
6.099999999999994316e-01
6.374999999999992895e-01
3.500000000000014211e-02
2.594999999999998863e+00
1.999999999999957367e-02
5.850000000000008527e-01
3.924999999999982947e-01
3.249999999999886313e-02
8.999999999999985789e-02
1.089999999999999858e+00
5.475000000000029843e-01
4.549999999999982947e-01
4.199999999999981526e-01
4.250000000000042633e-02
9.500000000000241585e-02
1.474999999999997868e+00
1.032499999999998863e+00
1.625000000000014211e-01
9.525000000000005684e-01
2.045000000000001705e+00
8.625000000000007105e-01
9.499999999999992895e-01
3.200000000000002842e-01
3.249999999999886313e-02
1.027499999999999858e+00
1.125000000000000000e+00
3.224999999999980105e-01
1.697500000000001563e+00
7.424999999999997158e-01
4.450000000000002842e-01
2.800000000000011369e-01
2.349999999999994316e-01
5.599999999999987210e-01
1.817500000000002558e+00
6.149999999999984368e-01
6.684999999999998721e+00
1.024999999999998579e+00
1.025000000000027001e-01
3.655000000000001137e+00
9.299999999999997158e-01
9.299999999999997158e-01
2.874999999999978684e-01
8.150000000000012790e-01
9.100000000000001421e-01
2.002499999999997726e+00
5.100000000000015632e-01
6.349999999999980105e-01
1.417500000000000426e+00
1.750000000000007105e-01
5.399999999999991473e-01
4.900000000000019895e-01
1.204999999999998295e+00
2.580000000000001847e+00
4.250000000000042633e-02
2.725000000000008527e-01
1.550000000000000711e+00
3.099999999999987210e-01
7.600000000000015632e-01
2.474999999999987210e-01
5.825000000000031264e-01
1.574999999999988631e-01
1.012499999999999289e+00
3.525000000000027001e-01
1.089999999999999858e+00
2.857499999999998153e+00
1.175000000000000711e+00
3.425000000000011369e-01
6.999999999999992895e-01
1.825000000000009948e-01
6.849999999999987210e-01
9.350000000000022737e-01
7.524999999999977263e-01
1.025000000000027001e-01
1.924999999999990052e-01
1.924999999999997158e+00
6.675000000000004263e-01
4.924999999999997158e-01
2.760000000000001563e+00
1.484999999999999432e+00
1.482499999999998153e+00
4.200000000000017053e-01
1.047499999999999432e+00
8.249999999999957367e-02
7.624999999999992895e-01
2.864999999999998437e+00
4.224999999999994316e-01
2.915000000000002700e+00
1.307499999999997442e+00
1.269999999999999574e+00
1.129999999999999005e+00
1.825000000000009948e-01
4.825000000000017053e-01
2.035000000000000142e+00
3.222500000000000142e+00
3.799999999999990052e-01
4.899999999999984368e-01
1.400000000000005684e-01
9.499999999999886313e-02
1.375000000000000000e+00
6.275000000000012790e-01
8.249999999999992895e-01
3.175000000000025580e-01
2.637500000000002842e+00
2.204999999999998295e+00
5.599999999999987210e-01
4.399999999999977263e-01
3.100000000000022737e-01
1.959999999999997300e+00
3.700000000000009948e-01
1.574999999999988631e-01
7.050000000000018474e-01
1.125000000000007105e-01
1.502500000000001279e+00
1.349999999999980105e-01
1.225000000000001421e+00
1.007500000000000284e+00
1.050000000000000711e+00
8.499999999999729994e-02
3.825000000000002842e-01
2.660000000000000142e+00
6.100000000000029843e-01
1.184999999999998721e+00
1.999999999999957367e-02
7.850000000000001421e-01
6.600000000000001421e-01
1.959999999999997300e+00
1.269999999999999574e+00
1.205000000000001847e+00
1.789999999999999147e+00
6.649999999999991473e-01
3.625000000000007105e-01
9.999999999998010480e-03
7.025000000000005684e-01
5.175000000000018474e-01
6.275000000000012790e-01
3.187500000000000000e+00
4.000000000000021316e-01
1.374999999999992895e-01
1.019999999999999574e+00
2.699999999999995737e-01
5.999999999999872102e-02
1.192500000000002558e+00
2.015000000000000568e+00
3.224999999999980105e-01
1.599999999999997868e+00
3.500000000000014211e-01
8.125000000000000000e-01
7.500000000000000000e-01
4.375000000000000000e-01
1.954999999999998295e+00
9.000000000000021316e-01
1.122499999999998721e+00
2.675000000000018474e-01
2.037500000000001421e+00
1.114999999999998437e+00
1.767500000000001847e+00
6.724999999999994316e-01
3.649999999999984368e-01
1.447499999999998010e+00
2.424999999999997158e-01
9.325000000000009948e-01
6.050000000000004263e-01
7.575000000000002842e-01
3.865000000000001990e+00
2.175000000000011369e-01
3.975000000000008527e-01
1.089999999999999858e+00
1.237499999999997158e+00
5.625000000000000000e-01
1.019999999999999574e+00
4.824999999999981526e-01
6.449999999999995737e-01
2.750000000000021316e-01
3.049999999999997158e-01
1.072500000000001563e+00
4.524999999999970157e-01
2.050000000000018474e-01
2.149999999999998579e-01
2.234999999999999432e+00
3.752500000000001279e+00
1.030000000000001137e+00
4.175000000000004263e-01
1.269999999999999574e+00
1.050000000000004263e-01
1.657499999999998863e+00
1.724999999999994316e-01
1.875000000000000000e+00
1.644999999999999574e+00
5.999999999999872102e-02
9.500000000000241585e-02
1.364999999999998437e+00
2.277499999999999858e+00
5.425000000000004263e-01
3.599999999999994316e-01
5.925000000000011369e-01
4.275000000000019895e-01
3.492499999999999716e+00
1.175000000000000711e+00
3.574999999999981526e-01
9.450000000000002842e-01
3.475000000000001421e-01
1.999999999999957367e-02
2.499999999997726263e-03
1.037500000000001421e+00
7.750000000000056843e-02
2.690000000000001279e+00
1.224999999999987210e-01
1.649999999999991473e-01
1.247500000000002274e+00
1.899999999999977263e-01
1.260000000000001563e+00
2.250000000000085265e-02
1.207499999999999574e+00
1.747499999999998721e+00
1.544999999999998153e+00
3.225000000000015632e-01
3.374999999999985789e-01
1.030000000000001137e+00
8.000000000000184741e-02
2.234999999999999432e+00
6.699999999999981526e-01
5.425000000000004263e-01
3.724999999999987210e-01
5.525000000000019895e-01
5.725000000000015632e-01
5.575000000000009948e-01
1.452500000000000568e+00
9.375000000000000000e-01
9.899999999999984368e-01
1.109999999999999432e+00
1.934999999999998721e+00
1.175000000000000711e+00
6.500000000000127898e-02
2.274999999999991473e-01
1.849999999999997868e+00
2.049999999999982947e-01
1.227499999999999147e+00
4.825000000000017053e-01
8.374999999999985789e-01
5.025000000000012790e-01
2.407499999999998863e+00
1.185000000000002274e+00
5.424999999999968736e-01
1.325000000000002842e-01
5.750000000000028422e-01
2.282499999999998863e+00
6.425000000000018474e-01
6.250000000000000000e-01
2.624999999999992895e-01
9.499999999999886313e-02
1.342500000000001137e+00
8.625000000000007105e-01
1.675000000000004263e-01
2.024999999999970157e-01
1.805000000000003268e+00
6.324999999999967315e-01
2.425000000000032685e-01
3.974999999999972999e-01
1.380000000000002558e+00
5.749999999999992895e-01
1.475000000000008527e-01
9.274999999999984368e-01
1.007500000000000284e+00
1.867499999999999716e+00
1.164999999999999147e+00
4.424999999999990052e-01
9.000000000000021316e-01
1.824999999999974420e-01
6.695000000000000284e+00
7.750000000000021316e-01
2.080000000000001847e+00
1.167500000000000426e+00
1.177499999999998437e+00
2.820000000000000284e+00
1.429999999999999716e+00
2.324999999999981526e-01
4.400000000000012790e-01
7.899999999999991473e-01
3.700000000000009948e-01
1.037500000000001421e+00
5.749999999999744205e-02
1.999999999999957367e-02
3.725000000000022737e-01
2.739999999999998437e+00
1.317500000000002558e+00
2.037499999999997868e+00
2.750000000000021316e-01
7.699999999999995737e-01
1.412500000000001421e+00
1.814999999999997726e+00
3.625000000000007105e-01
2.632500000000000284e+00
1.182499999999997442e+00
2.330000000000001847e+00
1.499999999999985789e-01
1.405000000000001137e+00
3.750000000000000000e-01
5.725000000000015632e-01
2.644999999999999574e+00
4.050000000000011369e-01
2.624999999999992895e-01
4.675000000000011369e-01
2.774999999999998579e+00
3.425000000000011369e-01
2.387499999999999289e+00
6.299999999999990052e-01
4.299999999999997158e-01
7.250000000000014211e-01
2.177500000000001990e+00
4.299999999999997158e-01
1.804999999999999716e+00
1.480000000000000426e+00
3.324999999999995737e-01
9.250000000000113687e-02
1.667500000000000426e+00
2.424999999999997158e-01
6.149999999999984368e-01
2.439999999999997726e+00
2.174999999999975842e-01
6.799999999999997158e-01
6.500000000000021316e-01
2.077500000000000568e+00
9.149999999999991473e-01
3.950000000000031264e-01
1.697499999999998010e+00
2.100000000000008527e-01
2.474999999999987210e-01
1.917500000000000426e+00
1.024999999999991473e-01
1.152499999999999858e+00
1.249999999999928946e-02
1.692500000000002558e+00
6.250000000000000000e-02
1.124999999999971578e-01
1.297499999999999432e+00
2.324999999999981526e-01
1.277499999999999858e+00
3.324999999999995737e-01
8.275000000000005684e-01
1.524999999999998579e-01
8.775000000000012790e-01
3.749999999999786837e-02
5.750000000000099476e-02
5.774999999999970157e-01
3.300000000000018474e-01
6.174999999999997158e-01
1.242499999999999716e+00
7.499999999999928946e-02
6.999999999999992895e-01
9.000000000000021316e-01
1.579999999999998295e+00
1.724999999999997868e+00
9.500000000000028422e-01
1.099999999999994316e-01
1.999999999999992895e-01
9.750000000000014211e-02
5.300000000000011369e-01
3.025000000000019895e-01
1.905000000000001137e+00
5.749999999999744205e-02
6.750000000000255795e-02
6.824999999999974420e-01
7.175000000000011369e-01
2.140000000000000568e+00
1.102499999999999147e+00
1.000000000000014211e-01
1.500000000000056843e-02
1.907499999999998863e+00
5.375000000000014211e-01
2.499999999997726263e-03
7.575000000000002842e-01
1.489999999999998437e+00
4.475000000000015632e-01
9.299999999999997158e-01
7.600000000000015632e-01
3.907499999999998863e+00
5.599999999999987210e-01
3.799999999999990052e-01
5.775000000000005684e-01
1.449999999999999289e+00
4.550000000000018474e-01
2.027499999999999858e+00
8.874999999999992895e-01
4.250000000000007105e-01
6.774999999999984368e-01
6.250000000000000000e-01
1.325000000000002842e-01
4.800000000000004263e-01
8.249999999999992895e-01
8.625000000000007105e-01
1.425000000000000711e+00
6.349999999999980105e-01
8.750000000000213163e-02
2.874999999999978684e-01
1.565000000000001279e+00
1.092499999999997584e+00
2.500000000000213163e-02
2.850000000000001421e-01
1.999999999999957367e-02
1.899999999999977263e-01
1.400000000000002132e+00
2.575000000000002842e-01
5.000000000000000000e-01
1.449999999999995737e-01
3.670000000000001705e+00
3.550000000000004263e-01
1.594999999999998863e+00
1.212500000000002132e+00
4.700000000000024158e-01
1.019999999999999574e+00
1.384999999999998010e+00
7.500000000000000000e-01
4.250000000000000000e+00
4.125000000000014211e-01
3.200000000000002842e-01
3.299999999999982947e-01
9.299999999999997158e-01
1.497500000000002274e+00
9.874999999999971578e-01
1.407500000000002416e+00
1.352500000000002700e+00
2.500000000000000000e-01
5.449999999999981526e-01
6.999999999999992895e-01
2.457499999999999574e+00
1.399999999999998579e+00
1.450000000000031264e-01
2.792500000000000426e+00
4.525000000000005684e-01
1.649999999999991473e-01
2.499999999999857891e-02
2.245000000000000995e+00
8.550000000000004263e-01
2.067500000000002558e+00
8.875000000000028422e-01
1.024999999999991473e-01
9.749999999999978684e-01
1.862500000000000711e+00
2.399999999999984368e-01
9.299999999999997158e-01
3.600000000000029843e-01
6.499999999999985789e-01
1.325000000000002842e-01
2.767500000000001847e+00
1.590000000000003411e+00
1.500000000000056843e-02
1.425000000000000711e+00
1.514999999999997016e+00
6.225000000000022737e-01
2.724999999999972999e-01
2.547499999999999432e+00
4.874999999999971578e-01
1.335000000000000853e+00
2.500000000000000000e-01
4.849999999999994316e-01
3.775000000000012790e-01
3.574999999999981526e-01
6.775000000000019895e-01
2.225000000000001421e-01
2.100000000000001421e+00
1.000000000000000000e+00
1.174999999999997158e-01
1.239999999999998437e+00
3.919999999999998153e+00
3.250000000000241585e-02
1.157499999999998863e+00
2.325000000000017053e-01
1.295000000000001705e+00
4.900000000000019895e-01
4.624999999999985789e-01
2.519999999999999574e+00
6.974999999999980105e-01
3.600000000000029843e-01
3.774999999999977263e-01
3.625000000000007105e-01
2.000000000000000000e+00
5.975000000000001421e-01
1.577500000000000568e+00
3.299999999999982947e-01
2.010000000000001563e+00
1.275000000000012790e-01
5.999999999999872102e-02
4.100000000000001421e-01
3.092499999999997584e+00
1.019999999999999574e+00
1.552499999999998437e+00
4.574999999999995737e-01
2.500000000000000000e-01
2.425000000000000711e+00
1.775000000000019895e-01
2.225000000000001421e-01
4.237500000000000711e+00
5.350000000000001421e-01
1.652499999999999858e+00
1.304999999999999716e+00
4.704999999999998295e+00
1.282499999999998863e+00
1.367499999999999716e+00
3.452500000000000568e+00
2.149999999999998579e-01
1.510000000000001563e+00
5.350000000000001421e-01
2.857500000000001705e+00
1.527499999999999858e+00
1.894999999999999574e+00
1.152499999999999858e+00
2.622500000000002274e+00
4.250000000000042633e-02
8.724999999999987210e-01
3.267500000000001847e+00
4.149999999999991473e-01
3.587499999999998579e+00
2.059999999999998721e+00
4.250000000000007105e-01
4.625000000000021316e-01
8.049999999999997158e-01
2.349999999999994316e-01
6.649999999999991473e-01
2.225000000000001421e-01
4.214999999999999858e+00
4.912499999999997868e+00
1.250000000000000000e+00
6.300000000000025580e-01
2.260000000000001563e+00
1.307499999999997442e+00
1.307500000000000995e+00
1.184999999999998721e+00
1.865000000000001990e+00
1.499999999999701572e-02
2.375000000000007105e-01
2.570000000000000284e+00
7.250000000000014211e-01
1.254999999999999005e+00
6.625000000000014211e-01
2.285000000000000142e+00
1.067499999999999005e+00
2.600000000000015632e-01
2.824999999999988631e-01
9.675000000000011369e-01
3.392500000000001847e+00
6.475000000000008527e-01
8.999999999999985789e-02
4.100000000000001421e-01
7.025000000000005684e-01
1.924999999999990052e-01
1.950000000000002842e-01
1.949999999999999289e+00
1.024999999999998579e+00
3.625000000000007105e-01
5.000000000000000000e-01
1.414999999999999147e+00
1.357500000000001705e+00
3.924999999999982947e-01
2.575000000000002842e-01
2.175000000000011369e-01
9.450000000000002842e-01
4.999999999999005240e-03
1.227500000000002700e+00
2.250000000000014211e-01
1.314999999999997726e+00
4.625000000000021316e-01
8.349999999999972999e-01
3.450000000000024158e-01
4.499999999999992895e-01
1.182499999999997442e+00
1.525000000000002132e+00
4.124999999999978684e-01
2.644999999999999574e+00
1.140000000000000568e+00
3.160000000000000142e+00
7.175000000000011369e-01
1.875000000000000000e-01
1.749999999999971578e-01
6.524999999999998579e-01
2.499999999997726263e-03
1.535000000000000142e+00
5.975000000000001421e-01
1.000000000000000000e+00
3.734999999999999432e+00
2.039999999999999147e+00
8.925000000000018474e-01
2.350000000000001421e+00
1.999999999999992895e-01
4.074999999999988631e-01
5.025000000000012790e-01
1.997499999999998721e+00
1.275000000000002132e+00
1.372500000000002274e+00
5.674999999999990052e-01
6.574999999999988631e-01
4.800000000000004263e-01
6.250000000000000000e-01
2.562500000000000000e+00
2.217500000000001137e+00
9.249999999999758415e-02
5.000000000000000000e-01
8.000000000000184741e-02
7.949999999999981526e-01
4.550000000000018474e-01
4.749999999999978684e-01
3.005000000000002558e+00
3.375000000000000000e+00
4.124999999999978684e-01
2.725000000000008527e-01
5.649999999999977263e-01
4.475000000000015632e-01
6.050000000000004263e-01
9.525000000000005684e-01
2.749999999999985789e-01
2.875000000000014211e-01
4.375000000000000000e-01
1.632500000000000284e+00
4.299999999999997158e-01
6.075000000000017053e-01
1.050000000000004263e-01
5.849999999999972999e-01
8.825000000000002842e-01
3.027499999999999858e+00
1.285000000000000142e+00
7.175000000000011369e-01
2.457499999999999574e+00
4.157499999999998863e+00
1.122499999999998721e+00
8.350000000000008527e-01
1.602499999999999147e+00
1.300000000000000711e+00
5.150000000000005684e-01
3.774999999999977263e-01
1.960000000000000853e+00
2.225000000000001421e+00
1.312500000000000000e+00
8.249999999999957367e-02
6.749999999999900524e-02
2.349999999999994316e-01
8.949999999999995737e-01
2.850000000000001421e-01
2.349999999999994316e-01
1.167500000000000426e+00
8.799999999999990052e-01
5.824999999999995737e-01
3.850000000000015632e-01
1.660000000000000142e+00
3.724999999999987210e-01
1.174999999999997158e-01
9.774999999999991473e-01
1.554999999999999716e+00
5.800000000000018474e-01
2.449999999999999289e+00
7.225000000000001421e-01
6.225000000000022737e-01
5.474999999999994316e-01
6.150000000000019895e-01
1.250000000000000000e-01
1.089999999999999858e+00
4.375000000000000000e-01
1.919999999999998153e+00
1.492499999999999716e+00
7.250000000000156319e-02
3.509999999999998010e+00
4.399999999999977263e-01
3.374999999999985789e-01
2.542500000000000426e+00
4.924999999999997158e-01
1.524999999999998579e-01
3.000000000000113687e-02
3.637499999999999289e+00
2.125000000000021316e-01
1.675000000000000711e+00
6.849999999999987210e-01
7.575000000000002842e-01
2.812500000000000000e+00
2.382500000000000284e+00
1.097500000000000142e+00
5.124999999999992895e-01
4.127499999999997726e+00
3.249999999999992895e-01
1.634999999999998010e+00
1.752500000000001279e+00
1.367499999999999716e+00
5.399999999999991473e-01
2.679999999999999716e+00
3.574999999999981526e-01
2.500000000000213163e-02
5.074999999999967315e-01
1.130000000000002558e+00
1.772500000000000853e+00
2.605000000000000426e+00
1.852499999999999147e+00
4.475000000000015632e-01
1.225000000000022737e-01
1.000000000000000000e+00
2.749999999999985789e-01
8.750000000000213163e-02
1.114999999999998437e+00
6.374999999999992895e-01
1.500000000000056843e-02
1.249999999999928946e-02
2.074999999999995737e-01
2.179999999999999716e+00
2.035000000000000142e+00
1.852500000000002700e+00
1.924999999999990052e-01
5.225000000000008527e-01
1.637499999999999289e+00
4.525000000000005684e-01
7.599999999999980105e-01
1.557500000000000995e+00
5.100000000000015632e-01
2.499999999999857891e-02
9.924999999999997158e-01
1.187500000000000000e+00
3.237500000000000711e+00
1.622499999999998721e+00
2.245000000000000995e+00
6.849999999999987210e-01
1.477499999999999147e+00
1.037500000000001421e+00
1.222500000000000142e+00
1.512499999999999289e+00
1.400000000000005684e-01
2.674999999999982947e-01
3.642500000000001847e+00
3.024999999999998579e+00
1.740000000000001990e+00
1.174999999999997158e-01
1.900000000000012790e-01
3.162499999999997868e+00
3.022499999999997300e+00
1.325000000000002842e-01
4.499999999999815259e-02
9.000000000000021316e-01
1.185000000000002274e+00
2.267500000000001847e+00
2.299999999999968736e-01
1.429999999999999716e+00
2.242499999999999716e+00
1.762499999999999289e+00
1.785000000000000142e+00
4.149999999999991473e-01
4.400000000000012790e-01
4.074999999999988631e-01
1.654999999999997584e+00
5.224999999999972999e-01
5.750000000000099476e-02
6.649999999999991473e-01
1.915000000000002700e+00
3.852500000000002700e+00
2.949999999999981526e-01
2.500000000001278977e-03
7.750000000000056843e-02
3.849999999999980105e-01
1.600000000000001421e-01
9.299999999999997158e-01
4.074999999999988631e-01
2.114999999999998437e+00
1.299999999999990052e-01
1.555000000000003268e+00
9.499999999999886313e-02
1.250000000000000000e+00
1.704999999999998295e+00
2.624999999999992895e-01
2.500000000000213163e-02
3.749999999999786837e-02
4.000000000000021316e-01
7.549999999999990052e-01
5.505000000000002558e+00
6.600000000000001421e-01
1.342499999999997584e+00
3.849999999999997868e+00
1.575000000000024158e-01
4.899999999999984368e-01
3.650000000000019895e-01
4.899999999999984368e-01
1.037500000000001421e+00
4.089999999999999858e+00
4.975000000000022737e-01
1.482499999999998153e+00
9.575000000000031264e-01
7.749999999999985789e-01
3.449999999999988631e-01
1.989999999999998437e+00
1.464999999999999858e+00
1.025000000000002132e+00
3.489999999999998437e+00
1.537500000000001421e+00
3.174999999999990052e-01
1.174999999999997158e-01
1.775000000000019895e-01
2.500000000001278977e-03
2.280000000000001137e+00
5.000000000000071054e-02
1.629999999999999005e+00
1.825000000000009948e-01
1.824999999999974420e-01
9.125000000000014211e-01
7.500000000000000000e-01
1.700000000000017053e-01
9.124999999999978684e-01
1.310000000000002274e+00
4.525000000000005684e-01
1.814999999999997726e+00
4.994999999999997442e+00
8.399999999999998579e-01
1.667500000000000426e+00
2.842500000000001137e+00
1.750000000000000000e+00
3.524999999999991473e-01
3.092500000000001137e+00
1.650000000000027001e-01
7.874999999999978684e-01
7.925000000000004263e-01
4.875000000000007105e-01
9.750000000000014211e-02
1.875000000000000000e-01
7.249999999999801048e-02
8.600000000000029843e-01
1.132499999999996732e+00
4.280000000000001137e+00
7.549999999999990052e-01
3.890000000000000568e+00
7.874999999999978684e-01
7.450000000000009948e-01
2.699999999999995737e-01
2.929999999999999716e+00
4.699999999999988631e-01
3.700000000000009948e-01
3.499999999999978684e-01
4.075000000000024158e-01
2.432499999999997442e+00
2.250000000000085265e-02
6.250000000000000000e-02
4.250000000000042633e-02
3.964999999999999858e+00
4.660000000000000142e+00
6.749999999999900524e-02
4.500000000000170530e-02
3.374999999999985789e-01
6.825000000000009948e-01
1.424999999999982947e-01
3.477499999999999147e+00
2.250000000000085265e-02
1.237499999999997158e+00
5.799999999999982947e-01
2.032500000000002416e+00
3.275000000000005684e-01
4.475000000000015632e-01
1.225000000000022737e-01
7.174999999999975842e-01
4.875000000000007105e-01
4.600000000000008527e-01
1.627499999999997726e+00
1.010000000000001563e+00
2.500000000000000000e-01
1.499999999999985789e-01
4.499999999999992895e-01
7.525000000000012790e-01
5.499999999999971578e-02
3.174999999999990052e-01
7.600000000000015632e-01
3.929999999999999716e+00
7.499999999999928946e-02
2.975000000000029843e-01
1.125000000000000000e+00
7.824999999999988631e-01
4.125000000000014211e-01
3.999999999999914735e-02
8.049999999999997158e-01
1.595000000000002416e+00
3.999999999999985789e-01
1.192499999999999005e+00
1.052499999999998437e+00
4.299999999999997158e-01
8.949999999999995737e-01
1.804999999999999716e+00
3.239999999999998437e+00
2.637499999999999289e+00
7.225000000000001421e-01
5.625000000000000000e-01
1.977500000000002700e+00
2.237500000000000711e+00
4.999999999999005240e-03
9.500000000000241585e-02
4.899999999999984368e-01
2.442499999999999005e+00
1.460000000000000853e+00
8.300000000000018474e-01
8.174999999999990052e-01
4.250000000000042633e-02
4.499999999999815259e-02
1.077500000000000568e+00
1.162499999999997868e+00
2.349999999999994316e-01
9.225000000000029843e-01
6.774999999999984368e-01
3.924999999999982947e-01
3.400000000000034106e-01
3.599999999999994316e-01
1.482500000000001705e+00
4.824999999999981526e-01
1.730000000000000426e+00
7.800000000000011369e-01
7.125000000000021316e-01
2.824999999999988631e-01
2.140000000000000568e+00
1.225000000000001421e+00
8.799999999999990052e-01
2.725000000000008527e-01
8.225000000000015632e-01
9.599999999999972999e-01
2.274999999999991473e-01
9.375000000000000000e-01
4.049999999999975842e-01
2.037500000000001421e+00
1.532499999999998863e+00
9.200000000000017053e-01
4.749999999999978684e-01
5.049999999999990052e-01
1.095000000000002416e+00
2.754999999999999005e+00
5.950000000000024158e-01
7.599999999999980105e-01
5.625000000000000000e-01
9.475000000000015632e-01
3.149999999999977263e-01
2.422499999999999432e+00
3.850000000000015632e-01
1.535000000000000142e+00
9.750000000000014211e-02
8.075000000000009948e-01
3.650000000000019895e-01
4.399999999999977263e-01
8.674999999999997158e-01
5.075000000000002842e-01
7.375000000000007105e-01
2.274999999999991473e-01
5.225000000000008527e-01
2.149999999999998579e-01
1.012499999999999289e+00
2.564999999999997726e+00
9.100000000000001421e-01
6.000000000000227374e-02
2.837499999999998579e+00
9.150000000000027001e-01
1.792500000000000426e+00
1.224999999999987210e-01
1.464999999999999858e+00
1.260000000000001563e+00
6.124999999999971578e-01
5.475000000000029843e-01
7.749999999999701572e-02
5.350000000000001421e+00
9.675000000000011369e-01
1.252500000000001279e+00
5.224999999999972999e-01
9.250000000000113687e-02
9.624999999999985789e-01
5.525000000000019895e-01
2.315000000000001279e+00
1.160000000000000142e+00
1.225000000000022737e-01
2.499999999999857891e-02
6.475000000000008527e-01
8.750000000000213163e-02
8.749999999999857891e-02
1.545000000000001705e+00
9.599999999999972999e-01
1.000000000000014211e-01
4.030000000000001137e+00
5.025000000000012790e-01
1.525000000000002132e+00
1.975000000000015632e-01
2.749999999999985789e-02
4.175000000000004263e-01
5.199999999999995737e-01
9.849999999999994316e-01
6.799999999999997158e-01
6.750000000000007105e-01
4.599999999999972999e-01
8.674999999999997158e-01
3.000000000000113687e-02
1.649999999999991473e-01
1.775000000000019895e-01
4.624999999999985789e-01
9.050000000000011369e-01
2.877500000000001279e+00
6.374999999999992895e-01
6.950000000000002842e-01
5.025000000000012790e-01
4.999999999999715783e-02
4.700000000000024158e-01
4.499999999999815259e-02
7.250000000000156319e-02
5.174999999999982947e-01
1.580000000000001847e+00
6.749999999999900524e-02
1.472500000000000142e+00
1.999999999999957367e-02
5.450000000000017053e-01
2.650000000000005684e-01
4.074999999999988631e-01
3.700000000000009948e-01
3.149999999999977263e-01
2.450000000000009948e-01
2.552499999999998437e+00
1.692499999999999005e+00
2.250000000000085265e-02
3.825000000000002842e-01
5.000000000000071054e-02
1.295000000000001705e+00
1.199999999999974420e-01
1.137500000000002842e+00
5.849999999999972999e-01
3.259999999999998010e+00
7.624999999999992895e-01
2.325000000000017053e-01
6.250000000000000000e-02
7.300000000000004263e-01
1.822499999999998010e+00
1.447499999999998010e+00
4.750000000000014211e-01
8.750000000000000000e-01
2.097500000000000142e+00
6.675000000000004263e-01
1.557500000000000995e+00
3.425000000000011369e-01
3.047499999999999432e+00
6.799999999999997158e-01
1.999999999999957367e-02
6.600000000000001421e-01
1.199999999999999289e+00
2.130000000000002558e+00
4.050000000000011369e-01
8.699999999999974420e-01
7.500000000000284217e-03
6.317499999999999005e+00
1.437500000000000000e+00
6.374999999999992895e-01
1.197500000000001563e+00
9.550000000000018474e-01
2.300000000000004263e-01
1.600000000000001421e-01
1.007500000000000284e+00
1.950000000000002842e-01
1.799999999999997158e-01
1.162499999999997868e+00
2.019999999999999574e+00
4.150000000000027001e-01
6.125000000000007105e-01
4.899999999999984368e-01
2.227500000000002700e+00
1.410000000000000142e+00
2.929999999999999716e+00
8.174999999999990052e-01
2.850000000000001421e-01
1.247500000000002274e+00
1.049999999999997158e+00
1.807500000000000995e+00
2.850000000000001421e-01
3.302499999999998437e+00
4.575000000000031264e-01
1.512499999999999289e+00
1.409999999999996589e+00
1.375000000000000000e+00
6.775000000000019895e-01
5.017499999999998295e+00
3.035000000000000142e+00
8.799999999999990052e-01
1.950000000000002842e-01
1.849999999999987210e-01
2.500000000000213163e-02
3.099999999999987210e-01
2.620000000000000995e+00
5.650000000000012790e-01
3.900000000000005684e-01
8.924999999999982947e-01
6.750000000000255795e-02
4.899999999999984368e-01
1.449999999999995737e-01
1.217500000000001137e+00
9.424999999999990052e-01
2.424999999999997158e-01
6.325000000000002842e-01
1.649999999999991473e-01
1.399999999999998579e+00
2.195000000000000284e+00
3.375000000000021316e-01
1.397499999999997300e+00
1.929999999999999716e+00
4.000000000000021316e-01
6.502499999999997726e+00
3.032499999999998863e+00
5.925000000000011369e-01
7.274999999999991473e-01
1.424999999999982947e-01
1.275000000000012790e-01
1.269999999999999574e+00
1.950000000000002842e-01
6.849999999999987210e-01
6.800000000000032685e-01
5.499999999999971578e-02
1.760000000000001563e+00
3.949999999999995737e-01
1.249999999999928946e-02
1.825000000000009948e-01
2.374999999999971578e-01
6.675000000000004263e-01
1.782499999999998863e+00
1.999999999999957367e-02
5.875000000000021316e-01
3.249999999999886313e-02
1.129999999999999005e+00
1.524999999999998579e-01
9.400000000000012790e-01
9.875000000000007105e-01
2.302499999999998437e+00
3.524999999999991473e-01
8.799999999999990052e-01
3.325000000000031264e-01
5.649999999999977263e-01
1.347500000000000142e+00
1.984999999999999432e+00
2.140000000000000568e+00
4.924999999999997158e-01
6.425000000000018474e-01
4.749999999999943157e-02
1.649999999999991473e-01
7.550000000000025580e-01
1.719999999999998863e+00
4.614999999999998437e+00
2.575000000000002842e-01
1.004999999999999005e+00
8.475000000000001421e-01
1.362499999999997158e+00
3.324999999999995737e-01
1.875000000000000000e+00
2.627500000000001279e+00
5.199999999999995737e-01
1.039999999999999147e+00
6.500000000000127898e-02
1.374999999999992895e-01
1.574999999999988631e-01
4.100000000000001421e-01
3.004999999999999005e+00
8.750000000000000000e-01
2.199999999999988631e-01
1.050000000000000711e+00
8.499999999999729994e-02
8.599999999999994316e-01
3.325000000000031264e-01
1.824999999999974420e-01
4.900000000000019895e-01
5.499999999999971578e-02
3.280000000000001137e+00
1.214999999999999858e+00
1.627500000000001279e+00
1.195000000000000284e+00
3.049999999999997158e-01
5.999999999999872102e-02
4.899999999999984368e-01
9.100000000000001421e-01
1.364999999999998437e+00
2.100000000000008527e-01
1.447499999999998010e+00
1.197500000000001563e+00
5.199999999999995737e-01
1.230000000000000426e+00
9.999999999999786837e-02
4.024999999999998579e-01
5.150000000000005684e-01
6.799999999999997158e-01
9.775000000000027001e-01
5.124999999999992895e-01
1.257500000000000284e+00
1.167500000000000426e+00
6.824999999999974420e-01
3.500000000000014211e-02
1.370000000000000995e+00
3.977499999999999147e+00
4.100000000000001421e-01
1.794999999999998153e+00
1.412500000000001421e+00
1.174999999999997158e-01
5.324999999999988631e-01
5.925000000000011369e-01
2.800000000000011369e-01
2.749999999999985789e-01
5.625000000000000000e-01
6.024999999999991473e-01
1.027499999999999858e+00
3.575000000000017053e-01
1.872499999999998721e+00
3.250000000000000000e+00
1.434999999999998721e+00
6.700000000000017053e-01
3.942499999999999005e+00
5.049999999999990052e-01
7.249999999999801048e-02
3.350000000000008527e-01
6.374999999999992895e-01
2.000000000000028422e-01
2.524999999999977263e-01
1.250000000000000000e-01
3.725000000000022737e-01
1.600000000000001421e-01
4.999999999999005240e-03
1.500000000000056843e-02
3.322500000000001563e+00
2.044999999999998153e+00
5.274999999999998579e-01
1.100000000000029843e-01
8.299999999999982947e-01
1.400000000000005684e-01
2.025000000000005684e-01
5.199999999999995737e-01
4.950000000000009948e-01
2.049999999999982947e-01
4.250000000000042633e-02
3.369999999999997442e+00
1.529999999999997584e+00
1.707499999999999574e+00
3.174999999999990052e-01
3.000000000000007105e-01
1.287500000000001421e+00
2.675000000000018474e-01
1.024999999999998579e+00
8.275000000000005684e-01
2.307500000000000995e+00
1.899999999999998579e+00
2.169999999999998153e+00
1.100000000000001421e+00
9.549999999999982947e-01
1.217500000000001137e+00
8.949999999999995737e-01
1.375000000000000000e+00
1.464999999999999858e+00
7.699999999999995737e-01
1.434999999999998721e+00
6.775000000000019895e-01
1.182499999999997442e+00
8.250000000000312639e-02
2.125000000000000000e+00
6.050000000000004263e-01
3.949999999999995737e-01
9.750000000000014211e-02
7.149999999999998579e-01
1.924999999999990052e-01
2.625000000000028422e-01
1.449999999999995737e-01
8.900000000000005684e-01
2.049999999999982947e-01
1.980000000000000426e+00
1.712500000000002132e+00
1.507500000000000284e+00
7.500000000000284217e-03
7.599999999999980105e-01
4.999999999999005240e-03
1.125000000000007105e-01
4.424999999999990052e-01
7.675000000000018474e-01
5.524999999999984368e-01
2.699999999999995737e-01
8.550000000000004263e-01
1.045000000000001705e+00
5.225000000000008527e-01
3.074999999999974420e-01
1.060000000000002274e+00
2.249999999999978684e-01
7.025000000000005684e-01
3.547499999999999432e+00
1.010000000000001563e+00
1.707499999999999574e+00
1.407500000000002416e+00
4.424999999999990052e-01
7.249999999999801048e-02
3.800000000000025580e-01
1.299999999999990052e-01
5.175000000000018474e-01
1.634999999999998010e+00
2.302499999999998437e+00
5.150000000000005684e-01
1.225000000000022737e-01
1.299999999999990052e-01
2.272499999999997300e+00
1.825000000000009948e-01
1.809999999999998721e+00
4.050000000000011369e-01
1.074999999999981526e-01
6.150000000000019895e-01
7.499999999999928946e-02
7.575000000000002842e-01
1.422499999999999432e+00
9.875000000000007105e-01
3.120000000000000995e+00
1.799999999999997158e-01
4.849999999999994316e-01
2.079999999999998295e+00
3.000000000000113687e-02
8.949999999999995737e-01
7.225000000000001421e-01
1.100000000000001421e+00
7.499999999999928946e-02
2.625000000000000000e+00
7.274999999999991473e-01
5.875000000000021316e-01
7.825000000000024158e-01
2.650000000000005684e-01
8.024999999999984368e-01
1.147500000000000853e+00
1.250000000000000000e+00
2.774999999999998579e-01
2.492500000000003268e+00
1.044999999999998153e+00
6.950000000000002842e-01
8.825000000000002842e-01
3.150000000000012790e-01
2.467500000000001137e+00
9.024999999999998579e-01
1.700000000000002842e+00
2.707499999999999574e+00
2.925000000000004263e-01
1.799999999999997158e-01
1.502499999999997726e+00
1.625000000000014211e-01
6.524999999999998579e-01
3.000000000000113687e-02
1.422500000000002984e+00
1.915000000000002700e+00
3.974999999999972999e-01
6.675000000000004263e-01
6.700000000000017053e-01
5.625000000000000000e-01
8.749999999999857891e-02
3.000000000000007105e-01
1.449999999999995737e-01
3.750000000000000000e-01
3.817500000000002558e+00
5.000000000000000000e-01
7.699999999999995737e-01
1.675000000000004263e-01
5.850000000000008527e-01
3.999999999999985789e-01
1.612500000000000711e+00
1.164999999999999147e+00
2.149999999999998579e-01
2.617499999999999716e+00
1.787500000000001421e+00
1.585000000000000853e+00
4.849999999999994316e-01
1.777499999999999858e+00
2.562500000000000000e+00
1.160000000000000142e+00
1.022500000000000853e+00
3.949999999999995737e-01
1.224999999999987210e-01
1.374999999999992895e-01
1.550000000000011369e-01
2.500000000000213163e-02
5.999999999999872102e-02
4.602499999999999147e+00
1.582499999999999574e+00
6.624999999999978684e-01
5.850000000000008527e-01
2.532499999999998863e+00
8.775000000000012790e-01
1.174999999999997158e-01
2.425000000000000711e+00
2.910000000000000142e+00
6.449999999999995737e-01
2.440000000000001279e+00
1.015000000000000568e+00
2.500000000000213163e-02
2.012499999999999289e+00
8.024999999999984368e-01
9.950000000000009948e-01
5.000000000000071054e-02
9.149999999999991473e-01
1.275000000000012790e-01
3.492499999999999716e+00
6.349999999999980105e-01
1.704999999999998295e+00
7.000000000000028422e-02
1.275000000000012790e-01
1.750000000000007105e-01
2.349999999999994316e-01
2.950000000000017053e-01
1.974999999999980105e-01
6.500000000000021316e-01
3.949999999999995737e-01
7.525000000000012790e-01
2.399999999999998579e+00
1.902499999999999858e+00
1.314999999999997726e+00
1.129999999999999005e+00
2.450000000000009948e-01
2.632500000000000284e+00
8.924999999999982947e-01
2.335000000000000853e+00
1.230000000000000426e+00
1.050000000000004263e-01
1.164999999999999147e+00
1.517499999999998295e+00
1.190000000000001279e+00
5.459999999999997300e+00
2.470000000000002416e+00
2.149999999999998579e-01
7.550000000000025580e-01
1.397499999999997300e+00
1.000000000000000000e+00
3.950000000000031264e-01
1.314999999999997726e+00
4.125000000000014211e-01
1.105000000000000426e+00
1.855000000000000426e+00
1.679999999999999716e+00
8.125000000000000000e-01
6.974999999999980105e-01
3.350000000000008527e-01
1.065000000000001279e+00
1.654999999999997584e+00
1.179999999999999716e+00
3.580000000000001847e+00
2.225000000000001421e-01
4.175000000000004263e-01
2.449999999999974420e-01
2.074999999999995737e-01
4.350000000000022737e-01
2.250000000000085265e-02
7.999999999999829470e-02
3.174999999999990052e-01
1.207499999999999574e+00
1.330000000000001847e+00
8.425000000000011369e-01
6.250000000000000000e-02
2.519999999999999574e+00
9.250000000000113687e-02
1.342500000000001137e+00
3.425000000000011369e-01
9.024999999999998579e-01
3.574999999999981526e-01
1.140000000000000568e+00
1.954999999999998295e+00
3.000000000000007105e-01
1.037499999999997868e+00
9.325000000000009948e-01
7.399999999999984368e-01
9.500000000000241585e-02
2.172500000000002984e+00
1.787500000000001421e+00
1.824999999999974420e-01
3.920000000000001705e+00
5.474999999999994316e-01
8.500000000000085265e-02
2.499999999997726263e-03
8.599999999999994316e-01
3.172499999999999432e+00
1.307500000000000995e+00
5.849999999999972999e-01
1.750000000000184741e-02
1.177499999999998437e+00
1.387499999999999289e+00
1.075000000000017053e-01
4.924999999999997158e-01
1.980000000000000426e+00
3.274999999999970157e-01
4.500000000000170530e-02
9.725000000000001421e-01
1.202500000000000568e+00
7.699999999999995737e-01
8.799999999999990052e-01
4.824999999999981526e-01
6.625000000000014211e-01
1.314999999999997726e+00
1.212499999999998579e+00
5.325000000000024158e-01
1.574999999999988631e-01
1.624999999999978684e-01
1.275000000000012790e-01
4.024999999999998579e-01
2.500000000001278977e-03
1.349999999999980105e-01
4.250000000000042633e-02
9.950000000000009948e-01
1.104999999999996874e+00
4.525000000000005684e-01
2.125000000000021316e-01
3.024999999999984368e-01
3.000000000000113687e-02
2.300000000000004263e-01
2.474999999999987210e-01
1.425000000000018474e-01
1.214999999999999858e+00
1.557499999999997442e+00
1.900000000000012790e-01
9.900000000000019895e-01
8.775000000000012790e-01
2.699999999999995737e-01
6.074999999999981526e-01
2.522499999999997300e+00
3.342500000000001137e+00
4.824999999999981526e-01
1.750000000000007105e-01
2.192500000000002558e+00
6.299999999999990052e-01
1.449999999999995737e-01
1.400000000000005684e-01
4.324999999999974420e-01
5.199999999999995737e-01
2.500000000000213163e-02
2.344999999999998863e+00
3.324999999999995737e-01
3.574999999999981526e-01
1.424999999999997158e+00
7.825000000000024158e-01
5.949999999999988631e-01
4.549999999999982947e-01
1.037500000000001421e+00
9.400000000000012790e-01
1.427499999999998437e+00
5.250000000000198952e-02
1.085000000000000853e+00
1.355000000000000426e+00
2.257500000000000284e+00
1.045000000000001705e+00
3.299999999999982947e-01
1.635000000000001563e+00
1.749999999999829470e-02
2.774999999999998579e-01
3.872500000000002274e+00
3.424999999999975842e-01
1.269999999999999574e+00
1.975000000000015632e-01
1.029999999999997584e+00
1.025000000000027001e-01
1.825000000000009948e-01
1.229999999999996874e+00
1.875000000000000000e-01
3.015000000000000568e+00
3.750000000000142109e-02
2.697499999999998010e+00
6.250000000000000000e-01
2.662500000000001421e+00
2.424999999999997158e-01
1.307500000000000995e+00
1.357500000000001705e+00
7.225000000000001421e-01
2.005000000000002558e+00
3.399999999999998579e-01
1.815000000000001279e+00
4.450000000000002842e-01
1.410000000000000142e+00
1.127500000000001279e+00
1.024999999999991473e-01
2.750000000000021316e-01
3.900000000000005684e-01
4.549999999999982947e-01
1.419999999999998153e+00
4.224999999999994316e-01
1.422499999999999432e+00
5.849999999999972999e-01
1.950000000000002842e-01
1.850000000000022737e-01
1.747499999999998721e+00
3.075000000000009948e-01
1.160000000000000142e+00
8.324999999999995737e-01
4.975000000000022737e-01
9.875000000000007105e-01
7.500000000000000000e-01
3.057500000000000995e+00
2.954999999999998295e+00
2.550000000000025580e-01
8.624999999999971578e-01
7.450000000000009948e-01
3.049999999999997158e-01
4.107499999999998153e+00
1.662500000000001421e+00
9.325000000000009948e-01
