2.367469879518072418e+00
1.584337349397591410e+00
1.201807228915662051e+00
2.834337349397591410e+00
8.072289156626499818e-01
1.180722891566265531e+00
6.536144578313258791e-01
1.096385542168675897e+00
6.325301204819275824e-01
3.072289156626482054e-01
3.060240963855420659e+00
1.623493975903613773e+00
5.933734939759034432e-01
1.897590361445775642e-01
5.963855421686741209e-01
2.530120481927724541e-01
1.731927710843375934e+00
8.825301204819258061e-01
9.939759036144586446e-01
1.093373493975903443e+00
9.216867469879517216e-01
1.331325301204820732e+00
8.253012048192758243e-01
1.301204819277106850e+00
1.262048192771084487e+00
5.481927710843379487e-01
1.036144578313251685e+00
5.993975903614447986e-01
9.006024096385534250e-01
1.457831325301206959e+00
2.515060240963855165e+00
8.674698795180724176e-01
3.768072289156625843e+00
1.102409638554217253e+00
1.048192771084337949e+00
1.222891566265058572e+00
8.012048192771104027e-01
1.096385542168674121e+00
7.680722891566276189e-01
5.000000000000000000e-01
9.457831325301171432e-01
8.343373493975914101e-01
5.150602409638551649e-01
1.156626506024096557e+00
2.156626506024096557e+00
2.156626506024096557e+00
6.144578313252999635e-01
5.993975903614465750e-01
1.358433734939758608e+00
4.126506024096379122e-01
1.430722891566265531e+00
6.807228915662655311e-01
5.210843373493965203e-01
1.156626506024096557e+00
3.825301204819275824e-01
1.412650602409637912e+00
1.515060240963855165e+00
1.436746987951806886e+00
1.668674698795182820e+00
5.542168674698793041e-01
7.259036144578328020e-01
1.045180722891565495e+00
4.036144578313241027e-01
1.466867469879517216e+00
7.138554216867465385e-01
7.078313253012051831e-01
5.632530120481931135e-01
1.719879518072289670e+00
8.614457831325292858e-01
7.560240963855449081e-01
5.903614457831309892e-01
3.493975903614447986e-01
7.771084337349414284e-01
3.704819277108448716e-01
5.813253012048171797e-01
6.265060240963862270e-01
4.608433734939758608e-01
7.590361445783138095e-01
7.379518072289137365e-01
1.231927710843372381e+00
5.512048192771104027e-01
6.536144578313241027e-01
4.909638554216861905e-01
5.451807228915654946e-01
1.111445783132529286e+00
1.141566265060241392e+00
1.243975903614455092e+00
2.105421686746989707e+00
2.647590361445782747e+00
6.686746987951810439e-01
3.183734939759037985e+00
2.409638554216861905e-01
1.774096385542167198e+00
1.207831325301206959e+00
8.825301204819275824e-01
1.216867469879517216e+00
8.162650602409620149e-01
7.921686746987948169e-01
7.349397590361448351e-01
3.524096385542172527e-01
7.530120481927724541e-01
1.641566265060241392e+00
9.246987951807241757e-01
1.021084337349396520e+00
1.018072289156627619e+00
4.939759036144568682e-01
1.542168674698794817e+00
8.493975903614447986e-01
1.484939759036144835e+00
3.162650602409637912e-01
5.692771084337344689e-01
2.771084337349414284e-01
7.018072289156620513e-01
1.051204819277106850e+00
2.530120481927706777e-01
8.162650602409637912e-01
9.126506024096379122e-01
8.253012048192793770e-01
6.415662650602413919e-01
8.102409638554224358e-01
8.313253012048171797e-01
6.777108433734966297e-01
2.189759036144579341e+00
4.879518072289172892e-01
2.280120481927710330e+00
2.915662650602410366e+00
6.204819277108430953e-01
1.201807228915663828e+00
8.493975903614447986e-01
4.186746987951808663e+00
8.192771084337344689e-01
7.469879518072275459e-01
6.867469879518104392e-01
8.222891566265033703e-01
8.072289156626482054e-01
6.897590361445793405e-01
1.756024096385543132e+00
9.066265060240965568e-01
5.391566265060241392e-01
7.801204819277085534e-01
6.927710843373802163e-02
4.698795180722861176e-01
4.638554216867483149e-01
1.334337349397589634e+00
1.783132530120482784e+00
1.382530120481927582e+00
9.548192771084327291e-01
1.066265060240965568e+00
5.542168674698793041e-01
8.644578313253035162e-01
9.969879518072310987e-01
2.168674698795172162e-01
5.421686746987930405e-01
3.132530120481931135e-01
6.024096385542172527e-01
8.433734939759034432e-01
8.704819277108413189e-01
5.391566265060241392e-01
4.819277108433759338e-01
6.626506024096379122e-01
1.168674698795179268e+00
3.373493975903603115e-01
8.855421686747000365e-01
7.590361445783138095e-01
1.171686746987951722e+00
8.162650602409655676e-01
9.909638554216861905e-01
1.144578313253010293e+00
7.078313253012051831e-01
4.216867469879517216e-01
7.951807228915654946e-01
7.379518072289172892e-01
2.126506024096382674e+00
1.042168674698796593e+00
2.439759036144586446e-01
1.075301204819275824e+00
5.933734939759034432e-01
9.457831325301206959e-01
1.021084337349396520e+00
7.018072289156620513e-01
2.831325301204810074e-01
1.111445783132531062e+00
6.265060240963862270e-01
7.228915662650585716e-01
7.831325301204827838e-01
4.126506024096379122e-01
6.656626506024103662e-01
7.500000000000000000e-01
7.801204819277103297e-01
8.825301204819275824e-01
7.740963855421707507e-01
8.042168674698793041e-01
1.021084337349396520e+00
5.903614457831309892e-01
6.716867469879517216e-01
3.343373493975914101e-01
1.496987951807227546e+00
9.337349397590379851e-01
7.801204819277103297e-01
6.807228915662655311e-01
4.909638554216861905e-01
6.475903614457827473e-01
6.174698795180724176e-01
1.072289156626505147e+00
8.795180722891586811e-01
4.879518072289172892e-01
6.837349397590379851e-01
5.572289156626482054e-01
8.674698795180724176e-01
5.451807228915654946e-01
8.524096385542172527e-01
5.060240963855431318e-01
8.253012048192758243e-01
6.084337349397586081e-01
4.427710843373517946e-01
1.406626506024096557e+00
1.713855421686746539e+00
5.090361445783138095e-01
4.277108433734930770e-01
8.463855421686758973e-01
3.885542168674689378e-01
1.027108433734941428e+00
1.099397590361444799e+00
8.795180722891569047e-01
1.183734939759034432e+00
6.867469879518104392e-01
5.602409638554206595e-01
6.084337349397603845e-01
4.307228915662637547e-01
4.036144578313276554e-01
1.039156626506024139e+00
1.156626506024096557e+00
6.295180722891551284e-01
1.138554216867472491e+00
5.722891566265033703e-01
4.126506024096379122e-01
6.506024096385534250e-01
1.117469879518072418e+00
3.975903614457827473e-01
4.819277108433759338e-01
8.253012048192758243e-01
1.048192771084337949e+00
8.614457831325310622e-01
6.957831325301206959e-01
2.530120481927689013e-01
1.117469879518074194e+00
1.189759036144575788e+00
4.728915662650621243e-01
8.734939759036173257e-01
6.385542168674689378e-01
1.012048192771084487e+00
7.861445783132516851e-01
2.018072289156624066e+00
9.036144578313276554e-02
6.415662650602396155e-01
1.066265060240965568e+00
3.430722891566263755e+00
8.945783132530138460e-01
1.804216867469879304e+00
8.343373493975896338e-01
1.039156626506024139e+00
1.867469879518068865e-01
2.409638554216861905e-01
1.894578313253012070e+00
1.759036144578313809e+00
4.969879518072293223e-01
8.162650602409637912e-01
1.957831325301206959e+00
4.608433734939758608e-01
8.825301204819293588e-01
8.343373493975896338e-01
6.144578313252999635e-01
2.003012048192772454e+00
9.367469879518068865e-01
6.987951807228931500e-01
2.771084337349378757e-01
2.265060240963855165e+00
1.207831325301203407e+00
1.554216867469879304e+00
2.560240963855413554e-01
1.174698795180722399e+00
4.909638554216861905e-01
1.415662650602413919e-01
1.328313253012048278e+00
7.469879518072275459e-01
4.216867469879517216e-01
1.201807228915665604e+00
1.677710843373493077e+00
1.153614457831325879e+00
5.843373493975896338e-01
8.433734939759069960e-01
1.671686746987949945e+00
4.126506024096379122e-01
5.722891566265069230e-01
2.379518072289155128e-01
6.987951807228913736e-01
6.385542168674689378e-01
7.740963855421689743e-01
1.015060240963855165e+00
1.210843373493977637e+00
5.662650602409620149e-01
1.313253012048193114e+00
6.174698795180724176e-01
4.036144578313241027e-01
7.921686746987965932e-01
9.036144578313241027e-01
1.692771084337350018e+00
7.048192771084345054e-01
1.114457831325310622e-01
5.120481927710827108e-01
1.030120481927708553e+00
1.569277108433738022e+00
5.487951807228913736e+00
7.439759036144550919e-01
2.147590361445784524e+00
6.234939759036137730e-01
4.939759036144586446e-01
3.433734939759034432e-01
8.945783132530102932e-01
7.289156626506034797e-01
2.409638554216861905e-01
6.204819277108413189e-01
8.524096385542172527e-01
1.078313253012048278e+00
1.102409638554217253e+00
9.789156626506017034e-01
7.710843373493965203e-01
7.349397590361448351e-01
2.442771084337348242e+00
9.939759036144586446e-01
7.078313253012034068e-01
7.891566265060259155e-01
1.427710843373493077e+00
1.234939759036144835e+00
3.373493975903603115e-01
6.475903614457827473e-01
6.626506024096379122e-01
4.466867469879517216e+00
7.108433734939758608e-01
1.192771084337350018e+00
3.674698795180724176e-01
3.915662650602413919e-01
3.162650602409620149e-01
6.204819277108448716e-01
6.596385542168690108e-01
8.222891566265033703e-01
6.716867469879517216e-01
7.379518072289137365e-01
1.262048192771084487e+00
5.180722891566276189e-01
9.939759036144479865e-02
8.554216867469897068e-01
7.108433734939758608e-01
9.548192771084345054e-01
7.891566265060241392e-01
5.903614457831309892e-01
3.343373493975896338e-01
9.909638554216861905e-01
9.939759036144568682e-01
9.337349397590379851e-01
4.156626506024103662e-01
9.819277108433723811e-01
1.072289156626506923e+00
3.433734939759034432e-01
4.487951807228931500e-01
1.201807228915662051e+00
9.759036144578310257e-01
1.084337349397589634e+00
6.506024096385552014e-01
4.789156626506017034e-01
6.114457831325310622e-01
1.174698795180720623e+00
1.816265060240962015e+00
1.009036144578313809e+00
5.542168674698793041e-01
3.222891566265069230e-01
4.789156626505999270e-01
2.006024096385543132e+00
2.680722891566276189e-01
5.271084337349378757e-01
7.981927710843379487e-01
1.144578313252999635e-01
1.460843373493975861e+00
2.710843373494000730e-01
1.442771084337348242e+00
7.831325301204827838e-01
1.349397590361444799e+00
1.051204819277110403e+00
1.277108433734941428e+00
4.487951807228895973e-01
9.789156626506034797e-01
5.813253012048189561e-01
7.259036144578310257e-01
1.057228915662651758e+00
1.237951807228917289e+00
1.268072289156625843e+00
1.060240963855420659e+00
7.048192771084345054e-01
8.674698795180724176e-01
5.060240963855413554e-01
8.915662650602413919e-01
6.837349397590344324e-01
8.012048192771086264e-01
9.156626506024103662e-01
4.698795180722896703e-01
7.921686746987965932e-01
1.150602409638555201e+00
7.921686746987930405e-01
6.987951807228931500e-01
1.123493975903613773e+00
1.120481927710841319e+00
2.891566265060241392e-01
9.277108433734966297e-01
1.156626506024096557e+00
3.734939759036137730e-01
1.036144578313253461e+00
7.168674698795172162e-01
1.234939759036137730e-01
1.246987951807227546e+00
8.313253012048207324e-01
1.024096385542168974e+00
1.102409638554217253e+00
3.554216867469879304e-01
1.503012048192770678e+00
6.054216867469897068e-01
1.141566265060241392e+00
1.066265060240962015e+00
3.192771084337344689e-01
1.340361445783130989e+00
2.120481927710843095e+00
1.512048192771082711e+00
2.048192771084345054e-01
5.210843373493965203e-01
5.512048192771104027e-01
6.325301204819275824e-01
3.102409638554206595e-01
1.018072289156627619e+00
5.000000000000017764e-01
1.493975903614455092e+00
4.487951807228931500e-01
9.578313253012051831e-01
3.283132530120482784e-01
5.361445783132516851e-01
6.385542168674689378e-01
1.225903614457831026e+00
6.265060240963862270e-01
1.725903614457831026e+00
4.759036144578310257e-01
7.771084337349396520e-01
4.789156626506034797e-01
9.427710843373482419e-01
1.469879518072286118e+00
9.457831325301206959e-01
8.945783132530138460e-01
7.048192771084309527e-01
1.075301204819275824e+00
9.969879518072310987e-01
5.542168674698793041e-01
2.674698795180724176e+00
1.385542168674698260e+00
1.030120481927710330e+00
9.819277108433723811e-01
1.117469879518072418e+00
2.033132530120482784e+00
1.400602409638553425e+00
5.512048192771104027e-01
1.551204819277106850e+00
1.090361445783134542e+00
6.084337349397586081e-01
7.078313253012069595e-01
2.018072289156620513e-01
4.759036144578310257e-01
2.710843373493965203e-01
5.451807228915690473e-01
5.210843373493965203e-01
3.012048192771068500e-01
2.927710843373493077e+00
5.120481927710862635e-01
1.015060240963856941e+00
4.548192771084345054e-01
2.469879518072275459e-01
4.337349397590344324e-01
7.620481927710827108e-01
1.111445783132529286e+00
3.433734939759034432e-01
9.638554216867483149e-01
6.415662650602413919e-01
6.566265060240947804e-01
1.626506024096414649e-01
7.680722891566240662e-01
7.138554216867483149e-01
7.319277108433759338e-01
9.608433734939758608e-01
3.192771084337344689e-01
7.469879518072310987e-01
5.030120481927689013e-01
4.487951807228931500e-01
5.753012048192776007e-01
5.271084337349414284e-01
8.554216867469861540e-01
4.036144578313241027e-01
7.680722891566276189e-01
1.765060240963853389e+00
6.686746987951828203e-01
1.177710843373493077e+00
4.789156626506034797e-01
6.686746987951792676e-01
5.632530120481931135e-01
5.572289156626517581e-01
1.611445783132531062e+00
1.496987951807229322e+00
2.084337349397589634e+00
1.307228915662649982e+00
2.831325301204827838e-01
8.644578313252999635e-01
5.903614457831309892e-01
1.442771084337351795e+00
1.737951807228913736e+00
5.301204819277121061e-01
7.259036144578310257e-01
8.584337349397586081e-01
9.186746987951810439e-01
1.521084337349396520e+00
5.813253012048207324e-01
5.783132530120482784e-01
7.801204819277103297e-01
7.319277108433723811e-01
1.915662650602406814e+00
9.216867469879534980e-01
2.493975903614458645e+00
4.789156626506034797e-01
1.003012048192772454e+00
1.870481927710843095e+00
5.933734939759034432e-01
6.234939759036173257e-01
6.234939759036155493e-01
7.078313253012034068e-01
5.813253012048207324e-01
5.240963855421654216e-01
1.048192771084337949e+00
3.012048192771086264e-01
9.156626506024085899e-01
8.855421686747000365e-01
5.783132530120482784e-01
5.993975903614465750e-01
5.210843373493965203e-01
4.849397590361448351e-01
7.319277108433723811e-01
1.849397590361444799e+00
4.066265060240965568e-01
9.216867469879517216e-01
1.141566265060241392e+00
1.481927710843372381e+00
7.469879518072275459e-01
5.180722891566258426e-01
7.801204819277103297e-01
5.481927710843379487e-01
6.114457831325310622e-01
1.756024096385541355e+00
4.487951807228895973e-01
4.728915662650621243e-01
1.496987951807227546e+00
1.930722891566263755e+00
1.536144578313276554e-01
2.484939759036144835e+00
8.102409638554206595e-01
1.563253012048189561e+00
1.219879518072291447e+00
1.060240963855420659e+00
1.051204819277108626e+00
3.674698795180724176e-01
4.457831325301206959e-01
1.246987951807227546e+00
1.066265060240962015e+00
1.045180722891569047e+00
6.054216867469897068e-01
1.828313253012050055e+00
5.180722891566240662e-01
1.189759036144579341e+00
2.108433734939758608e-01
5.933734939759034432e-01
6.807228915662655311e-01
1.358433734939758608e+00
1.102409638554217253e+00
4.608433734939758608e-01
1.451807228915662051e+00
6.566265060240947804e-01
6.385542168674724905e-01
1.165662650602410366e+00
4.638554216867483149e-01
1.243975903614455092e+00
6.054216867469897068e-01
1.084337349397586081e-01
1.599397590361448351e+00
1.096385542168674121e+00
1.412650602409637912e+00
1.442771084337350018e+00
4.578313253012034068e-01
1.060240963855420659e+00
5.180722891566276189e-01
6.475903614457827473e-01
8.253012048192758243e-01
6.807228915662655311e-01
1.141566265060239616e+00
5.662650602409655676e-01
2.740963855421689743e-01
6.204819277108448716e-01
2.590361445783138095e-01
5.692771084337344689e-01
3.855421686747000365e-01
6.656626506024103662e-01
4.337349397590344324e-01
9.518072289156656041e-01
5.722891566265051466e-01
6.024096385542172527e-01
6.716867469879517216e-01
1.475903614457827473e-01
1.210843373493975861e+00
1.337349397590360311e+00
2.105421686746989707e+00
1.177710843373493077e+00
1.274096385542168974e+00
1.231927710843374157e+00
3.945783132530102932e-01
8.192771084337344689e-01
9.096385542168690108e-01
8.343373493975896338e-01
6.234939759036137730e-01
7.771084337349414284e-01
1.012048192771082711e+00
6.957831325301206959e-01
1.319277108433734469e+00
1.358433734939760384e+00
2.611445783132531062e+00
6.716867469879517216e-01
3.885542168674707142e-01
8.373493975903620878e-01
9.427710843373482419e-01
2.876506024096386227e+00
3.885542168674707142e-01
6.024096385542172527e-01
8.433734939759034432e-01
1.234939759036144835e+00
1.180722891566265531e+00
9.789156626506017034e-01
9.096385542168690108e-01
2.710843373493965203e-01
1.054216867469879304e+00
1.355421686746987930e+00
8.403614457831309892e-01
1.141566265060241392e+00
5.451807228915654946e-01
1.033132530120482784e+00
7.650602409638551649e-01
1.003012048192768901e+00
6.837349397590379851e-01
1.352409638554217253e+00
8.313253012048171797e-01
1.692771084337350018e+00
8.222891566265069230e-01
9.909638554216879669e-01
6.596385542168654581e-01
1.807228915662651758e+00
4.728915662650603480e-01
8.945783132530102932e-01
1.801204819277106850e+00
8.132530120481931135e-01
6.506024096385552014e-01
1.442771084337348242e+00
6.024096385542172527e-01
1.512048192771082711e+00
3.915662650602413919e-01
1.292168674698793041e+00
4.939759036144586446e-01
1.867469879518072418e+00
5.813253012048189561e-01
1.536144578313251685e+00
9.397590361445793405e-01
1.584337349397589634e+00
1.683734939759037985e+00
8.132530120481931135e-01
8.373493975903603115e-01
3.734939759036137730e-01
7.831325301204827838e-01
2.015060240963858718e+00
1.746987951807227546e+00
1.090361445783134542e+00
1.451807228915663828e+00
5.060240963855413554e-01
6.897590361445793405e-01
1.027108433734939652e+00
5.572289156626517581e-01
1.385542168674689378e-01
8.825301204819275824e-01
3.765060240963862270e-01
5.933734939759034432e-01
3.012048192771068500e-01
1.087349397590362088e+00
1.900602409638555201e+00
7.710843373493982966e-01
1.072289156626506923e+00
6.566265060240947804e-01
9.819277108433759338e-01
1.987951807228895973e-01
1.042168674698796593e+00
6.777108433734930770e-01
4.759036144578345784e-01
8.915662650602378392e-01
2.659638554216869011e+00
9.638554216867447622e-01
1.740963855421686191e+00
5.030120481927706777e-01
6.385542168674689378e-01
6.506024096385516486e-01
4.397590361445793405e-01
4.006024096385516486e-01
5.000000000000000000e-01
4.969879518072310987e-01
3.614457831325310622e-01
2.018072289156627619e+00
5.933734939759052196e-01
1.361445783132527509e+00
1.653614457831324103e+00
9.126506024096361358e-01
6.927710843373517946e-01
5.150602409638551649e-01
4.879518072289172892e-01
1.936746987951806886e+00
5.512048192771068500e-01
1.123493975903615549e+00
7.650602409638551649e-01
1.521084337349400073e+00
4.126506024096379122e-01
7.771084337349414284e-01
1.096385542168672345e+00
6.024096385542172527e-01
5.271084337349378757e-01
1.569277108433738022e+00
6.325301204819275824e-01
6.897590361445793405e-01
1.165662650602406814e+00
1.174698795180724176e+00
2.228915662650603480e-01
4.909638554216861905e-01
6.506024096385552014e-01
2.990963855421684414e+00
5.481927710843343959e-01
8.644578313253017399e-01
1.307228915662651758e+00
1.957831325301203407e+00
4.457831325301224723e-01
7.168674698795172162e-01
1.033132530120482784e+00
4.849397590361430588e-01
7.379518072289172892e-01
1.015060240963855165e+00
1.256024096385541355e+00
8.463855421686741209e-01
9.548192771084345054e-01
2.280120481927710330e+00
9.427710843373517946e-01
7.831325301204827838e-02
5.060240963855413554e-01
4.487951807228931500e-01
4.698795180722861176e-01
3.885542168674724905e-01
7.409638554216861905e-01
4.216867469879517216e-01
9.759036144578310257e-01
1.159638554216869011e+00
2.138554216867465385e-01
1.382530120481927582e+00
3.704819277108413189e-01
7.289156626505999270e-01
5.180722891566276189e-01
4.668674698795172162e-01
9.849397590361448351e-01
5.090361445783138095e-01
1.033132530120481007e+00
1.021084337349400073e+00
6.566265060240965568e-01
6.716867469879517216e-01
1.045180722891565495e+00
1.042168674698796593e+00
1.210843373493975861e+00
3.102409638554206595e-01
1.599397590361448351e+00
2.289156626506034797e-01
6.144578313252999635e-01
4.036144578313241027e-01
4.066265060240965568e-01
9.608433734939758608e-01
8.433734939759034432e-01
7.319277108433723811e-01
1.036144578313251685e+00
6.475903614457845237e-01
9.668674698795172162e-01
1.051204819277110403e+00
3.945783132530138460e-01
9.668674698795172162e-01
5.602409638554206595e-01
6.506024096385516486e-01
5.060240963855431318e-01
4.397590361445793405e-01
6.566265060240965568e-01
1.174698795180724176e+00
2.198795180722896703e-01
5.271084337349378757e-01
1.030120481927710330e+00
2.051204819277110403e+00
9.156626506024085899e-01
4.186746987951792676e-01
8.132530120481931135e-01
6.807228915662655311e-01
5.542168674698793041e-01
6.325301204819275824e-01
2.831325301204827838e-01
6.415662650602378392e-01
7.259036144578345784e-01
1.795180722891565495e+00
1.870481927710844872e+00
8.734939759036137730e-01
7.228915662650585716e-01
9.487951807228931500e-01
2.412650602409637912e+00
6.475903614457827473e-01
7.379518072289137365e-01
4.909638554216861905e-01
6.746987951807241757e-01
1.882530120481927582e+00
4.006024096385552014e-01
9.909638554216897433e-01
1.319277108433734469e+00
6.385542168674689378e-01
5.963855421686758973e-01
5.512048192771068500e-01
4.036144578313241027e-01
6.265060240963862270e-01
4.695783132530120696e+00
1.481927710843375934e+00
3.343373493975896338e-01
5.903614457831309892e-01
9.036144578313276554e-01
1.686746987951792676e-01
1.045180722891569047e+00
7.981927710843343959e-01
8.403614457831345419e-01
1.391566265060241392e+00
1.144578313253010293e+00
4.186746987951828203e-01
1.078313253012048278e+00
5.963855421686758973e-01
5.903614457831309892e-01
5.662650602409655676e-01
2.319277108433723811e-01
6.144578313252999635e-01
6.746987951807241757e-01
7.168674698795172162e-01
1.189759036144579341e+00
1.018072289156627619e+00
1.222891566265062124e+00
2.379518072289137365e-01
6.295180722891551284e-01
1.286144578313255238e+00
7.500000000000000000e-01
1.126506024096386227e+00
7.680722891566240662e-01
1.144578313253013846e+00
1.801204819277106850e+00
7.198795180722896703e-01
4.186746987951792676e-01
8.463855421686758973e-01
8.975903614457827473e-01
1.572289156626506923e+00
7.981927710843379487e-01
1.117469879518072418e+00
6.746987951807241757e-01
1.186746987951806886e+00
1.963855421686748315e+00
1.451807228915662051e+00
3.192771084337348242e+00
2.397590361445782747e+00
1.006024096385544908e+00
8.825301204819275824e-01
1.611445783132531062e+00
2.054216867469879304e+00
1.024096385542168974e+00
9.819277108433759338e-01
3.915662650602378392e-01
5.662650602409655676e-01
8.102409638554206595e-01
8.493975903614447986e-01
1.843373493975903443e+00
1.015060240963855165e+00
6.174698795180724176e-01
1.647590361445782747e+00
1.987951807228931500e-01
4.150602409638555201e+00
1.740963855421686191e+00
1.566265060240965568e-01
9.728915662650585716e-01
1.006024096385544908e+00
1.126506024096386227e+00
6.445783132530102932e-01
1.039156626506024139e+00
1.894578313253010293e+00
1.123493975903613773e+00
2.530120481927724541e-01
1.500000000000000000e+00
5.331325301204827838e-01
9.668674698795172162e-01
1.057228915662651758e+00
1.728915662650603480e+00
1.048192771084337949e+00
1.075301204819279377e+00
1.686746987951792676e-01
3.102409638554217253e+00
9.608433734939758608e-01
1.096385542168672345e+00
7.018072289156620513e-01
9.487951807228931500e-01
1.725903614457831026e+00
3.042168674698793041e+00
6.716867469879517216e-01
6.024096385542172527e-01
9.427710843373482419e-01
1.084337349397593186e+00
3.584337349397586081e-01
1.436746987951806886e+00
8.584337349397586081e-01
2.647590361445782747e+00
1.828313253012048278e+00
1.469879518072289670e+00
1.361445783132531062e+00
1.771084337349396520e+00
8.012048192771068500e-01
1.611445783132531062e+00
4.849397590361448351e-01
1.237951807228917289e+00
5.662650602409655676e-01
4.156626506024103662e-01
1.177710843373493077e+00
1.572289156626506923e+00
1.608433734939758608e+00
1.216867469879517216e+00
6.656626506024103662e-01
7.138554216867483149e-01
1.177710843373493077e+00
1.698795180722889597e+00
1.506024096385541355e+00
2.620481927710844872e+00
1.593373493975906996e+00
8.915662650602413919e-01
8.493975903614447986e-01
4.789156626506034797e-01
1.042168674698796593e+00
6.536144578313241027e-01
6.807228915662655311e-01
7.018072289156620513e-01
5.572289156626517581e-01
2.072289156626506923e+00
7.289156626506034797e-01
2.322289156626506923e+00
1.704819277108430953e+00
4.518072289156620513e-01
4.789156626506034797e-01
8.885542168674689378e-01
6.234939759036137730e-01
1.557228915662651758e+00
5.662650602409620149e-01
7.409638554216861905e-01
1.283132530120482784e+00
1.102409638554217253e+00
4.668674698795172162e-01
8.885542168674689378e-01
8.825301204819275824e-01
8.162650602409655676e-01
4.969879518072275459e-01
2.237951807228917289e+00
2.349397590361448351e-01
2.256024096385544908e+00
2.406626506024096557e+00
2.623493975903613773e+00
1.069277108433734469e+00
3.430722891566265531e+00
3.162650602409620149e-01
4.487951807228895973e-01
4.186746987951828203e-01
1.286144578313255238e+00
1.057228915662648205e+00
8.343373493975896338e-01
1.087349397590362088e+00
4.789156626506034797e-01
8.975903614457827473e-01
2.132530120481927582e+00
4.518072289156620513e-01
2.837349397590362088e+00
6.897590361445793405e-01
2.349397590361444799e+00
2.042168674698793041e+00
5.481927710843379487e-01
4.518072289156620513e-01
2.674698795180720623e+00
1.003012048192772454e+00
1.870481927710844872e+00
