5.271084337349378757e-01
3.373493975903585351e-01
6.746987951807312811e-01
3.915662650602342865e-01
3.162650602409655676e-01
5.933734939759034432e-01
3.885542168674760433e-01
3.945783132530067405e-01
1.355421686747035892e-01
9.668674698795172162e-01
4.819277108433652757e-01
6.325301204819311351e-01
4.096385542168690108e-01
6.265060240963862270e-01
7.891566265060134810e-01
1.626506024096414649e-01
5.060240963855449081e-01
4.126506024096414649e-01
6.536144578313241027e-01
5.000000000000000000e-01
2.891566265060276919e-01
5.843373493975860811e-01
2.981927710843308432e-01
4.216867469879588270e-01
7.048192771084274000e-01
2.500000000000000000e-01
3.915662650602342865e-01
5.783132530120553838e-01
3.975903614457791946e-01
4.518072289155838916e-02
4.608433734939865190e-01
6.295180722891586811e-01
5.542168674698757513e-01
4.849397590361377297e-01
8.192771084337380216e-01
1.234939759036137730e-01
3.433734939759034432e-01
4.367469879518068865e-01
6.716867469879446162e-01
2.650602409638622703e-01
4.668674698795172162e-01
3.674698795180688649e-01
3.704819277108413189e-01
4.216867469879588270e-01
3.433734939759034432e-01
4.759036144578345784e-01
2.650602409638622703e-01
4.939759036144693027e-01
3.614457831325239567e-01
4.759036144578345784e-01
6.867469879518068865e-01
1.415662650602342865e-01
6.807228915662619784e-01
5.512048192771175081e-01
4.759036144578345784e-01
4.457831325301242487e-01
4.367469879518068865e-01
2.590361445783173622e-01
9.879518072289101838e-01
5.060240963855449081e-01
5.150602409638480594e-01
1.168674698795186373e+00
3.614457831325239567e-01
2.078313253011998540e-01
2.771084337349520865e-01
5.240963855421654216e-01
6.325301204819311351e-01
5.542168674698757513e-01
3.584337349397657135e-01
4.909638554216826378e-01
4.668674698795172162e-01
3.132530120481931135e-01
5.210843373493929676e-01
1.957831325301242487e-01
4.307228915662619784e-01
6.626506024096272540e-01
7.289156626506070324e-01
2.771084337349378757e-01
4.638554216867447622e-01
3.674698795180830757e-01
1.265060240963862270e-01
5.000000000000000000e-01
4.668674698795172162e-01
5.662650602409655676e-01
5.903614457831309892e-01
2.981927710843308432e-01
3.704819277108413189e-01
3.493975903614483514e-01
1.234939759036137730e-01
5.481927710843450541e-01
7.138554216867447622e-01
3.524096385542208054e-01
8.975903614457791946e-01
8.734939759037274598e-02
5.512048192771032973e-01
2.409638554216826378e-01
2.469879518072275459e-01
3.042168674698899622e-01
8.192771084337238108e-01
5.602409638554206595e-01
2.289156626506070324e-01
4.849397590361519406e-01
2.590361445783031513e-01
5.180722891566347243e-01
5.632530120481931135e-01
3.765060240963862270e-01
5.722891566265104757e-01
3.433734939759034432e-01
4.668674698795172162e-01
4.879518072289101838e-01
4.728915662650621243e-01
1.445783132530067405e-01
7.469879518072275459e-01
3.313253012048136270e-01
4.126506024096414649e-01
4.819277108433652757e-01
5.873493975903727460e-01
1.295180722891444702e-01
4.698795180722896703e-01
2.530120481927724541e-01
7.078313253012140649e-01
1.927710843373375837e-01
5.512048192771032973e-01
6.174698795180688649e-01
2.740963855421654216e-01
3.945783132530209514e-01
7.048192771084274000e-01
4.096385542168690108e-01
3.855421686747035892e-01
4.759036144578345784e-01
3.042168674698757513e-01
2.349397590361377297e-01
1.021084337349407178e+00
3.644578313252964108e-01
1.777108433734895243e-01
5.030120481927724541e-01
6.596385542168548000e-01
3.915662650602484973e-01
3.945783132530067405e-01
3.644578313253106217e-01
3.192771084337238108e-01
4.006024096385658595e-01
4.036144578313241027e-01
1.596385542168548000e-01
4.246987951807312811e-01
3.493975903614483514e-01
7.951807228915583892e-01
2.138554216867447622e-01
3.795180722891586811e-01
6.777108433735037352e-01
3.975903614457934054e-01
4.879518072289101838e-01
7.831325301204827838e-01
2.710843373494071784e-01
1.024096385542208054e-01
6.506024096385516486e-01
7.680722891566347243e-01
4.427710843373375837e-01
3.283132530120553838e-01
4.849397590361377297e-01
5.481927710843308432e-01
9.698795180722896703e-01
3.102409638554206595e-01
2.560240963855449081e-01
3.012048192771032973e-01
3.042168674698899622e-01
3.734939759036137730e-01
3.283132530120411730e-01
5.993975903614483514e-01
6.536144578313241027e-01
4.518072289156549459e-01
4.397590361445793405e-01
5.753012048192829297e-01
3.945783132530067405e-01
5.030120481927724541e-01
3.765060240963862270e-01
4.849397590361377297e-01
3.975903614457934054e-01
5.271084337349378757e-01
4.277108433734895243e-01
4.216867469879588270e-01
3.012048192771032973e-01
3.313253012048278379e-01
8.253012048192687189e-01
6.566265060240965568e-01
2.951807228915726000e-01
2.680722891566205135e-01
5.843373493976002919e-01
2.590361445783031513e-01
3.734939759036137730e-01
6.024096385542065946e-01
6.234939759036137730e-01
6.385542168674760433e-01
6.054216867469932595e-01
1.716867469879446162e-01
7.530120481927724541e-01
6.385542168674618324e-01
6.385542168674760433e-01
4.337349397590344324e-01
2.951807228915583892e-01
4.518072289156691568e-01
2.560240963855449081e-01
3.855421686747035892e-01
4.307228915662761892e-01
3.102409638554206595e-01
4.006024096385516486e-01
7.740963855421654216e-01
2.228915662650621243e-01
4.156626506024139189e-01
2.138554216867447622e-01
5.271084337349378757e-01
6.174698795180830757e-01
4.849397590361377297e-01
3.493975903614483514e-01
3.042168674698757513e-01
4.427710843373517946e-01
2.319277108433652757e-01
7.259036144578345784e-01
5.692771084337380216e-01
4.487951807228824919e-01
3.614457831325381676e-01
7.500000000000000000e-01
6.144578313253106217e-01
2.831325301204685729e-01
2.620481927710756054e-01
2.500000000000000000e-01
9.066265060240965568e-01
2.108433734939723081e-01
5.180722891566347243e-01
8.734939759035853513e-02
3.915662650602342865e-01
3.403614457831452000e-01
4.939759036144693027e-01
3.012048192771032973e-01
5.813253012048278379e-01
2.108433734939723081e-01
6.325301204819311351e-01
3.885542168674618324e-01
3.554216867469932595e-01
3.915662650602342865e-01
6.415662650602484973e-01
2.831325301204827838e-01
7.530120481927724541e-01
4.066265060240965568e-01
1.475903614457791946e-01
6.686746987951863730e-01
2.620481927710756054e-01
2.198795180722896703e-01
3.463855421686758973e-01
6.355421686746893783e-01
3.222891566265104757e-01
3.433734939759034432e-01
6.174698795180688649e-01
4.969879518072275459e-01
3.554216867469790486e-01
1.090361445783145200e+00
4.277108433734895243e-01
1.295180722891586811e-01
3.102409638554206595e-01
3.795180722891586811e-01
2.590361445783031513e-01
6.897590361445793405e-01
1.897590361445793405e-01
4.879518072289243946e-01
4.487951807228824919e-01
6.024096385542208054e-01
4.759036144578345784e-01
3.524096385542208054e-01
5.542168674698757513e-01
6.355421686747035892e-01
2.710843373493929676e-01
1.897590361445793405e-01
4.066265060240965568e-01
3.614457831325381676e-01
1.385542168674618324e-01
5.783132530120553838e-01
6.084337349397515027e-01
4.427710843373517946e-01
3.493975903614483514e-01
4.066265060240965568e-01
6.054216867469932595e-01
4.337349397590344324e-01
3.012048192771032973e-01
5.301204819277103297e-01
2.048192771084416108e-01
5.512048192771032973e-01
1.596385542168690108e-01
6.024096385542208054e-01
2.620481927710756054e-01
3.644578313252964108e-01
4.638554216867447622e-01
5.903614457831309892e-01
6.777108433734895243e-01
4.397590361445793405e-01
2.138554216867589730e-01
4.246987951807170703e-01
4.819277108433652757e-01
6.114457831325381676e-01
4.156626506024139189e-01
5.542168674698757513e-01
9.337349397590344324e-02
5.150602409638480594e-01
5.451807228915726000e-01
2.831325301204827838e-01
6.265060240963862270e-01
6.807228915662619784e-01
7.680722891566205135e-01
3.584337349397657135e-01
5.813253012048136270e-01
6.174698795180688649e-01
4.126506024096414649e-01
3.885542168674618324e-01
5.301204819277103297e-01
4.066265060240965568e-01
5.421686746988001460e-01
4.066265060240965568e-01
4.759036144578345784e-01
3.222891566265104757e-01
5.030120481927582432e-01
1.265060240963862270e-01
3.734939759036137730e-01
9.487951807228967027e-01
4.066265060240965568e-01
5.753012048192829297e-01
4.006024096385516486e-01
1.656626506023997081e-01
2.349397590361519406e-01
5.963855421686758973e-01
3.222891566265104757e-01
6.506024096385516486e-01
4.849397590361519406e-01
9.036144578313098918e-02
6.987951807228824919e-01
6.837349397590344324e-01
1.475903614457791946e-01
3.704819277108555298e-01
8.795180722891444702e-01
2.560240963855449081e-01
4.849397590361519406e-01
3.855421686746893783e-01
4.156626506024139189e-01
4.849397590361519406e-01
5.632530120481931135e-01
1.656626506023997081e-01
5.391566265060276919e-01
3.192771084337380216e-01
5.030120481927724541e-01
2.349397590361377297e-01
2.560240963855449081e-01
4.186746987951721621e-01
2.650602409638622703e-01
2.078313253011998540e-01
4.849397590361519406e-01
3.584337349397515027e-01
4.036144578313241027e-01
4.487951807228967027e-01
6.325301204819311351e-01
3.945783132530067405e-01
8.343373493975860811e-01
3.042168674698757513e-01
5.692771084337380216e-01
6.144578313252964108e-01
7.560240963855306973e-01
1.355421686747035892e-01
5.632530120481931135e-01
6.174698795180688649e-01
2.319277108433794865e-01
7.500000000000000000e-01
5.090361445783031513e-01
3.313253012048278379e-01
2.891566265060276919e-01
5.722891566265104757e-01
4.096385542168690108e-01
2.560240963855449081e-01
4.518072289156549459e-01
4.518072289156691568e-01
5.753012048192687189e-01
4.638554216867589730e-01
2.921686746988001460e-01
4.337349397590344324e-01
3.554216867469932595e-01
1.626506024096272540e-01
3.584337349397657135e-01
4.819277108433794865e-01
4.427710843373375837e-01
3.975903614457791946e-01
5.933734939759034432e-01
1.325301204819311351e-01
5.421686746988001460e-01
2.590361445783031513e-01
2.801204819277103297e-01
6.084337349397657135e-01
1.656626506024139189e-01
2.168674698795172162e-01
7.409638554216826378e-01
5.451807228915726000e-01
5.873493975903585351e-01
3.132530120481931135e-01
5.301204819277103297e-01
2.138554216867447622e-01
7.379518072289243946e-01
5.150602409638480594e-01
4.337349397590344324e-01
4.246987951807312811e-01
3.343373493975860811e-01
5.512048192771175081e-01
1.626506024096272540e-01
4.548192771084416108e-01
3.855421686746893783e-01
5.722891566265104757e-01
2.740963855421654216e-01
6.355421686746893783e-01
6.837349397590486433e-01
5.421686746987859351e-01
2.560240963855449081e-01
1.897590361445793405e-01
3.674698795180688649e-01
3.704819277108413189e-01
6.475903614457791946e-01
3.192771084337380216e-01
7.259036144578345784e-01
2.439759036144550919e-01
4.728915662650621243e-01
5.030120481927724541e-01
6.897590361445793405e-01
5.451807228915583892e-01
4.548192771084416108e-01
5.271084337349378757e-01
3.855421686746893783e-01
6.626506024096272540e-01
4.006024096385516486e-01
3.132530120481931135e-01
2.590361445783173622e-01
6.084337349397657135e-01
8.373493975903585351e-01
1.325301204819311351e-01
5.512048192771032973e-01
4.337349397590344324e-01
4.819277108433794865e-01
4.909638554216826378e-01
6.987951807228967027e-01
2.680722891566205135e-01
2.891566265060276919e-01
5.512048192771175081e-01
1.385542168674618324e-01
5.512048192771175081e-01
2.560240963855449081e-01
1.475903614457791946e-01
4.759036144578345784e-01
4.036144578313241027e-01
4.156626506024139189e-01
4.548192771084274000e-01
4.879518072289243946e-01
1.536144578313241027e-01
3.704819277108413189e-01
2.018072289156691568e-01
6.506024096385516486e-01
5.632530120481931135e-01
1.897590361445793405e-01
5.120481927710756054e-01
3.584337349397657135e-01
4.879518072289101838e-01
8.403614457831309892e-01
2.951807228915726000e-01
3.343373493975860811e-01
2.259036144578345784e-01
3.554216867469790486e-01
2.349397590361519406e-01
4.036144578313241027e-01
4.397590361445793405e-01
5.150602409638480594e-01
4.337349397590344324e-01
4.548192771084416108e-01
4.578313253011998540e-01
4.126506024096414649e-01
2.771084337349378757e-01
5.210843373493929676e-01
6.656626506023997081e-01
3.644578313253106217e-01
3.855421686746893783e-01
4.698795180722896703e-01
3.283132530120553838e-01
3.734939759036137730e-01
5.542168674698899622e-01
4.939759036144550919e-01
3.975903614457791946e-01
2.650602409638480594e-01
1.385542168674760433e-01
6.144578313252964108e-01
4.487951807228967027e-01
2.319277108433652757e-01
7.259036144578345784e-01
1.536144578313241027e-01
3.674698795180830757e-01
7.198795180722896703e-01
8.222891566265104757e-01
2.379518072289101838e-01
4.608433734939865190e-01
3.765060240963862270e-01
3.825301204819169243e-01
2.349397590361377297e-01
3.825301204819311351e-01
2.409638554216826378e-01
4.638554216867447622e-01
5.542168674698899622e-01
4.638554216867447622e-01
3.102409638554206595e-01
2.831325301204827838e-01
5.542168674698899622e-01
2.530120481927724541e-01
7.168674698795172162e-01
5.090361445783173622e-01
6.114457831325239567e-01
4.036144578313241027e-01
3.253012048192829297e-01
4.337349397590344324e-01
4.638554216867447622e-01
7.801204819277103297e-01
4.548192771084416108e-01
4.186746987951721621e-01
3.403614457831309892e-01
9.397590361445793405e-01
2.138554216867447622e-01
6.716867469879446162e-01
4.126506024096414649e-01
6.686746987951721621e-01
5.451807228915726000e-01
4.277108433734895243e-01
2.590361445783173622e-01
2.228915662650621243e-01
4.337349397590344324e-01
7.108433734939865190e-01
3.885542168674618324e-01
4.277108433734895243e-01
7.921686746988001460e-01
9.939759036144835136e-02
4.578313253011998540e-01
4.698795180722896703e-01
1.039156626506027692e+00
6.746987951807312811e-01
2.861445783132410270e-01
3.795180722891586811e-01
3.042168674698899622e-01
2.409638554216826378e-01
2.650602409638622703e-01
4.698795180722896703e-01
2.078313253011998540e-01
4.487951807228967027e-01
6.716867469879446162e-01
5.180722891566347243e-01
7.801204819277103297e-01
4.759036144578345784e-01
5.662650602409655676e-01
5.512048192771032973e-01
1.987951807228967027e-01
1.867469879518068865e-01
4.909638554216826378e-01
5.903614457831309892e-01
7.831325301205538381e-02
7.680722891566205135e-01
4.367469879518068865e-01
4.668674698795314271e-01
4.096385542168548000e-01
2.168674698795172162e-01
3.945783132530209514e-01
3.313253012048278379e-01
3.493975903614483514e-01
7.620481927710756054e-01
3.554216867469932595e-01
4.608433734939723081e-01
4.668674698795172162e-01
5.481927710843308432e-01
2.831325301204827838e-01
5.542168674698757513e-01
4.548192771084274000e-01
7.379518072289243946e-01
3.704819277108413189e-01
2.560240963855449081e-01
2.048192771084274000e-01
7.078313253011998540e-01
3.584337349397515027e-01
4.277108433734895243e-01
3.283132530120411730e-01
5.210843373494071784e-01
5.963855421686758973e-01
2.831325301204827838e-01
1.867469879518068865e-01
2.138554216867447622e-01
8.162650602409655676e-01
4.427710843373517946e-01
5.421686746988001460e-01
1.506024096385516486e-01
7.379518072289101838e-01
3.283132530120553838e-01
5.722891566265104757e-01
4.698795180722896703e-01
3.945783132530067405e-01
4.849397590361519406e-01
1.807228915662619784e-01
4.638554216867447622e-01
4.759036144578345784e-01
2.921686746988001460e-01
4.879518072289101838e-01
2.319277108433794865e-01
2.951807228915583892e-01
6.867469879518068865e-01
6.716867469879588270e-01
2.198795180722896703e-01
3.524096385542065946e-01
2.048192771084274000e-01
3.915662650602484973e-01
6.114457831325239567e-01
1.596385542168690108e-01
7.198795180722896703e-01
3.885542168674760433e-01
2.801204819277103297e-01
3.433734939759034432e-01
1.506024096385516486e-01
6.325301204819311351e-01
4.728915662650621243e-01
1.024096385542065946e-01
8.132530120481931135e-01
1.045180722891572600e+00
6.355421686746893783e-01
2.951807228915726000e-01
5.240963855421654216e-01
3.313253012048136270e-01
4.066265060240965568e-01
3.524096385542065946e-01
3.373493975903585351e-01
3.674698795180830757e-01
5.391566265060134810e-01
1.716867469879588270e-01
3.614457831325381676e-01
3.162650602409655676e-01
4.638554216867447622e-01
4.367469879518210973e-01
1.686746987951721621e-01
7.289156626506070324e-01
2.409638554216826378e-01
5.240963855421796325e-01
7.831325301205538381e-02
3.554216867469790486e-01
8.644578313253106217e-01
1.265060240963862270e-01
8.132530120481931135e-01
4.156626506023997081e-01
5.391566265060276919e-01
6.385542168674760433e-01
4.156626506024139189e-01
2.228915662650621243e-01
4.608433734939723081e-01
3.945783132530067405e-01
5.933734939759034432e-01
5.120481927710756054e-01
4.277108433735037352e-01
1.415662650602342865e-01
6.084337349397657135e-01
4.487951807228824919e-01
3.885542168674760433e-01
8.674698795180688649e-01
6.536144578313241027e-01
6.626506024096414649e-01
4.939759036144550919e-01
1.897590361445793405e-01
1.566265060240965568e-01
4.969879518072275459e-01
6.144578313252964108e-01
9.397590361445793405e-01
5.090361445783173622e-01
5.361445783132552378e-01
8.433734939760029192e-02
7.409638554216826378e-01
4.668674698795172162e-01
2.409638554216826378e-01
5.331325301204827838e-01
3.885542168674760433e-01
5.542168674698757513e-01
7.771084337349378757e-01
3.584337349397657135e-01
2.710843373493929676e-01
6.596385542168690108e-01
9.337349397590344324e-02
2.680722891566347243e-01
1.837349397590344324e-01
4.337349397590344324e-01
6.114457831325381676e-01
1.686746987951721621e-01
4.096385542168690108e-01
2.831325301204827838e-01
2.771084337349378757e-01
2.590361445783031513e-01
3.373493975903585351e-01
2.319277108433794865e-01
4.337349397590344324e-01
4.397590361445793405e-01
5.271084337349378757e-01
4.156626506024139189e-01
3.042168674698757513e-01
2.680722891566205135e-01
6.204819277108413189e-01
6.716867469879588270e-01
4.668674698795172162e-01
2.078313253011998540e-01
2.319277108433794865e-01
1.746987951807312811e-01
6.234939759036137730e-01
2.801204819277103297e-01
3.734939759036137730e-01
5.060240963855306973e-01
5.000000000000000000e-01
2.500000000000000000e-01
7.198795180722896703e-01
3.162650602409655676e-01
5.481927710843450541e-01
5.391566265060276919e-01
3.042168674698757513e-01
2.740963855421654216e-01
1.867469879518068865e-01
5.060240963855449081e-01
2.801204819277103297e-01
5.240963855421654216e-01
5.993975903614483514e-01
5.602409638554206595e-01
3.885542168674760433e-01
5.301204819277103297e-01
4.457831325301100378e-01
5.512048192771175081e-01
5.150602409638480594e-01
3.222891566265104757e-01
2.319277108433794865e-01
3.825301204819169243e-01
5.783132530120553838e-01
4.246987951807170703e-01
2.771084337349520865e-01
2.801204819277103297e-01
7.650602409638480594e-01
6.777108433735037352e-01
3.855421686746893783e-01
3.915662650602484973e-01
5.391566265060276919e-01
1.867469879518068865e-01
2.771084337349378757e-01
2.771084337349378757e-01
8.042168674698899622e-01
3.343373493975860811e-01
4.337349397590344324e-01
4.909638554216826378e-01
2.439759036144550919e-01
2.530120481927724541e-01
3.162650602409655676e-01
8.644578313253106217e-01
3.674698795180688649e-01
4.578313253011998540e-01
6.054216867469932595e-01
5.060240963855449081e-01
1.987951807228967027e-01
2.138554216867447622e-01
4.879518072289101838e-01
1.807228915662619784e-01
7.349397590361519406e-01
1.445783132530067405e-01
3.734939759036137730e-01
6.987951807228967027e-01
3.674698795180688649e-01
7.500000000000000000e-01
1.445783132530209514e-01
3.975903614457791946e-01
6.204819277108413189e-01
2.228915662650479135e-01
3.192771084337238108e-01
2.530120481927724541e-01
3.674698795180688649e-01
6.777108433735037352e-01
3.945783132530067405e-01
5.180722891566347243e-01
1.174698795180688649e-01
4.909638554216968487e-01
5.000000000000000000e-01
6.234939759036137730e-01
4.578313253011998540e-01
3.403614457831452000e-01
3.765060240963720162e-01
2.439759036144550919e-01
3.554216867469932595e-01
3.222891566265104757e-01
3.674698795180688649e-01
2.409638554216826378e-01
5.030120481927724541e-01
5.120481927710898162e-01
3.765060240963862270e-01
3.102409638554206595e-01
2.319277108433794865e-01
5.813253012048136270e-01
5.240963855421796325e-01
5.421686746987859351e-01
6.265060240963862270e-01
3.253012048192829297e-01
4.939759036144550919e-01
6.114457831325239567e-01
3.042168674698899622e-01
3.554216867469790486e-01
2.981927710843450541e-01
2.740963855421654216e-01
4.337349397590344324e-01
3.343373493975860811e-01
4.608433734939723081e-01
4.457831325301100378e-01
2.771084337349520865e-01
5.692771084337238108e-01
2.831325301204827838e-01
3.042168674698899622e-01
1.777108433734895243e-01
5.753012048192829297e-01
4.126506024096414649e-01
2.560240963855449081e-01
5.602409638554206595e-01
3.524096385542208054e-01
4.578313253011998540e-01
4.548192771084274000e-01
3.192771084337380216e-01
3.192771084337380216e-01
7.740963855421654216e-01
3.855421686747035892e-01
5.210843373493929676e-01
4.367469879518068865e-01
1.566265060240965568e-01
3.463855421686758973e-01
8.102409638554206595e-01
3.132530120481931135e-01
4.457831325301100378e-01
4.096385542168690108e-01
6.174698795180688649e-01
4.969879518072275459e-01
3.644578313252964108e-01
1.807228915662619784e-01
4.066265060240965568e-01
2.921686746988001460e-01
6.716867469879446162e-01
2.861445783132552378e-01
2.168674698795172162e-01
2.981927710843450541e-01
4.879518072289101838e-01
3.042168674698757513e-01
3.584337349397657135e-01
7.771084337349378757e-01
4.759036144578345784e-01
2.319277108433794865e-01
5.150602409638480594e-01
5.421686746988001460e-01
3.584337349397515027e-01
3.072289156626482054e-01
3.433734939759034432e-01
5.722891566264962648e-01
3.674698795180830757e-01
5.090361445783031513e-01
4.066265060240965568e-01
4.216867469879588270e-01
5.753012048192687189e-01
4.337349397590344324e-01
1.897590361445793405e-01
5.813253012048136270e-01
6.837349397590344324e-01
4.578313253012140649e-01
4.969879518072275459e-01
3.463855421686758973e-01
4.518072289156691568e-01
3.132530120481931135e-01
6.114457831325239567e-01
2.048192771084416108e-01
3.102409638554206595e-01
5.481927710843450541e-01
5.301204819277103297e-01
7.078313253011998540e-01
4.246987951807312811e-01
2.981927710843308432e-01
5.481927710843450541e-01
6.506024096385516486e-01
6.024096385542065946e-01
2.108433734939865190e-01
5.180722891566205135e-01
3.614457831325239567e-01
1.807228915662761892e-01
2.319277108433794865e-01
3.554216867469932595e-01
1.054216867469790486e-01
3.765060240963862270e-01
8.614457831325381676e-01
5.813253012048136270e-01
5.602409638554206595e-01
3.283132530120411730e-01
3.674698795180830757e-01
5.542168674698757513e-01
2.951807228915583892e-01
2.018072289156691568e-01
2.198795180722896703e-01
3.132530120481931135e-01
5.783132530120411730e-01
5.542168674698899622e-01
2.650602409638480594e-01
1.927710843373517946e-01
6.867469879518068865e-01
3.915662650602342865e-01
5.783132530120411730e-01
5.662650602409655676e-01
1.837349397590344324e-01
4.909638554216826378e-01
2.018072289156691568e-01
3.433734939759034432e-01
1.897590361445793405e-01
8.283132530120411730e-01
2.981927710843450541e-01
1.867469879518068865e-01
3.644578313252964108e-01
2.560240963855449081e-01
3.253012048192687189e-01
6.596385542168690108e-01
4.457831325301100378e-01
3.975903614457934054e-01
3.253012048192687189e-01
3.283132530120553838e-01
2.409638554216826378e-01
7.891566265060276919e-01
5.933734939759034432e-01
2.861445783132552378e-01
2.710843373493929676e-01
4.156626506024139189e-01
5.963855421686758973e-01
1.355421686747035892e-01
7.710843373493929676e-01
4.307228915662619784e-01
4.246987951807312811e-01
4.548192771084274000e-01
2.500000000000000000e-01
3.674698795180688649e-01
6.867469879518068865e-01
2.138554216867447622e-01
3.795180722891586811e-01
2.138554216867447622e-01
2.590361445783173622e-01
5.993975903614483514e-01
5.000000000000000000e-01
5.963855421686616864e-01
2.861445783132552378e-01
4.277108433735037352e-01
5.271084337349378757e-01
3.493975903614483514e-01
6.686746987951863730e-01
3.915662650602342865e-01
4.849397590361519406e-01
3.072289156626482054e-01
2.349397590361377297e-01
