1.129518072289151576e+00
8.042168674698757513e-01
8.132530120481931135e-01
4.156626506024139189e-01
1.972891566265062124e+00
7.078313253011998540e-01
5.963855421686758973e-01
8.222891566265033703e-01
8.614457831325239567e-01
7.108433734939794135e-01
1.078313253012048278e+00
2.087349397590358535e+00
1.111445783132531062e+00
9.939759036144621973e-01
1.572289156626503370e+00
6.084337349397586081e-01
1.611445783132531062e+00
7.590361445783102567e-01
7.590361445783102567e-01
8.162650602409655676e-01
1.240963855421689743e+00
6.746987951807241757e-01
6.987951807228895973e-01
9.759036144578345784e-01
1.093373493975903443e+00
1.957831325301171432e-01
1.704819277108434505e+00
6.355421686746964838e-01
4.277108433734895243e-01
7.259036144578345784e-01
1.400602409638558754e+00
1.322289156626510476e+00
5.090361445783102567e-01
1.250000000000000000e+00
5.813253012048207324e-01
7.168674698795172162e-01
8.433734939759034432e-01
8.765060240963862270e-01
9.277108433734966297e-01
3.975903614457791946e-01
9.036144578313241027e-01
2.469879518072289670e+00
4.457831325301171432e-01
6.897590361445793405e-01
9.397590361445793405e-01
8.554216867469861540e-01
1.084337349397586081e+00
8.765060240963862270e-01
1.993975903614455092e+00
2.108433734939758608e+00
6.204819277108484243e-01
1.412650602409641465e+00
1.009036144578317362e+00
9.186746987951792676e-01
9.487951807228895973e-01
1.246987951807227546e+00
7.891566265060205865e-01
1.081325301204820732e+00
1.027108433734944981e+00
1.759036144578317362e+00
1.593373493975903443e+00
2.771084337349378757e-01
1.487951807228917289e+00
1.518072289156620513e+00
1.310240963855420659e+00
5.753012048192829297e-01
1.090361445783130989e+00
6.536144578313241027e-01
1.415662650602413919e+00
1.777108433734937876e+00
1.144578313253013846e+00
7.861445783132552378e-01
1.000000000000000000e+00
5.090361445783102567e-01
1.373493975903613773e+00
8.253012048192758243e-01
1.346385542168675897e+00
5.783132530120482784e-01
1.451807228915662051e+00
8.855421686746964838e-01
5.180722891566276189e-01
6.295180722891586811e-01
1.403614457831324103e+00
4.066265060240965568e-01
9.337349397590415379e-01
5.632530120481931135e-01
1.024096385542165422e+00
1.756024096385544908e+00
3.765060240963862270e-01
6.325301204819311351e-01
7.891566265060276919e-01
1.334337349397586081e+00
4.819277108433723811e-01
6.114457831325310622e-01
1.177710843373496630e+00
1.210843373493972308e+00
7.981927710843379487e-01
3.885542168674689378e-01
1.587349397590358535e+00
5.813253012048207324e-01
1.527108433734937876e+00
6.234939759036208784e-01
1.475903614457827473e+00
9.277108433734966297e-01
1.003012048192772454e+00
1.018072289156627619e+00
1.009036144578310257e+00
1.201807228915662051e+00
1.024096385542172527e+00
1.584337349397593186e+00
6.837349397590344324e-01
7.831325301204827838e-01
9.819277108433723811e-01
1.225903614457827473e+00
1.370481927710841319e+00
6.746987951807241757e-01
8.072289156626482054e-01
7.560240963855378027e-01
5.813253012048207324e-01
9.126506024096414649e-01
7.771084337349378757e-01
7.168674698795172162e-01
1.024096385542172527e+00
1.045180722891565495e+00
5.271084337349378757e-01
1.650602409638558754e+00
1.198795180722889597e+00
2.111445783132531062e+00
5.301204819277103297e-01
8.915662650602413919e-01
1.234939759036144835e+00
5.512048192771032973e-01
8.343373493975931865e-01
5.903614457831309892e-01
1.006024096385537803e+00
1.069277108433730916e+00
8.945783132530138460e-01
1.292168674698800146e+00
1.644578313253013846e+00
7.018072289156620513e-01
9.186746987951792676e-01
9.759036144578345784e-01
1.406626506024096557e+00
5.963855421686758973e-01
7.861445783132552378e-01
8.795180722891515757e-01
1.159638554216869011e+00
4.969879518072346514e-01
7.560240963855378027e-01
2.000000000000000000e+00
2.584337349397593186e+00
2.271084337349392968e+00
2.831325301204827838e-01
8.554216867469932595e-01
8.795180722891586811e-01
8.042168674698828568e-01
7.530120481927653486e-01
1.162650602409634359e+00
6.867469879518068865e-01
8.313253012048207324e-01
8.042168674698828568e-01
1.960843373493979414e+00
9.638554216867447622e-01
2.801204819277103297e-01
1.879518072289158681e+00
8.795180722891586811e-01
7.228915662650550189e-01
9.698795180722896703e-01
1.692771084337344689e+00
9.036144578313241027e-01
1.250000000000000000e+00
3.614457831325310622e-01
8.825301204819311351e-01
1.593373493975903443e+00
5.361445783132552378e-01
1.545180722891565495e+00
4.397590361445793405e-01
8.825301204819311351e-01
9.638554216867447622e-01
1.123493975903613773e+00
1.292168674698793041e+00
1.024096385542172527e+00
5.180722891566276189e-01
8.975903614457863000e-01
1.701807228915662051e+00
1.045180722891565495e+00
9.427710843373446892e-01
2.861445783132481324e-01
8.072289156626553108e-01
1.421686746987951722e+00
1.090361445783130989e+00
1.768072289156627619e+00
1.072289156626510476e+00
8.253012048192829297e-01
1.376506024096386227e+00
7.620481927710827108e-01
1.442771084337351795e+00
3.162650602409655676e-01
1.292168674698793041e+00
1.725903614457827473e+00
8.704819277108413189e-01
1.765060240963855165e+00
1.295180722891586811e-01
1.400602409638551649e+00
1.246987951807227546e+00
9.427710843373517946e-01
6.475903614457791946e-01
1.509036144578310257e+00
2.379518072289101838e-01
1.343373493975903443e+00
1.114457831325303516e+00
6.777108433734966297e-01
1.891566265060241392e+00
3.313253012048207324e-01
1.506024096385544908e+00
1.698795180722889597e+00
7.500000000000000000e-01
1.334337349397586081e+00
6.084337349397586081e-01
8.433734939759034432e-01
8.042168674698828568e-01
9.728915662650621243e-01
8.885542168674689378e-01
1.837349397590344324e-01
1.638554216867468938e+00
1.039156626506027692e+00
9.427710843373446892e-01
1.186746987951806886e+00
1.617469879518075970e+00
1.003012048192772454e+00
8.554216867469861540e-01
1.316265060240965568e+00
6.536144578313241027e-01
1.159638554216869011e+00
5.993975903614483514e-01
4.909638554216897433e-01
8.222891566265033703e-01
1.533132530120482784e+00
2.406626506024096557e+00
1.780120481927710330e+00
1.234939759036144835e+00
1.105421686746986154e+00
1.201807228915662051e+00
1.463855421686744762e+00
1.506024096385544908e+00
5.542168674698828568e-01
8.975903614457863000e-01
1.400602409638551649e+00
6.385542168674689378e-01
1.243975903614455092e+00
1.030120481927710330e+00
2.289156626506070324e-01
6.024096385542137000e-01
1.156626506024096557e+00
1.168674698795179268e+00
4.548192771084345054e-01
1.162650602409641465e+00
7.168674698795172162e-01
7.228915662650550189e-01
6.957831325301242487e-01
8.373493975903585351e-01
9.638554216867518676e-01
1.403614457831324103e+00
8.102409638554277649e-01
4.367469879518068865e-01
1.156626506024096557e+00
4.668674698795172162e-01
1.484939759036144835e+00
1.027108433734937876e+00
6.927710843373517946e-01
7.710843373494000730e-01
1.177710843373496630e+00
1.286144578313255238e+00
1.003012048192765349e+00
2.051204819277110403e+00
8.704819277108413189e-01
7.891566265060205865e-01
8.042168674698828568e-01
8.042168674698757513e-01
1.006024096385544908e+00
1.036144578313255238e+00
3.614457831325310622e-01
9.487951807228895973e-01
1.024096385542172527e+00
9.849397590361448351e-01
1.490963855421682638e+00
8.855421686746964838e-01
1.084337349397593186e+00
7.530120481927724541e-01
1.051204819277103297e+00
5.090361445783102567e-01
1.126506024096386227e+00
2.891566265060276919e-01
7.831325301204827838e-01
7.891566265060205865e-01
1.412650602409634359e+00
1.307228915662655311e+00
1.620481927710841319e+00
9.578313253011998540e-01
8.765060240963862270e-01
5.963855421686758973e-01
6.746987951807241757e-01
5.783132530120482784e-01
6.867469879518068865e-01
5.060240963855449081e-01
6.234939759036137730e-01
1.105421686746986154e+00
6.174698795180759703e-01
1.135542168674696484e+00
1.009036144578310257e+00
1.084337349397593186e+00
1.382530120481924030e+00
1.963855421686744762e+00
1.346385542168675897e+00
4.909638554216897433e-01
5.572289156626482054e-01
7.198795180722896703e-01
1.292168674698793041e+00
1.816265060240965568e+00
7.138554216867518676e-01
5.512048192771032973e-01
1.463855421686751868e+00
9.246987951807241757e-01
1.195783132530117143e+00
5.963855421686758973e-01
1.343373493975903443e+00
7.228915662650621243e-01
1.123493975903613773e+00
1.719879518072289670e+00
6.445783132530138460e-01
1.439759036144572235e+00
1.105421686746993259e+00
1.147590361445779195e+00
7.289156626505999270e-01
3.554216867469861540e-01
1.786144578313255238e+00
7.831325301204827838e-01
1.469879518072289670e+00
6.686746987951792676e-01
7.680722891566276189e-01
1.475903614457834578e+00
7.409638554216897433e-01
7.108433734939723081e-01
9.969879518072275459e-01
8.975903614457863000e-01
1.246987951807227546e+00
9.036144578313241027e-01
7.710843373494000730e-01
7.981927710843379487e-01
9.397590361445722351e-01
4.126506024096414649e-01
1.635542168674696484e+00
7.048192771084345054e-01
9.397590361445793405e-01
5.240963855421725270e-01
1.719879518072289670e+00
4.548192771084345054e-01
7.319277108433723811e-01
1.271084337349400073e+00
1.180722891566261978e+00
1.319277108433738022e+00
4.638554216867447622e-01
1.144578313253013846e+00
6.626506024096343594e-01
1.066265060240965568e+00
5.210843373494000730e-01
1.759036144578310257e+00
9.006024096385516486e-01
6.716867469879517216e-01
1.213855421686744762e+00
6.656626506024139189e-01
8.644578313253035162e-01
1.283132530120482784e+00
4.759036144578345784e-01
1.123493975903613773e+00
9.939759036144621973e-01
1.066265060240965568e+00
7.289156626505999270e-01
1.120481927710841319e+00
8.644578313253035162e-01
1.030120481927710330e+00
5.120481927710827108e-01
1.036144578313248132e+00
1.240963855421682638e+00
1.243975903614462197e+00
1.195783132530124249e+00
1.593373493975910549e+00
2.831325301204756784e-01
1.647590361445786300e+00
1.189759036144579341e+00
8.825301204819311351e-01
4.759036144578274730e-01
1.478915662650599927e+00
5.361445783132552378e-01
1.183734939759034432e+00
7.379518072289172892e-01
1.590361445783130989e+00
4.036144578313241027e-01
1.391566265060241392e+00
9.819277108433723811e-01
1.156626506024096557e+00
1.189759036144579341e+00
1.653614457831324103e+00
6.445783132530067405e-01
1.093373493975903443e+00
1.292168674698800146e+00
9.849397590361448351e-01
9.367469879518068865e-01
1.069277108433738022e+00
1.021084337349392968e+00
5.692771084337380216e-01
1.069277108433738022e+00
1.391566265060234286e+00
4.759036144578345784e-01
2.530120481927724541e-01
1.036144578313248132e+00
1.108433734939758608e+00
1.256024096385537803e+00
8.072289156626482054e-01
6.204819277108413189e-01
5.361445783132552378e-01
1.990963855421682638e+00
7.469879518072346514e-01
1.451807228915662051e+00
1.816265060240965568e+00
2.177710843373496630e+00
1.593373493975903443e+00
1.024096385542165422e+00
7.801204819277174352e-01
5.632530120481860081e-01
4.849397590361448351e-01
8.463855421686758973e-01
1.551204819277103297e+00
2.346385542168675897e+00
8.644578313252964108e-01
9.518072289156620513e-01
1.156626506024096557e+00
8.463855421686758973e-01
7.078313253012069595e-01
1.481927710843372381e+00
4.006024096385587541e-01
5.873493975903585351e-01
8.132530120481931135e-01
7.349397590361448351e-01
7.831325301204827838e-01
1.987951807228917289e+00
5.210843373493929676e-01
8.584337349397586081e-01
1.340361445783130989e+00
5.753012048192758243e-01
7.469879518072275459e-01
1.551204819277103297e+00
7.620481927710898162e-01
9.457831325301171432e-01
1.159638554216869011e+00
6.897590361445793405e-01
6.777108433734966297e-01
7.439759036144550919e-01
9.518072289156620513e-01
1.554216867469882857e+00
1.521084337349400073e+00
4.216867469879517216e-01
1.039156626506027692e+00
7.439759036144550919e-01
1.243975903614462197e+00
2.147590361445779195e+00
1.003012048192772454e+00
4.759036144578274730e-01
9.909638554216897433e-01
4.578313253011998540e-01
1.921686746987951722e+00
7.259036144578345784e-01
2.319277108433723811e-01
5.421686746987930405e-01
9.819277108433723811e-01
1.126506024096386227e+00
1.087349397590365641e+00
1.114457831325303516e+00
1.286144578313248132e+00
1.584337349397593186e+00
8.704819277108413189e-01
1.087349397590358535e+00
1.283132530120482784e+00
1.466867469879517216e+00
8.855421686746964838e-01
1.277108433734944981e+00
8.915662650602413919e-01
1.033132530120482784e+00
3.765060240963862270e-01
6.746987951807241757e-01
9.337349397590344324e-01
7.680722891566276189e-01
1.948795180722889597e+00
1.367469879518075970e+00
1.364457831325296411e+00
6.415662650602342865e-01
8.433734939759034432e-01
5.271084337349378757e-01
9.578313253012069595e-01
8.584337349397657135e-01
6.234939759036137730e-01
1.213855421686751868e+00
7.048192771084274000e-01
1.265060240963855165e+00
1.207831325301206959e+00
1.090361445783130989e+00
1.298192771084337949e+00
1.021084337349392968e+00
1.403614457831331208e+00
4.548192771084345054e-01
7.078313253011998540e-01
1.572289156626510476e+00
1.530120481927710330e+00
1.262048192771089816e+00
7.108433734939723081e-01
3.132530120481931135e-01
1.521084337349392968e+00
1.647590361445786300e+00
1.114457831325296411e+00
9.216867469879517216e-01
9.427710843373517946e-01
1.605421686746986154e+00
4.909638554216826378e-01
1.054216867469882857e+00
9.337349397590415379e-01
1.256024096385544908e+00
9.578313253011998540e-01
1.018072289156627619e+00
4.849397590361448351e-01
1.111445783132523957e+00
1.207831325301206959e+00
1.554216867469882857e+00
1.418674698795179268e+00
6.536144578313241027e-01
4.638554216867518676e-01
9.397590361445793405e-01
6.265060240963862270e-01
1.584337349397593186e+00
8.855421686746964838e-01
6.897590361445793405e-01
9.789156626505999270e-01
1.358433734939758608e+00
1.105421686746986154e+00
6.536144578313241027e-01
7.981927710843379487e-01
6.355421686746964838e-01
8.584337349397586081e-01
4.427710843373446892e-01
1.768072289156627619e+00
1.409638554216869011e+00
6.716867469879517216e-01
5.843373493975931865e-01
3.313253012048207324e-01
4.668674698795172162e-01
1.153614457831324103e+00
8.765060240963862270e-01
1.867469879518068865e+00
6.927710843373517946e-01
9.367469879518068865e-01
1.379518072289151576e+00
1.156626506024096557e+00
1.367469879518068865e+00
1.150602409638551649e+00
8.945783132530067405e-01
1.484939759036144835e+00
6.837349397590415379e-01
1.957831325301199854e+00
1.765060240963855165e+00
5.090361445783173622e-01
1.415662650602406814e+00
6.234939759036137730e-01
5.030120481927724541e-01
1.530120481927710330e+00
5.060240963855378027e-01
1.117469879518075970e+00
8.975903614457863000e-01
1.096385542168668792e+00
5.933734939759034432e-01
2.710843373494000730e-01
1.301204819277110403e+00
1.786144578313255238e+00
1.493975903614455092e+00
1.370481927710841319e+00
2.469879518072346514e-01
1.436746987951806886e+00
1.364457831325303516e+00
8.192771084337309162e-01
3.945783132530138460e-01
3.132530120481931135e-01
1.545180722891565495e+00
4.367469879518068865e-01
1.472891566265055019e+00
4.668674698795172162e-01
1.659638554216869011e+00
1.271084337349400073e+00
9.578313253012069595e-01
8.765060240963862270e-01
4.819277108433723811e-01
1.719879518072289670e+00
6.927710843373517946e-01
5.240963855421654216e-01
1.942771084337351795e+00
7.048192771084345054e-01
1.969879518072289670e+00
7.530120481927724541e-01
8.885542168674689378e-01
7.530120481927653486e-01
1.256024096385544908e+00
2.460843373493979414e+00
1.111445783132531062e+00
9.397590361445793405e-01
8.765060240963862270e-01
9.096385542168690108e-01
1.310240963855420659e+00
2.921686746987930405e-01
3.795180722891586811e-01
1.798192771084337949e+00
1.885542168674703589e+00
1.671686746987951722e+00
7.289156626505999270e-01
4.096385542168690108e-01
5.602409638554206595e-01
1.500000000000000000e+00
6.234939759036208784e-01
1.063253012048193114e+00
1.328313253012048278e+00
8.222891566265033703e-01
4.759036144578345784e-01
1.605421686746986154e+00
7.620481927710827108e-01
3.042168674698757513e-01
1.584337349397593186e+00
1.036144578313248132e+00
3.253012048192758243e-01
8.584337349397586081e-01
1.096385542168675897e+00
1.876506024096386227e+00
7.409638554216826378e-01
1.084337349397593186e+00
2.259036144578274730e-01
1.466867469879517216e+00
7.590361445783173622e-01
6.746987951807241757e-01
7.891566265060205865e-01
9.427710843373517946e-01
1.219879518072289670e+00
5.271084337349378757e-01
1.680722891566269084e+00
5.512048192771032973e-01
9.879518072289172892e-01
1.021084337349400073e+00
3.975903614457863000e-01
8.463855421686758973e-01
1.153614457831324103e+00
7.831325301204827838e-01
1.789156626506020586e+00
1.695783132530124249e+00
9.246987951807241757e-01
8.102409638554206595e-01
4.156626506024068135e-01
1.075301204819275824e+00
2.379518072289172892e-01
1.150602409638558754e+00
6.777108433734895243e-01
8.132530120481931135e-01
9.789156626506070324e-01
9.397590361445793405e-01
6.686746987951792676e-01
2.981927710843379487e-01
9.759036144578274730e-01
1.379518072289151576e+00
7.740963855421654216e-01
7.710843373494000730e-01
1.457831325301199854e+00
1.120481927710848424e+00
1.695783132530124249e+00
7.349397590361448351e-01
6.385542168674689378e-01
1.903614457831324103e+00
1.897590361445793405e-01
3.945783132530138460e-01
7.319277108433723811e-01
1.265060240963855165e+00
6.777108433734895243e-01
8.855421686746964838e-01
6.204819277108413189e-01
1.337349397590365641e+00
3.945783132530138460e-01
1.719879518072289670e+00
2.409638554216826378e-01
1.084337349397593186e+00
8.524096385542137000e-01
5.301204819277103297e-01
5.662650602409655676e-01
9.186746987951792676e-01
1.292168674698793041e+00
8.554216867469861540e-01
1.246987951807227546e+00
1.445783132530124249e+00
7.500000000000000000e-01
7.349397590361448351e-01
5.451807228915654946e-01
4.216867469879517216e-01
1.102409638554220805e+00
7.560240963855378027e-01
6.536144578313241027e-01
2.162650602409641465e+00
1.334337349397586081e+00
1.060240963855420659e+00
6.295180722891586811e-01
1.325301204819282930e+00
1.003012048192765349e+00
4.066265060240965568e-01
7.620481927710827108e-01
1.575301204819282930e+00
8.674698795180759703e-01
7.590361445783173622e-01
8.373493975903585351e-01
6.656626506024068135e-01
1.349397590361448351e+00
1.138554216867468938e+00
1.566265060240958462e+00
1.114457831325296411e+00
7.168674698795243216e-01
6.054216867469932595e-01
7.379518072289172892e-01
1.087349397590358535e+00
1.912650602409641465e+00
1.219879518072289670e+00
1.777108433734895243e-01
1.617469879518075970e+00
5.572289156626482054e-01
1.307228915662648205e+00
1.045180722891565495e+00
1.256024096385544908e+00
9.487951807228895973e-01
8.915662650602413919e-01
8.343373493975931865e-01
9.457831325301171432e-01
2.512048192771089816e+00
1.448795180722889597e+00
7.680722891566276189e-01
8.463855421686758973e-01
4.186746987951792676e-01
7.981927710843379487e-01
6.837349397590344324e-01
5.030120481927653486e-01
4.849397590361448351e-01
1.102409638554220805e+00
8.463855421686758973e-01
9.367469879518139919e-01
7.379518072289101838e-01
1.078313253012048278e+00
8.222891566265104757e-01
1.006024096385537803e+00
3.734939759036137730e-01
8.222891566265104757e-01
6.957831325301242487e-01
1.174698795180717070e+00
1.593373493975903443e+00
1.301204819277110403e+00
1.539156626506027692e+00
1.316265060240958462e+00
6.807228915662690838e-01
7.439759036144550919e-01
9.307228915662619784e-01
1.165662650602406814e+00
1.066265060240965568e+00
6.084337349397586081e-01
2.506024096385544908e+00
2.319277108433723811e-01
8.765060240963862270e-01
2.123493975903613773e+00
7.801204819277103297e-01
8.463855421686758973e-01
8.343373493975860811e-01
4.849397590361448351e-01
1.882530120481924030e+00
1.325301204819275824e+00
1.009036144578317362e+00
1.421686746987951722e+00
9.096385542168690108e-01
7.740963855421654216e-01
2.126506024096386227e+00
7.921686746987930405e-01
6.204819277108413189e-01
5.240963855421654216e-01
6.566265060240965568e-01
4.367469879518068865e-01
9.909638554216897433e-01
3.825301204819240297e-01
2.051204819277110403e+00
9.638554216867447622e-01
9.668674698795172162e-01
4.096385542168690108e-01
7.349397590361448351e-01
1.343373493975903443e+00
7.740963855421654216e-01
1.250000000000000000e+00
2.469879518072346514e-01
7.831325301204827838e-01
1.400602409638551649e+00
9.156626506024068135e-01
6.536144578313241027e-01
7.650602409638551649e-01
1.527108433734937876e+00
6.596385542168690108e-01
1.000000000000000000e+00
1.674698795180724176e+00
1.298192771084337949e+00
1.219879518072289670e+00
9.066265060240965568e-01
5.120481927710827108e-01
1.246987951807227546e+00
5.150602409638551649e-01
8.945783132530138460e-01
1.756024096385544908e+00
7.319277108433723811e-01
1.743975903614455092e+00
8.795180722891586811e-01
1.096385542168675897e+00
7.951807228915654946e-01
9.246987951807241757e-01
7.590361445783102567e-01
5.722891566265033703e-01
1.039156626506027692e+00
1.225903614457834578e+00
4.427710843373446892e-01
8.734939759036137730e-01
1.183734939759034432e+00
1.204819277108434505e+00
1.391566265060241392e+00
1.162650602409641465e+00
8.614457831325310622e-01
6.596385542168690108e-01
6.686746987951792676e-01
1.186746987951806886e+00
7.439759036144550919e-01
8.012048192771104027e-01
2.030120481927710330e+00
2.409638554216897433e-01
1.240963855421682638e+00
3.343373493975931865e-01
1.280120481927710330e+00
2.021084337349400073e+00
7.138554216867447622e-01
1.003012048192772454e+00
4.578313253012069595e-01
6.897590361445793405e-01
7.831325301204756784e-01
1.433734939759041538e+00
1.530120481927717435e+00
2.680722891566205135e-01
2.521084337349392968e+00
1.262048192771089816e+00
1.421686746987951722e+00
5.903614457831309892e-01
6.506024096385587541e-01
1.123493975903613773e+00
6.987951807228895973e-01
5.692771084337309162e-01
1.105421686746993259e+00
4.879518072289172892e-01
4.638554216867447622e-01
8.885542168674689378e-01
1.457831325301206959e+00
8.614457831325310622e-01
1.271084337349400073e+00
4.728915662650621243e-01
5.210843373493929676e-01
6.144578313253035162e-01
1.448795180722889597e+00
1.358433734939758608e+00
8.162650602409655676e-01
9.397590361445793405e-01
1.581325301204820732e+00
1.204819277108434505e+00
9.487951807228895973e-01
1.159638554216869011e+00
1.746987951807241757e-01
4.518072289156620513e-01
1.219879518072289670e+00
7.409638554216826378e-01
7.981927710843379487e-01
7.500000000000000000e-01
1.159638554216869011e+00
7.560240963855449081e-01
3.674698795180759703e-01
6.144578313253035162e-01
1.307228915662648205e+00
4.698795180722825648e-01
7.138554216867447622e-01
1.210843373493979414e+00
5.542168674698757513e-01
1.445783132530124249e+00
3.855421686746964838e-01
1.689759036144579341e+00
1.009036144578310257e+00
1.084337349397593186e+00
9.548192771084274000e-01
1.382530120481931135e+00
2.060240963855420659e+00
1.123493975903613773e+00
8.373493975903585351e-01
1.789156626506027692e+00
8.192771084337309162e-01
7.409638554216897433e-01
1.168674698795179268e+00
1.087349397590358535e+00
7.831325301204827838e-01
1.397590361445786300e+00
9.638554216867447622e-01
1.469879518072289670e+00
5.572289156626482054e-01
9.698795180722896703e-01
1.605421686746986154e+00
1.427710843373496630e+00
1.412650602409641465e+00
1.069277108433738022e+00
2.400602409638551649e+00
6.536144578313241027e-01
9.216867469879517216e-01
4.216867469879517216e-01
1.484939759036144835e+00
1.397590361445786300e+00
6.355421686746964838e-01
5.572289156626482054e-01
1.704819277108434505e+00
9.186746987951792676e-01
8.524096385542137000e-01
9.036144578313241027e-01
1.003012048192772454e+00
6.325301204819311351e-01
6.536144578313241027e-01
8.373493975903585351e-01
7.108433734939794135e-01
9.638554216867447622e-01
1.753012048192772454e+00
2.259036144578274730e-01
8.343373493975931865e-01
6.174698795180759703e-01
1.400602409638551649e+00
8.343373493975931865e-01
1.421686746987951722e+00
1.286144578313255238e+00
5.301204819277103297e-01
1.156626506024096557e+00
9.698795180722896703e-01
1.647590361445786300e+00
1.006024096385544908e+00
9.367469879518068865e-01
1.424698795180724176e+00
1.283132530120482784e+00
6.506024096385516486e-01
6.024096385542208054e-01
1.530120481927710330e+00
5.210843373494000730e-01
9.578313253011998540e-01
9.819277108433723811e-01
1.228915662650599927e+00
6.686746987951792676e-01
1.084337349397586081e-01
5.662650602409584621e-01
9.728915662650621243e-01
1.126506024096386227e+00
8.403614457831309892e-01
1.900602409638558754e+00
4.307228915662619784e-01
6.927710843373446892e-01
1.201807228915669157e+00
1.186746987951813992e+00
1.445783132530138460e-01
1.234939759036137730e+00
1.575301204819275824e+00
9.337349397590344324e-01
1.135542168674703589e+00
1.250000000000000000e+00
8.222891566265104757e-01
9.036144578313241027e-01
1.870481927710841319e+00
9.156626506024139189e-01
9.126506024096414649e-01
7.680722891566276189e-01
8.283132530120482784e-01
4.457831325301242487e-01
7.951807228915654946e-01
9.186746987951792676e-01
2.891566265060276919e-01
4.337349397590344324e-01
2.222891566265062124e+00
4.939759036144550919e-01
1.195783132530124249e+00
3.915662650602342865e-01
2.530120481927724541e-01
7.500000000000000000e-01
1.364457831325303516e+00
6.746987951807241757e-01
8.463855421686758973e-01
6.807228915662690838e-01
3.162650602409655676e-01
8.524096385542137000e-01
1.253012048192772454e+00
5.572289156626482054e-01
3.554216867469932595e-01
9.638554216867447622e-01
1.358433734939758608e+00
