1.256024096385544908e+00
4.909638554216861905e-01
6.536144578313241027e-01
2.650602409638551649e-01
5.000000000000000000e-01
1.759036144578313809e+00
3.466867469879517216e+00
1.286144578313251685e+00
4.759036144578310257e-01
8.885542168674689378e-01
5.240963855421689743e-01
1.117469879518072418e+00
9.578313253012069595e-01
3.099397590361444799e+00
4.174698795180724176e+00
7.620481927710827108e-01
3.554216867469897068e-01
1.102409638554213700e+00
1.000000000000000000e+00
1.009036144578313809e+00
3.192771084337344689e-01
1.060240963855420659e+00
4.307228915662655311e-01
1.069277108433734469e+00
2.831325301204827838e-01
1.704819277108430953e+00
8.313253012048207324e-01
8.403614457831309892e-01
1.192771084337351795e+00
1.460843373493975861e+00
9.126506024096379122e-01
5.963855421686758973e-01
7.078313253012034068e-01
4.819277108433723811e-01
8.765060240963862270e-01
8.674698795180724176e-01
6.626506024096379122e-01
1.262048192771082711e+00
4.156626506024103662e-01
1.614457831325299964e+00
1.126506024096386227e+00
7.018072289156620513e-01
7.620481927710862635e-01
1.039156626506024139e+00
5.090361445783138095e-01
1.337349397590362088e+00
7.168674698795172162e-01
6.957831325301206959e-01
3.768072289156627619e+00
3.054216867469879304e+00
1.099397590361444799e+00
1.132530120481927582e+00
1.478915662650603480e+00
1.777108433734966297e-01
4.427710843373482419e-01
4.789156626506034797e-01
8.463855421686723446e-01
5.271084337349414284e-01
6.385542168674689378e-01
3.162650602409620149e-01
6.536144578313276554e-01
1.222891566265058572e+00
3.072289156626517581e-01
9.126506024096379122e-01
6.475903614457827473e-01
1.099397590361444799e+00
1.439759036144579341e+00
2.674698795180724176e+00
1.271084337349396520e+00
7.319277108433723811e-01
1.397590361445782747e+00
1.292168674698796593e+00
8.765060240963862270e-01
1.039156626506024139e+00
4.668674698795172162e-01
7.560240963855449081e-01
2.024096385542168974e+00
8.253012048192758243e-01
1.906626506024096557e+00
1.424698795180720623e+00
7.650602409638551649e-01
3.253012048192793770e-01
6.144578313252999635e-01
9.337349397590379851e-01
8.915662650602413919e-01
2.680722891566240662e-01
7.469879518072310987e-01
1.180722891566265531e+00
5.783132530120482784e-01
1.018072289156627619e+00
9.487951807228895973e-01
1.246987951807227546e+00
2.849397590361448351e+00
1.087349397590362088e+00
1.159638554216869011e+00
1.117469879518072418e+00
2.731927710843372381e+00
6.144578313252999635e-01
2.159638554216869011e+00
2.780120481927710330e+00
6.867469879518068865e-01
1.421686746987951722e+00
2.524096385542168974e+00
1.340361445783130989e+00
1.611445783132531062e+00
8.192771084337344689e-01
1.382530120481927582e+00
8.433734939759034432e-01
7.469879518072310987e-01
1.536144578313251685e+00
1.280120481927710330e+00
3.945783132530102932e-01
1.584337349397589634e+00
0.000000000000000000e+00
4.578313253012069595e-01
1.132530120481927582e+00
4.262048192771082711e+00
1.463855421686748315e+00
9.156626506024068135e-01
8.945783132530138460e-01
2.921686746987930405e-01
1.063253012048193114e+00
3.132530120481931135e-01
9.939759036144586446e-01
6.957831325301206959e-01
1.960843373493975861e+00
3.141566265060241392e+00
7.530120481927689013e-01
4.126506024096414649e-01
2.259036144578310257e-01
5.933734939759034432e-01
9.307228915662655311e-01
8.343373493975931865e-01
4.066265060240965568e-01
1.334337349397589634e+00
9.849397590361448351e-01
1.623493975903613773e+00
1.596385542168675897e+00
1.286144578313251685e+00
1.147590361445782747e+00
1.560240963855420659e+00
4.608433734939758608e-01
6.114457831325310622e-01
6.445783132530138460e-01
1.204819277108430953e+00
6.987951807228895973e-01
7.831325301204827838e-01
2.108433734939758608e-01
7.168674698795172162e-01
4.849397590361448351e-01
1.243975903614458645e+00
9.759036144578310257e-01
8.765060240963826743e-01
7.590361445783138095e-01
7.921686746987965932e-01
3.795180722891586811e-01
6.686746987951792676e-01
4.548192771084345054e-01
1.463855421686744762e+00
1.503012048192768901e+00
1.243975903614458645e+00
1.506024096385552014e-01
9.156626506024103662e-01
6.626506024096379122e-01
5.843373493975931865e-01
2.048192771084309527e-01
4.578313253012069595e-01
7.981927710843379487e-01
3.734939759036137730e-01
1.126506024096386227e+00
7.319277108433723811e-01
1.243975903614458645e+00
9.307228915662619784e-01
2.183734939759037985e+00
1.322289156626506923e+00
1.153614457831324103e+00
5.090361445783138095e-01
4.156626506024103662e-01
7.680722891566240662e-01
4.006024096385552014e-01
7.198795180722896703e-01
7.620481927710827108e-01
1.012048192771086264e+00
2.078313253012034068e-01
6.927710843373517946e-01
5.481927710843343959e-01
5.692771084337380216e-01
5.512048192771068500e-01
6.084337349397621608e-01
6.987951807228895973e-01
3.132530120481931135e-01
1.656626506024103662e-01
5.963855421686758973e-01
6.536144578313241027e-01
1.042168674698796593e+00
6.325301204819311351e-02
9.819277108433723811e-01
3.192771084337344689e-01
5.783132530120482784e-01
5.090361445783138095e-01
1.807228915662655311e-01
9.608433734939758608e-01
7.259036144578310257e-01
1.144578313253010293e+00
5.813253012048207324e-01
1.102409638554217253e+00
7.289156626506034797e-01
8.283132530120447257e-01
2.879518072289158681e+00
2.891566265060241392e+00
8.945783132530102932e-01
2.379518072289172892e-01
8.162650602409620149e-01
7.379518072289172892e-01
6.054216867469861540e-01
1.039156626506024139e+00
2.319277108433759338e-01
2.560240963855413554e-01
9.337349397590344324e-01
3.795180722891586811e-01
8.975903614457827473e-01
8.343373493975896338e-01
1.189759036144579341e+00
1.536144578313251685e+00
1.996987951807227546e+00
1.972891566265058572e+00
9.397590361445793405e-01
1.111445783132531062e+00
3.283132530120482784e-01
8.915662650602378392e-01
3.825301204819275824e-01
6.987951807228895973e-01
6.415662650602413919e-01
8.343373493975896338e-01
9.879518072289172892e-01
1.469879518072289670e+00
7.590361445783138095e-01
5.783132530120482784e-01
8.132530120481931135e-01
2.945783132530120696e+00
5.301204819277103297e-01
2.638554216867468938e+00
1.834337349397589634e+00
3.409638554216869011e+00
1.126506024096386227e+00
1.909638554216865458e+00
8.915662650602413919e-01
5.240963855421689743e-01
8.614457831325310622e-01
8.162650602409655676e-01
5.120481927710862635e-01
1.246987951807227546e+00
3.039156626506024139e+00
1.493975903614455092e+00
9.216867469879552743e-01
8.463855421686723446e-01
2.620481927710862635e-01
1.108433734939758608e+00
4.849397590361448351e-01
2.638554216867468938e+00
1.436746987951806886e+00
7.771084337349414284e-01
5.150602409638551649e-01
3.704819277108413189e-01
4.608433734939758608e-01
2.560240963855413554e-01
8.493975903614483514e-01
9.668674698795172162e-01
8.102409638554206595e-01
7.259036144578310257e-01
1.460843373493975861e+00
5.421686746987930405e-01
1.656626506024096557e+00
1.554216867469879304e+00
9.969879518072310987e-01
1.792168674698793041e+00
6.204819277108448716e-01
3.644578313252999635e-01
5.421686746987965932e-01
4.728915662650585716e-01
5.512048192771068500e-01
9.277108433734966297e-01
3.403614457831309892e-01
1.656626506024103662e-01
1.840361445783130989e+00
8.313253012048207324e-01
1.210843373493975861e+00
1.861445783132531062e+00
7.620481927710827108e-01
8.283132530120482784e-01
6.325301204819275824e-01
2.319277108433759338e-01
8.493975903614447986e-01
1.021084337349400073e+00
4.789156626505999270e-01
1.231927710843375934e+00
9.698795180722896703e-01
3.825301204819275824e-01
6.626506024096379122e-01
1.641566265060241392e+00
5.451807228915654946e-01
1.629518072289155128e+00
2.018072289156620513e-01
6.475903614457827473e-01
7.861445783132552378e-01
1.289156626506024139e+00
1.490963855421686191e+00
1.222891566265058572e+00
3.403614457831345419e-01
9.969879518072275459e-01
8.855421686747000365e-01
7.740963855421654216e-01
1.183734939759037985e+00
3.524096385542172527e-01
1.316265060240962015e+00
1.135542168674700036e+00
1.810240963855420659e+00
5.301204819277103297e-01
1.262048192771082711e+00
4.728915662650621243e-01
5.361445783132516851e-01
9.066265060240965568e-01
1.331325301204820732e+00
9.096385542168690108e-01
1.783132530120482784e+00
8.644578313252999635e-01
6.807228915662655311e-01
6.204819277108413189e-01
3.096385542168675897e+00
1.837349397590379851e-01
4.216867469879517216e-01
7.349397590361448351e-01
8.403614457831309892e-01
1.569277108433734469e+00
1.506024096385541355e+00
1.358433734939758608e+00
9.548192771084345054e-01
6.325301204819275824e-01
5.963855421686758973e-01
1.367469879518072418e+00
1.003012048192772454e+00
1.463855421686744762e+00
1.659638554216869011e+00
1.066265060240962015e+00
1.210843373493975861e+00
4.337349397590379851e-01
9.337349397590344324e-01
3.611445783132531062e+00
1.280120481927710330e+00
5.722891566265069230e-01
5.933734939759034432e-01
1.003012048192768901e+00
8.072289156626517581e-01
1.054216867469879304e+00
1.933734939759034432e+00
5.993975903614447986e-01
1.009036144578313809e+00
2.319277108433723811e-01
4.397590361445793405e-01
3.795180722891551284e-01
8.885542168674724905e-01
9.006024096385552014e-01
7.680722891566276189e-01
1.888554216867468938e+00
9.126506024096379122e-01
1.024096385542168974e+00
7.409638554216861905e-01
4.969879518072310987e-01
2.376506024096382674e+00
8.493975903614483514e-01
9.608433734939758608e-01
8.222891566265069230e-01
1.403614457831324103e+00
9.006024096385552014e-01
3.734939759036137730e-01
7.560240963855413554e-01
1.084337349397589634e+00
2.075301204819279377e+00
1.801204819277106850e+00
5.722891566265069230e-01
8.825301204819275824e-01
1.111445783132531062e+00
6.686746987951792676e-01
7.620481927710827108e-01
8.132530120481931135e-01
1.539156626506024139e+00
1.774096385542168974e+00
2.740963855421689743e-01
9.277108433734930770e-01
1.138554216867468938e+00
5.542168674698793041e-01
1.358433734939758608e+00
1.454819277108430953e+00
9.969879518072310987e-01
5.903614457831309892e-01
5.090361445783138095e-01
6.114457831325310622e-01
8.463855421686723446e-01
1.409638554216869011e+00
8.524096385542172527e-01
8.915662650602413919e-01
1.460843373493975861e+00
6.957831325301206959e-01
1.451807228915662051e+00
2.560240963855449081e-01
1.024096385542168974e+00
1.081325301204820732e+00
1.882530120481927582e+00
7.289156626505999270e-01
1.129518072289158681e+00
7.409638554216861905e-01
1.129518072289155128e+00
6.626506024096379122e-01
1.418674698795182820e+00
2.394578313253010293e+00
7.198795180722896703e-01
5.632530120481931135e-01
5.722891566265033703e-01
1.662650602409641465e+00
1.072289156626506923e+00
1.391566265060241392e+00
1.623493975903613773e+00
1.256024096385541355e+00
2.228915662650585716e-01
6.084337349397586081e-01
3.042168674698828568e-01
6.807228915662619784e-01
1.018072289156627619e+00
9.246987951807241757e-01
6.957831325301206959e-01
3.343373493975896338e-01
1.150602409638555201e+00
3.704819277108413189e-01
1.445783132530120696e+00
5.722891566265033703e-01
1.060240963855424212e+00
2.045180722891565495e+00
7.319277108433723811e-01
9.337349397590379851e-01
1.472891566265058572e+00
7.680722891566240662e-01
8.704819277108448716e-01
3.072289156626517581e-01
1.987951807228895973e-01
1.439759036144579341e+00
8.704819277108448716e-01
9.307228915662655311e-01
9.307228915662655311e-01
1.421686746987951722e+00
6.355421686747000365e-01
1.623493975903613773e+00
3.632530120481927582e+00
1.560240963855420659e+00
1.551204819277110403e+00
3.795180722891586811e-01
3.072289156626517581e-01
6.385542168674689378e-01
1.415662650602410366e+00
8.493975903614447986e-01
8.734939759036173257e-01
3.584337349397586081e-01
1.093373493975903443e+00
4.397590361445757878e-01
8.765060240963862270e-01
1.159638554216869011e+00
4.698795180722896703e-01
5.783132530120482784e-01
1.641566265060241392e+00
6.746987951807241757e-01
4.638554216867483149e-01
4.909638554216861905e-01
5.542168674698793041e-01
9.156626506024103662e-01
1.201807228915662051e+00
1.259036144578310257e+00
1.120481927710844872e+00
1.849397590361444799e+00
1.036144578313251685e+00
1.207831325301206959e+00
4.608433734939758608e-01
1.442771084337348242e+00
7.740963855421689743e-01
1.379518072289155128e+00
1.933734939759037985e+00
1.894578313253010293e+00
1.036144578313251685e+00
7.590361445783138095e-01
1.879518072289158681e+00
6.174698795180724176e-01
4.789156626505999270e-01
7.319277108433759338e-01
4.487951807228895973e-01
2.951807228915654946e-01
3.855421686747000365e-01
2.379518072289172892e-01
4.126506024096379122e-01
6.084337349397586081e-01
1.506024096385541355e+00
6.927710843373482419e-01
1.593373493975903443e+00
1.575301204819279377e+00
1.156626506024096557e+00
3.313253012048207324e-01
5.000000000000000000e-01
4.578313253012034068e-01
3.825301204819275824e-01
1.135542168674700036e+00
6.957831325301206959e-01
3.493975903614447986e-01
7.228915662650585716e-01
2.650602409638551649e-01
9.337349397590344324e-01
6.716867469879517216e-01
7.289156626506034797e-01
7.500000000000000000e-01
3.072289156626517581e-01
5.963855421686758973e-01
1.328313253012048278e+00
5.150602409638551649e-01
7.439759036144586446e-01
8.283132530120482784e-01
4.337349397590344324e-01
6.656626506024103662e-01
5.512048192771104027e-01
1.385542168674700036e+00
1.135542168674696484e+00
7.108433734939758608e-01
7.831325301204827838e-01
1.807228915662655311e-01
1.316265060240962015e+00
8.945783132530138460e-01
1.725903614457831026e+00
2.894578313253010293e+00
1.102409638554213700e+00
3.825301204819275824e-01
8.584337349397621608e-01
5.783132530120482784e-01
3.554216867469897068e-01
1.054216867469879304e+00
5.602409638554206595e-01
8.343373493975896338e-01
7.228915662650621243e-01
8.162650602409620149e-01
1.084337349397593186e+00
1.698795180722893150e+00
6.957831325301206959e-01
8.493975903614447986e-01
5.120481927710827108e-01
3.463855421686758973e-01
4.909638554216861905e-01
8.765060240963862270e-01
2.138554216867447622e-01
1.087349397590362088e+00
4.728915662650585716e-01
3.704819277108448716e-01
9.156626506024103662e-01
4.487951807228895973e-01
1.015060240963855165e+00
6.656626506024103662e-01
1.207831325301206959e+00
5.361445783132516851e-01
3.162650602409655676e-01
1.271084337349396520e+00
1.006024096385544908e+00
8.734939759035853513e-02
9.698795180722896703e-01
0.000000000000000000e+00
5.240963855421689743e-01
5.873493975903620878e-01
1.987951807228931500e-01
5.331325301204792311e-01
8.222891566265069230e-01
5.873493975903620878e-01
2.054216867469879304e+00
4.457831325301206959e-01
7.831325301204827838e-02
1.126506024096386227e+00
7.289156626505999270e-01
5.572289156626517581e-01
4.518072289156656041e-01
9.487951807228895973e-01
1.189759036144579341e+00
1.048192771084337949e+00
7.620481927710827108e-01
2.259036144578310257e-01
6.957831325301206959e-01
1.301204819277106850e+00
3.283132530120482784e-01
2.051204819277106850e+00
1.024096385542168974e+00
1.957831325301206959e-01
7.740963855421689743e-01
5.301204819277103297e-01
7.018072289156620513e-01
1.355421686746989707e+00
2.198795180722861176e-01
5.512048192771104027e-01
5.210843373494000730e-01
1.280120481927710330e+00
1.153614457831324103e+00
9.487951807228931500e-01
2.012048192771082711e+00
6.024096385542172527e-01
3.253012048192793770e-01
5.000000000000000000e-01
5.481927710843343959e-01
8.524096385542172527e-01
1.219879518072289670e+00
1.099397590361444799e+00
3.373493975903620878e-01
1.394578313253010293e+00
6.054216867469897068e-01
6.927710843373482419e-01
1.138554216867468938e+00
2.786144578313255238e+00
1.518072289156627619e+00
5.210843373493965203e-01
1.406626506024096557e+00
3.072289156626517581e-01
1.674698795180720623e+00
6.837349397590379851e-01
1.695783132530120696e+00
9.819277108433723811e-01
8.674698795180724176e-01
1.792168674698796593e+00
9.397590361445757878e-01
6.536144578313276554e-01
6.204819277108413189e-01
8.674698795180724176e-01
1.376506024096386227e+00
5.481927710843379487e-01
8.132530120481895608e-01
7.228915662650585716e-01
5.120481927710827108e-01
0.000000000000000000e+00
5.572289156626517581e-01
1.325301204819275824e+00
6.265060240963862270e-01
5.873493975903620878e-01
1.012048192771082711e+00
3.192771084337344689e-01
1.045180722891565495e+00
1.204819277108448716e-01
2.262048192771082711e+00
8.644578313253035162e-01
5.060240963855413554e-01
4.608433734939758608e-01
9.939759036144586446e-01
3.674698795180724176e-01
8.674698795180724176e-01
8.403614457831309892e-01
2.861445783132516851e-01
6.566265060240965568e-01
3.614457831325310622e-01
6.475903614457827473e-01
9.518072289156620513e-01
7.981927710843379487e-01
1.554216867469879304e+00
5.632530120481931135e-01
5.271084337349378757e-01
3.072289156626517581e-01
2.054216867469879304e+00
1.484939759036144835e+00
3.373493975903620878e-01
3.132530120481927582e+00
3.346385542168675897e+00
7.409638554216861905e-01
7.289156626506034797e-01
6.265060240963862270e-01
7.198795180722896703e-01
5.662650602409620149e-01
1.009036144578313809e+00
5.692771084337344689e-01
1.189759036144579341e+00
7.861445783132516851e-01
1.195783132530120696e+00
9.879518072289137365e-01
7.680722891566240662e-01
9.427710843373517946e-01
1.304216867469879304e+00
8.975903614457827473e-01
6.234939759036173257e-01
5.090361445783138095e-01
5.000000000000000000e-01
2.771084337349414284e-01
7.530120481927689013e-01
7.921686746987965932e-01
6.325301204819275824e-01
1.111445783132527509e+00
5.120481927710862635e-01
7.409638554216861905e-01
5.662650602409620149e-01
7.379518072289172892e-01
4.578313253012034068e-01
4.397590361445793405e-01
5.301204819277103297e-01
7.259036144578310257e-01
2.030120481927713882e+00
1.144578313253010293e+00
4.096385542168690108e-01
4.759036144578310257e-01
5.843373493975896338e-01
1.141566265060241392e+00
2.045180722891565495e+00
0.000000000000000000e+00
1.608433734939758608e+00
3.222891566265069230e-01
2.783132530120482784e+00
9.608433734939758608e-01
2.710843373493965203e-01
5.271084337349378757e-01
1.003012048192772454e+00
1.828313253012048278e+00
3.493975903614447986e-01
1.454819277108434505e+00
8.704819277108448716e-01
4.939759036144586446e-01
1.114457831325275095e-01
1.072289156626506923e+00
1.457831325301203407e+00
8.313253012048207324e-01
6.415662650602413919e-01
9.969879518072275459e-01
1.527108433734937876e+00
9.819277108433759338e-01
6.054216867469861540e-01
9.939759036144586446e-01
6.927710843373517946e-01
7.168674698795172162e-01
2.530120481927689013e-01
6.325301204819275824e-01
3.313253012048207324e-01
1.328313253012048278e+00
1.216867469879517216e+00
2.228915662650603480e+00
1.774096385542168974e+00
6.355421686747000365e-01
7.108433734939758608e-01
7.168674698795172162e-01
2.138554216867472491e+00
5.993975903614447986e-01
9.728915662650621243e-01
7.319277108433723811e-01
9.277108433734966297e-01
2.009036144578313809e+00
8.222891566265069230e-01
8.945783132530102932e-01
3.945783132530138460e-01
8.072289156626482054e-01
1.108433734939758608e+00
1.927710843373482419e-01
9.126506024096379122e-01
1.126506024096386227e+00
7.771084337349414284e-01
8.162650602409655676e-01
1.987951807228913736e+00
9.879518072289172892e-01
8.674698795180724176e-01
1.530120481927710330e+00
1.186746987951806886e+00
2.379518072289137365e-01
1.120481927710844872e+00
9.307228915662655311e-01
9.849397590361448351e-01
1.271084337349396520e+00
6.295180722891551284e-01
5.963855421686758973e-01
1.798192771084337949e+00
1.174698795180720623e+00
6.656626506024103662e-01
1.295180722891565495e+00
2.057228915662651758e+00
5.993975903614447986e-01
1.777108433734930770e-01
5.391566265060241392e-01
1.195783132530120696e+00
1.626506024096379122e-01
3.704819277108448716e-01
3.825301204819275824e-01
2.021084337349396520e+00
3.885542168674724905e-01
4.427710843373482419e-01
1.710843373493975861e+00
4.427710843373517946e-01
7.198795180722896703e-01
1.436746987951806886e+00
2.280120481927710330e+00
1.006024096385544908e+00
1.240963855421686191e+00
7.620481927710827108e-01
4.337349397590344324e-01
9.909638554216897433e-01
3.072289156626482054e-01
4.969879518072310987e-01
1.487951807228913736e+00
1.560240963855420659e+00
1.506024096385541355e+00
1.370481927710844872e+00
1.307228915662651758e+00
5.602409638554206595e-01
6.566265060240965568e-01
1.328313253012048278e+00
9.216867469879517216e-01
1.174698795180724176e+00
1.268072289156627619e+00
1.834337349397589634e+00
1.506024096385541355e+00
5.843373493975896338e-01
1.237951807228917289e+00
1.051204819277106850e+00
4.638554216867483149e-01
6.686746987951792676e-01
1.108433734939758608e+00
4.096385542168654581e-01
1.042168674698796593e+00
9.006024096385552014e-01
8.554216867469897068e-01
1.385542168674696484e+00
1.460843373493975861e+00
1.957831325301206959e-01
9.006024096385516486e-01
6.596385542168690108e-01
1.246987951807227546e+00
7.319277108433723811e-01
8.915662650602413919e-01
1.054216867469879304e+00
9.638554216867447622e-01
6.656626506024103662e-01
8.734939759036137730e-01
4.969879518072275459e-01
1.692771084337351795e+00
8.463855421686758973e-01
5.271084337349378757e-01
9.186746987951828203e-01
5.000000000000000000e-01
9.186746987951792676e-01
6.385542168674724905e-01
9.759036144578310257e-01
6.325301204819275824e-01
8.975903614457827473e-01
1.346385542168675897e+00
6.084337349397586081e-01
1.756024096385544908e+00
1.153614457831324103e+00
1.743975903614458645e+00
1.334337349397589634e+00
8.795180722891551284e-01
1.515060240963858718e+00
6.626506024096379122e-01
1.810240963855424212e+00
6.295180722891551284e-01
1.084337349397589634e+00
1.545180722891565495e+00
8.554216867469897068e-01
1.099397590361444799e+00
7.138554216867483149e-01
1.018072289156624066e+00
1.527108433734941428e+00
1.496987951807231099e+00
9.156626506024103662e-01
9.337349397590344324e-01
2.334337349397593186e+00
1.870481927710841319e+00
1.539156626506024139e+00
4.277108433734930770e-01
1.042168674698796593e+00
1.813253012048193114e+00
2.066265060240965568e+00
0.000000000000000000e+00
6.445783132530138460e-01
1.310240963855420659e+00
8.343373493975896338e-01
2.138554216867483149e-01
1.018072289156624066e+00
2.710843373494000730e-01
1.165662650602410366e+00
9.487951807228895973e-01
1.057228915662651758e+00
5.240963855421689743e-01
3.186746987951810439e+00
5.090361445783138095e-01
1.885542168674700036e+00
2.439759036144550919e-01
1.415662650602410366e+00
1.174698795180724176e+00
8.945783132530102932e-01
1.605421686746989707e+00
1.198795180722889597e+00
1.093373493975903443e+00
6.234939759036137730e-01
3.373493975903620878e-01
5.391566265060241392e-01
8.825301204819275824e-01
7.981927710843379487e-01
4.728915662650585716e-01
9.789156626506034797e-01
8.373493975903620878e-01
8.403614457831309892e-01
9.156626506024103662e-01
5.542168674698793041e-01
1.454819277108434505e+00
3.945783132530138460e-01
4.066265060240965568e-01
8.343373493975896338e-01
8.403614457831309892e-01
9.397590361445793405e-01
8.253012048192758243e-01
5.963855421686758973e-01
7.981927710843379487e-01
6.867469879518068865e-01
1.376506024096386227e+00
9.728915662650621243e-01
1.102409638554213700e+00
1.030120481927710330e+00
9.457831325301206959e-01
4.668674698795172162e-01
1.530120481927710330e+00
2.289156626505999270e-01
7.048192771084345054e-01
1.234939759036144835e+00
5.180722891566240662e-01
1.216867469879520769e+00
7.650602409638551649e-01
6.415662650602413919e-01
1.093373493975903443e+00
4.578313253012069595e-01
6.174698795180724176e-01
8.313253012048207324e-01
3.072289156626482054e-01
9.156626506024103662e-01
9.066265060240965568e-01
1.506024096385544908e+00
2.951807228915654946e-01
6.024096385542172527e-01
1.228915662650603480e+00
2.150602409638551649e+00
3.918674698795182820e+00
2.379518072289172892e-01
1.674698795180720623e+00
1.768072289156627619e+00
6.174698795180724176e-01
9.487951807228931500e-01
1.123493975903613773e+00
2.891566265060241392e-01
7.289156626506034797e-01
6.385542168674689378e-01
7.108433734939758608e-01
1.024096385542168974e+00
2.421686746987951722e+00
9.638554216867447622e-01
1.457831325301206959e+00
1.198795180722889597e+00
1.719879518072289670e+00
1.539156626506024139e+00
9.006024096385516486e-01
8.403614457831345419e-01
1.183734939759034432e+00
5.120481927710862635e-01
1.228915662650599927e+00
1.364457831325299964e+00
6.265060240963862270e-01
1.740963855421686191e+00
1.436746987951806886e+00
2.951807228915662051e+00
2.078313253012048278e+00
1.207831325301206959e+00
7.831325301204792311e-01
6.927710843373482419e-01
8.433734939759034432e-01
9.939759036144586446e-01
8.253012048192758243e-01
8.674698795180724176e-01
3.891566265060241392e+00
9.216867469879517216e-01
7.921686746987930405e-01
1.325301204819275824e-01
4.759036144578310257e-01
1.250000000000000000e+00
4.036144578313276554e-01
2.021084337349396520e+00
1.192771084337348242e+00
7.831325301204827838e-01
2.611445783132531062e+00
1.289156626506024139e+00
2.852409638554213700e+00
1.180722891566265531e+00
1.635542168674700036e+00
0.000000000000000000e+00
1.093373493975903443e+00
2.292168674698796593e+00
8.042168674698793041e-01
7.469879518072275459e-01
7.078313253012034068e-01
1.373493975903613773e+00
1.237951807228913736e+00
2.602409638554217253e+00
9.156626506024103662e-01
1.716867469879517216e+00
7.379518072289137365e-01
1.391566265060241392e+00
1.111445783132531062e+00
1.834337349397589634e+00
5.210843373494000730e-01
1.536144578313251685e+00
1.942771084337351795e+00
1.560240963855420659e+00
