1.451807228915662051e+00
7.530120481927582432e-02
4.246987951807241757e-01
1.222891566265058572e+00
1.042168674698793041e+00
7.710843373494000730e-01
5.301204819277103297e-01
7.530120481927689013e-01
9.518072289156656041e-01
4.307228915662619784e-01
3.855421686747000365e-01
3.253012048192758243e-01
5.391566265060241392e-01
6.897590361445793405e-01
4.367469879518068865e-01
3.373493975903620878e-01
6.024096385542172527e-01
6.927710843373482419e-01
3.042168674698793041e-01
1.084337349397589634e+00
4.789156626506034797e-01
7.831325301204827838e-01
1.337349397590362088e+00
4.969879518072275459e-01
9.608433734939758608e-01
1.620481927710841319e+00
1.237951807228913736e+00
8.253012048192793770e-01
6.566265060240965568e-01
1.644578313253013846e+00
2.469879518072310987e-01
9.006024096385552014e-01
1.213855421686744762e+00
4.548192771084309527e-01
3.644578313252999635e-01
1.159638554216869011e+00
6.325301204819275824e-01
5.813253012048207324e-01
1.156626506024096557e+00
4.879518072289137365e-01
7.469879518072310987e-01
5.572289156626482054e-01
3.584337349397586081e-01
3.644578313252999635e-01
1.045180722891569047e+00
1.060240963855420659e+00
7.289156626506034797e-01
7.289156626506034797e-01
8.433734939759034432e-01
2.039156626506024139e+00
8.162650602409620149e-01
2.560240963855413554e-01
7.048192771084345054e-01
8.433734939759034432e-01
5.361445783132516851e-01
6.475903614457827473e-01
4.216867469879659325e-02
1.213855421686744762e+00
6.144578313253035162e-01
4.427710843373482419e-01
3.102409638554206595e-01
1.192771084337351795e+00
1.171686746987951722e+00
3.795180722891551284e-01
5.391566265060241392e-01
8.313253012048207324e-01
1.662650602409641465e+00
4.397590361445757878e-01
2.981927710843379487e-01
1.442771084337351795e+00
5.000000000000000000e-01
1.231927710843372381e+00
4.337349397590344324e-01
2.831325301204792311e-01
7.680722891566276189e-01
4.367469879518068865e-01
1.105421686746989707e+00
1.159638554216869011e+00
9.337349397590379851e-01
1.379518072289155128e+00
1.466867469879517216e+00
7.861445783132516851e-01
6.084337349397586081e-01
3.554216867469897068e-01
1.240963855421686191e+00
9.246987951807241757e-01
1.265060240963855165e+00
1.346385542168672345e+00
9.096385542168690108e-01
9.006024096385516486e-01
8.102409638554242122e-01
3.554216867469861540e-01
1.635542168674696484e+00
1.301204819277110403e+00
5.030120481927724541e-01
4.126506024096379122e-01
3.975903614457863000e-01
1.186746987951806886e+00
6.204819277108413189e-01
4.506024096385541355e+00
9.216867469879517216e-01
8.162650602409655676e-01
7.981927710843343959e-01
5.903614457831345419e-01
8.313253012048171797e-01
8.042168674698793041e-01
5.993975903614483514e-01
1.400602409638551649e+00
5.331325301204827838e-01
6.656626506024103662e-01
1.304216867469879304e+00
1.265060240963862270e-01
1.117469879518072418e+00
1.795180722891569047e+00
1.704819277108430953e+00
8.825301204819275824e-01
3.614457831325310622e-01
1.090361445783130989e+00
4.397590361445793405e-01
1.039156626506024139e+00
6.987951807228931500e-01
6.867469879518068865e-01
2.771084337349378757e-01
1.192771084337351795e+00
7.620481927710827108e-01
7.198795180722896703e-01
8.072289156626517581e-01
1.189759036144579341e+00
7.861445783132516851e-01
1.301204819277110403e+00
8.614457831325310622e-01
5.632530120481931135e-01
6.867469879518068865e-01
6.927710843373482419e-01
1.879518072289155128e+00
1.427710843373493077e+00
8.524096385542172527e-01
5.030120481927724541e-01
8.012048192771068500e-01
8.614457831325310622e-01
9.789156626505999270e-01
1.617469879518072418e+00
9.006024096385552014e-01
1.653614457831327655e+00
2.530120481927689013e-01
1.394578313253013846e+00
7.198795180722861176e-01
1.006024096385544908e+00
4.427710843373482419e-01
7.078313253012069595e-01
5.632530120481931135e-01
1.135542168674696484e+00
1.015060240963858718e+00
2.650602409638551649e-01
6.656626506024103662e-01
4.909638554216861905e-01
5.572289156626482054e-01
1.153614457831324103e+00
9.638554216867483149e-01
2.981927710843379487e-01
9.066265060240965568e-01
7.891566265060241392e-01
3.825301204819275824e-01
7.108433734939758608e-01
7.379518072289172892e-01
4.156626506024068135e-01
5.873493975903620878e-01
6.897590361445793405e-01
9.969879518072275459e-01
1.334337349397589634e+00
1.006024096385541355e+00
4.367469879518068865e-01
5.451807228915690473e-01
1.003012048192768901e+00
5.391566265060241392e-01
6.174698795180724176e-01
3.765060240963862270e-01
1.819277108433734469e+00
4.879518072289172892e-01
6.204819277108448716e-01
1.165662650602410366e+00
8.012048192771068500e-01
1.490963855421686191e+00
6.566265060240965568e-01
1.352409638554217253e+00
7.108433734939758608e-01
6.415662650602413919e-01
1.277108433734937876e+00
2.771084337349414284e-01
1.289156626506024139e+00
7.921686746987930405e-01
9.006024096385552014e-01
6.897590361445793405e-01
1.837349397590344324e-01
6.596385542168690108e-01
1.012048192771082711e+00
9.668674698795172162e-01
1.626506024096386227e+00
7.319277108433759338e-01
1.039156626506024139e+00
5.210843373494000730e-01
1.129518072289155128e+00
1.545180722891569047e+00
9.668674698795172162e-01
1.015060240963855165e+00
2.771084337349414284e-01
5.271084337349378757e-01
1.614457831325299964e+00
1.153614457831324103e+00
8.162650602409655676e-01
7.650602409638551649e-01
6.746987951807241757e-01
2.620481927710827108e-01
9.638554216867483149e-01
6.656626506024103662e-01
1.310240963855420659e+00
6.897590361445793405e-01
8.313253012048171797e-01
7.439759036144586446e-01
3.975903614457827473e-01
1.159638554216865458e+00
1.246987951807227546e+00
1.159638554216869011e+00
9.337349397590379851e-01
5.060240963855413554e-01
8.162650602409655676e-01
9.578313253012034068e-01
8.584337349397621608e-01
1.310240963855420659e+00
1.271084337349396520e+00
2.177710843373493077e+00
1.635542168674700036e+00
7.168674698795172162e-01
4.397590361445793405e-01
4.759036144578310257e-01
1.219879518072289670e+00
3.102409638554242122e-01
1.069277108433734469e+00
7.771084337349378757e-01
7.650602409638551649e-01
8.042168674698793041e-01
6.174698795180724176e-01
1.545180722891565495e+00
5.692771084337380216e-01
7.981927710843379487e-01
1.542168674698793041e+00
5.271084337349414284e-01
6.536144578313241027e-01
1.123493975903613773e+00
4.608433734939758608e-01
9.367469879518104392e-01
9.337349397590344324e-02
7.891566265060241392e-01
3.132530120481931135e-01
1.015060240963855165e+00
9.789156626506034797e-01
1.683734939759034432e+00
1.454819277108434505e+00
1.707831325301203407e+00
7.439759036144586446e-01
8.222891566265069230e-01
4.487951807228931500e-01
1.391566265060241392e+00
5.421686746987930405e-01
9.156626506024068135e-01
6.054216867469861540e-01
4.548192771084345054e-01
8.433734939759034432e-01
7.861445783132552378e-01
7.861445783132516851e-01
6.867469879518068865e-01
1.614457831325299964e+00
1.304216867469882857e+00
3.885542168674689378e-01
9.066265060240965568e-01
4.367469879518068865e-01
1.219879518072286118e+00
6.777108433734930770e-01
9.849397590361448351e-01
3.072289156626517581e-01
3.195783132530120696e+00
1.771084337349400073e+00
1.295180722891569047e+00
8.192771084337344689e-01
1.237951807228917289e+00
3.765060240963826743e-01
2.608433734939758608e+00
2.268072289156624066e+00
2.683734939759034432e+00
4.548192771084345054e-01
1.039156626506024139e+00
7.500000000000000000e-01
9.548192771084345054e-01
6.325301204819275824e-01
5.301204819277103297e-01
5.240963855421689743e-01
1.030120481927710330e+00
9.969879518072310987e-01
1.162650602409637912e+00
6.174698795180724176e-01
4.728915662650621243e-01
2.599397590361444799e+00
1.009036144578313809e+00
5.060240963855413554e-01
8.373493975903620878e-01
6.746987951807206230e-01
1.843373493975903443e+00
1.370481927710844872e+00
3.915662650602413919e-01
7.951807228915654946e-01
1.421686746987951722e+00
2.111445783132531062e+00
1.780120481927710330e+00
1.554216867469879304e+00
8.644578313252999635e-01
6.054216867469861540e-01
1.111445783132531062e+00
1.195783132530120696e+00
9.969879518072275459e-01
5.993975903614447986e-01
1.605421686746989707e+00
4.277108433734930770e-01
1.262048192771086264e+00
1.222891566265062124e+00
1.081325301204817180e+00
8.554216867469861540e-01
1.846385542168675897e+00
6.716867469879517216e-01
1.665662650602406814e+00
9.819277108433723811e-01
3.614457831325310622e-01
2.804216867469879304e+00
3.734939759036137730e-01
2.198795180722889597e+00
5.180722891566276189e-01
1.698795180722893150e+00
1.102409638554217253e+00
1.012048192771086264e+00
8.734939759036137730e-01
3.403614457831309892e-01
1.183734939759034432e+00
1.512048192771086264e+00
1.629518072289155128e+00
1.822289156626506923e+00
1.132530120481927582e+00
1.036144578313251685e+00
8.674698795180724176e-01
8.463855421686758973e-01
6.234939759036137730e-01
9.578313253012034068e-01
4.457831325301206959e-01
3.975903614457827473e-01
1.496987951807231099e+00
2.951807228915654946e-01
6.415662650602413919e-01
5.301204819277103297e-01
7.319277108433723811e-01
3.343373493975931865e-01
1.337349397590358535e+00
8.885542168674724905e-01
1.939759036144579341e+00
7.078313253012034068e-01
9.668674698795207689e-01
8.102409638554206595e-01
1.783132530120482784e+00
1.138554216867468938e+00
1.027108433734937876e+00
1.078313253012048278e+00
1.063253012048193114e+00
1.325301204819275824e+00
1.981927710843375934e+00
4.548192771084345054e-01
7.048192771084309527e-01
1.337349397590362088e+00
1.274096385542168974e+00
8.855421686747000365e-01
1.283132530120479231e+00
7.650602409638551649e-01
1.183734939759037985e+00
5.692771084337344689e-01
8.554216867469861540e-01
1.415662650602410366e+00
1.367469879518072418e+00
1.307228915662651758e+00
1.246987951807227546e+00
1.228915662650603480e+00
4.939759036144586446e-01
8.042168674698793041e-01
6.626506024096379122e-01
1.009036144578313809e+00
2.469879518072275459e-01
1.069277108433734469e+00
2.228915662650621243e-01
6.415662650602378392e-01
1.427710843373496630e+00
4.186746987951828203e-01
9.457831325301171432e-01
6.265060240963862270e-01
1.337349397590362088e+00
5.150602409638551649e-01
1.147590361445782747e+00
9.457831325301206959e-01
6.084337349397586081e-01
1.216867469879517216e+00
5.963855421686758973e-01
1.277108433734937876e+00
1.030120481927710330e+00
9.096385542168690108e-01
8.584337349397586081e-01
1.283132530120482784e+00
1.268072289156627619e+00
1.183734939759034432e+00
1.355421686747000365e-01
1.114457831325299964e+00
1.575301204819275824e+00
4.216867469879517216e-01
8.373493975903620878e-01
2.530120481927724541e-01
9.939759036144586446e-01
5.481927710843379487e-01
6.234939759036137730e-01
2.650602409638551649e-01
7.560240963855413554e-01
6.024096385542172527e-01
1.099397590361444799e+00
4.156626506024103662e-01
6.596385542168654581e-01
2.379518072289172892e-01
9.096385542168654581e-01
5.060240963855449081e-01
8.855421686746964838e-01
9.969879518072310987e-01
2.704819277108434505e+00
3.403614457831345419e-01
1.066265060240962015e+00
1.301204819277106850e+00
7.289156626506034797e-01
9.457831325301206959e-01
1.454819277108430953e+00
2.966867469879517216e+00
1.626506024096386227e+00
1.948795180722893150e+00
1.957831325301203407e+00
8.795180722891586811e-01
9.698795180722861176e-01
1.126506024096386227e+00
4.487951807228931500e-01
1.090361445783134542e+00
9.367469879518068865e-01
5.662650602409620149e-01
5.542168674698793041e-01
1.015060240963855165e+00
5.843373493975896338e-01
5.421686746987965932e-01
1.563253012048193114e+00
1.370481927710844872e+00
6.295180722891551284e-01
1.150602409638555201e+00
1.081325301204817180e+00
4.638554216867483149e-01
7.349397590361448351e-01
1.759036144578313809e+00
1.042168674698796593e+00
1.548192771084337949e+00
1.283132530120482784e+00
7.409638554216861905e-01
2.015060240963855165e+00
7.891566265060241392e-01
7.289156626506034797e-01
8.222891566265069230e-01
9.156626506024103662e-01
3.253012048192758243e-01
4.246987951807241757e-01
5.602409638554206595e-01
6.084337349397586081e-01
1.009036144578313809e+00
1.159638554216865458e+00
1.418674698795179268e+00
3.704819277108448716e-01
1.493975903614458645e+00
5.301204819277103297e-01
8.945783132530138460e-01
1.231927710843372381e+00
4.608433734939758608e-01
1.536144578313251685e+00
9.578313253012034068e-01
1.975903614457831026e+00
5.421686746987965932e-01
8.855421686747000365e-01
2.225903614457831026e+00
1.283132530120482784e+00
9.427710843373482419e-01
7.018072289156620513e-01
2.307228915662651758e+00
7.018072289156620513e-01
7.921686746987965932e-01
8.463855421686758973e-01
6.144578313252999635e-01
1.515060240963855165e+00
1.915662650602410366e+00
1.054216867469882857e+00
1.457831325301203407e+00
1.364457831325299964e+00
1.250000000000000000e+00
1.090361445783130989e+00
7.891566265060241392e-01
9.277108433734930770e-01
1.382530120481927582e+00
1.063253012048193114e+00
7.138554216867483149e-01
1.069277108433734469e+00
1.222891566265058572e+00
5.993975903614447986e-01
5.180722891566276189e-01
2.385542168674700036e+00
1.957831325301206959e-01
7.680722891566240662e-01
6.475903614457863000e-01
1.126506024096382674e+00
1.132530120481927582e+00
5.783132530120482784e-01
2.439759036144586446e-01
1.662650602409637912e+00
4.939759036144586446e-01
1.512048192771082711e+00
7.590361445783138095e-01
6.566265060240965568e-01
1.189759036144575788e+00
1.364457831325303516e+00
1.307228915662651758e+00
9.939759036144586446e-01
4.427710843373482419e-01
9.548192771084345054e-01
1.099397590361444799e+00
1.240963855421686191e+00
5.481927710843379487e-01
3.162650602409655676e-01
6.897590361445757878e-01
1.057228915662651758e+00
5.542168674698793041e-01
4.608433734939758608e-01
1.322289156626503370e+00
5.542168674698828568e-01
8.734939759036137730e-01
6.897590361445793405e-01
6.746987951807241757e-01
1.084337349397589634e+00
7.740963855421689743e-01
7.981927710843379487e-01
8.222891566265069230e-01
5.632530120481895608e-01
1.388554216867468938e+00
8.072289156626482054e-01
7.680722891566276189e-01
1.240963855421686191e+00
8.975903614457827473e-01
1.403614457831327655e+00
1.234939759036144835e+00
2.198795180722896703e-01
5.963855421686758973e-01
8.343373493975896338e-01
7.108433734939758608e-01
1.376506024096382674e+00
6.325301204819275824e-01
7.530120481927689013e-01
5.481927710843379487e-01
1.858433734939758608e+00
9.216867469879517216e-01
6.144578313253035162e-01
1.222891566265058572e+00
2.834337349397589634e+00
1.373493975903613773e+00
4.819277108433759338e-01
1.614457831325303516e+00
1.120481927710841319e+00
4.759036144578310257e-01
1.349397590361444799e+00
1.192771084337351795e+00
1.198795180722889597e+00
1.024096385542168974e+00
5.391566265060241392e-01
9.668674698795172162e-01
1.524096385542168974e+00
1.168674698795179268e+00
2.349397590361448351e-01
6.536144578313241027e-01
9.156626506024103662e-01
5.421686746987965932e-01
1.527108433734937876e+00
1.231927710843372381e+00
1.310240963855420659e+00
2.195783132530120696e+00
7.891566265060241392e-01
1.268072289156627619e+00
3.253012048192758243e-01
1.870481927710844872e+00
1.331325301204817180e+00
1.460843373493975861e+00
4.638554216867483149e-01
8.102409638554206595e-01
2.620481927710862635e-01
1.207831325301203407e+00
1.201807228915662051e+00
5.632530120481931135e-01
1.743975903614458645e+00
1.768072289156627619e+00
1.165662650602410366e+00
1.063253012048193114e+00
6.054216867469861540e-01
3.222891566265033703e-01
1.054216867469879304e+00
1.927710843373517946e-01
1.783132530120482784e+00
5.120481927710862635e-01
1.129518072289155128e+00
6.867469879518104392e-01
3.855421686746964838e-01
6.656626506024103662e-01
8.102409638554206595e-01
2.500000000000000000e-01
4.367469879518068865e-01
5.512048192771104027e-01
8.524096385542137000e-01
4.397590361445793405e-01
1.225903614457831026e+00
6.566265060240965568e-01
1.000000000000000000e+00
1.373493975903613773e+00
1.081325301204820732e+00
8.524096385542172527e-01
7.831325301204827838e-01
1.322289156626503370e+00
1.319277108433734469e+00
1.509036144578313809e+00
1.454819277108434505e+00
9.939759036144550919e-01
1.171686746987951722e+00
5.451807228915654946e-01
5.060240963855449081e-01
7.018072289156620513e-01
2.843373493975903443e+00
8.433734939759034432e-01
1.593373493975903443e+00
1.117469879518072418e+00
1.030120481927710330e+00
4.397590361445793405e-01
9.337349397590379851e-01
5.180722891566240662e-01
3.012048192771104027e-01
9.939759036144586446e-01
3.162650602409620149e-01
1.753012048192772454e+00
1.957831325301206959e-01
7.981927710843379487e-01
7.228915662650621243e-01
3.222891566265033703e-01
7.168674698795207689e-01
3.795180722891551284e-01
1.066265060240965568e+00
7.289156626506034797e-01
9.789156626505999270e-01
1.379518072289155128e+00
9.246987951807241757e-01
3.524096385542172527e-01
4.909638554216861905e-01
1.909638554216865458e+00
4.367469879518068865e-01
6.746987951807206230e-01
6.897590361445793405e-01
5.542168674698793041e-01
3.493975903614447986e-01
5.903614457831345419e-01
9.939759036144586446e-01
3.463855421686758973e-01
1.521084337349396520e+00
1.894578313253010293e+00
5.481927710843379487e-01
4.277108433734930770e-01
6.957831325301206959e-01
1.256024096385544908e+00
1.084337349397589634e+00
1.421686746987951722e+00
7.319277108433723811e-01
1.286144578313251685e+00
6.355421686747000365e-01
1.087349397590358535e+00
1.298192771084337949e+00
6.355421686747000365e-01
1.207831325301206959e+00
3.373493975903620878e-01
6.385542168674689378e-01
7.379518072289137365e-01
1.927710843373493077e+00
1.111445783132531062e+00
4.638554216867483149e-01
4.186746987951792676e-01
5.602409638554242122e-01
1.219879518072286118e+00
1.156626506024096557e+00
8.584337349397621608e-01
1.072289156626503370e+00
6.897590361445793405e-01
6.746987951807241757e-01
1.418674698795179268e+00
1.186746987951806886e+00
6.445783132530102932e-01
8.825301204819275824e-01
5.662650602409655676e-01
5.813253012048207324e-01
3.132530120481931135e-01
7.951807228915654946e-01
7.891566265060241392e-01
1.192771084337348242e+00
4.518072289156620513e-01
5.843373493975896338e-01
1.096385542168675897e+00
1.933734939759037985e+00
7.891566265060241392e-01
1.340361445783130989e+00
6.114457831325310622e-01
9.186746987951792676e-01
1.114457831325299964e+00
1.487951807228917289e+00
6.325301204819275824e-01
1.271084337349396520e+00
9.006024096385516486e-01
3.554216867469897068e-01
6.174698795180724176e-01
1.412650602409637912e+00
4.156626506024103662e-01
6.265060240963826743e-01
7.801204819277138824e-01
1.506024096385541355e+00
1.228915662650603480e+00
9.096385542168654581e-01
1.487951807228917289e+00
9.939759036144586446e-01
9.006024096385516486e-01
7.680722891566276189e-01
4.006024096385552014e-01
7.981927710843379487e-01
3.915662650602413919e-01
6.897590361445793405e-01
1.207831325301203407e+00
1.156626506024096557e+00
7.861445783132552378e-01
9.126506024096379122e-01
6.566265060240965568e-01
4.487951807228931500e-01
3.975903614457827473e-01
1.057228915662651758e+00
2.611445783132531062e+00
1.740963855421686191e+00
1.009036144578313809e+00
8.915662650602413919e-01
2.313253012048193114e+00
7.831325301204827838e-01
1.496987951807227546e+00
1.418674698795182820e+00
1.765060240963855165e+00
1.614457831325299964e+00
1.412650602409637912e+00
1.256024096385541355e+00
2.560240963855413554e-01
7.500000000000000000e-01
4.277108433734966297e-01
5.813253012048171797e-01
8.283132530120482784e-01
9.397590361445757878e-01
5.391566265060241392e-01
6.746987951807206230e-01
5.993975903614483514e-01
7.409638554216861905e-01
8.403614457831309892e-01
7.650602409638587176e-01
2.373493975903613773e+00
1.114457831325303516e+00
7.650602409638551649e-01
1.740963855421686191e+00
1.331325301204817180e+00
5.662650602409655676e-01
1.599397590361444799e+00
2.108433734939758608e-01
1.000000000000000000e+00
2.620481927710827108e-01
1.530120481927710330e+00
1.457831325301206959e+00
6.536144578313276554e-01
5.632530120481931135e-01
1.042168674698793041e+00
6.024096385542172527e-01
1.102409638554217253e+00
5.993975903614483514e-01
1.536144578313241027e-01
1.135542168674696484e+00
1.201807228915665604e+00
2.611445783132531062e+00
2.981927710843379487e-01
7.259036144578310257e-01
1.117469879518072418e+00
4.457831325301206959e-01
2.126506024096386227e+00
1.271084337349396520e+00
1.162650602409637912e+00
1.521084337349400073e+00
6.777108433734930770e-01
1.135542168674700036e+00
3.825301204819275824e-01
7.861445783132552378e-01
4.819277108433723811e-01
8.554216867469897068e-01
5.000000000000000000e-01
3.433734939759069960e-01
1.105421686746986154e+00
1.472891566265058572e+00
4.698795180722896703e-01
6.295180722891586811e-01
6.204819277108448716e-01
1.129518072289155128e+00
6.716867469879517216e-01
1.117469879518072418e+00
1.135542168674696484e+00
7.680722891566276189e-01
2.171686746987951722e+00
1.045180722891565495e+00
2.530120481927689013e-01
1.325301204819279377e+00
7.048192771084345054e-01
4.457831325301206959e-01
9.969879518072310987e-01
1.174698795180724176e+00
1.114457831325310622e-01
1.129518072289155128e+00
1.846385542168675897e+00
2.771084337349378757e-01
2.057228915662648205e+00
7.078313253012069595e-01
1.015060240963858718e+00
6.144578313252999635e-01
3.493975903614447986e-01
1.078313253012048278e+00
3.183734939759034432e+00
8.795180722891551284e-01
1.927710843373517946e-01
2.075301204819279377e+00
1.234939759036141282e+00
3.162650602409655676e-01
8.132530120481931135e-01
9.608433734939758608e-01
1.349397590361448351e+00
1.099397590361444799e+00
9.518072289156620513e-01
1.192771084337351795e+00
1.581325301204817180e+00
9.156626506024103662e-01
1.102409638554217253e+00
2.225903614457834578e+00
1.737951807228913736e+00
3.102409638554242122e-01
5.993975903614447986e-01
2.159638554216869011e+00
4.759036144578310257e-01
1.581325301204817180e+00
1.506024096385544908e+00
4.367469879518068865e-01
1.412650602409637912e+00
9.487951807228895973e-01
8.283132530120482784e-01
6.927710843373482419e-01
1.536144578313255238e+00
1.117469879518072418e+00
9.849397590361448351e-01
5.451807228915654946e-01
1.487951807228913736e+00
1.554216867469879304e+00
6.656626506024068135e-01
1.364457831325303516e+00
2.231927710843372381e+00
1.204819277108434505e+00
9.548192771084345054e-01
3.945783132530138460e-01
1.054216867469879304e+00
2.870481927710841319e+00
1.927710843373482419e-01
1.602409638554217253e+00
2.204819277108430953e+00
1.189759036144579341e+00
1.325301204819275824e+00
6.626506024096379122e-01
1.126506024096386227e+00
1.213855421686748315e+00
1.478915662650603480e+00
2.385542168674700036e+00
9.578313253012034068e-01
4.337349397590379851e-01
7.289156626506034797e-01
9.578313253012069595e-01
4.698795180722896703e-01
6.927710843373482419e-01
5.813253012048207324e-01
1.268072289156627619e+00
1.439759036144579341e+00
3.313253012048171797e-01
7.108433734939758608e-01
1.572289156626506923e+00
3.674698795180724176e-01
8.704819277108413189e-01
7.289156626505999270e-01
1.006024096385544908e+00
5.753012048192758243e-01
1.457831325301206959e+00
9.939759036144586446e-01
9.819277108433723811e-01
1.240963855421686191e+00
7.740963855421689743e-01
4.487951807228931500e-01
7.680722891566240662e-01
5.753012048192793770e-01
8.825301204819275824e-01
1.349397590361444799e+00
1.138554216867468938e+00
5.451807228915690473e-01
1.298192771084337949e+00
4.638554216867447622e-01
1.587349397590362088e+00
9.307228915662655311e-01
7.891566265060241392e-01
1.063253012048189561e+00
7.921686746987965932e-01
1.138554216867472491e+00
6.957831325301206959e-01
2.500000000000000000e+00
1.602409638554217253e+00
2.240963855421686191e+00
1.421686746987951722e+00
9.879518072289172892e-01
8.554216867469861540e-01
1.810240963855424212e+00
1.298192771084337949e+00
8.554216867469861540e-01
2.027108433734937876e+00
8.885542168674689378e-01
2.536144578313255238e+00
1.325301204819275824e+00
6.144578313253035162e-01
1.084337349397593186e+00
3.373493975903585351e-01
1.081325301204820732e+00
2.228915662650585716e-01
9.216867469879517216e-01
1.262048192771086264e+00
1.234939759036144835e+00
2.415662650602410366e+00
1.292168674698793041e+00
1.048192771084337949e+00
1.975903614457831026e+00
1.310240963855420659e+00
1.084337349397589634e+00
6.325301204819275824e-01
8.493975903614447986e-01
6.144578313252999635e-01
8.584337349397586081e-01
4.578313253012034068e-01
1.400602409638555201e+00
5.180722891566276189e-01
7.921686746987965932e-01
5.722891566265033703e-01
1.451807228915662051e+00
6.536144578313241027e-01
6.295180722891551284e-01
6.987951807228931500e-01
1.087349397590362088e+00
1.530120481927710330e+00
3.855421686747000365e-01
1.186746987951806886e+00
6.475903614457827473e-01
4.849397590361448351e-01
7.409638554216861905e-01
2.177710843373493077e+00
6.746987951807241757e-01
2.114457831325299964e+00
1.274096385542168974e+00
3.283132530120482784e-01
5.933734939759034432e-01
1.545180722891565495e+00
1.337349397590362088e+00
1.731927710843372381e+00
1.081325301204820732e+00
7.228915662650585716e-01
1.123493975903613773e+00
1.436746987951806886e+00
3.253012048192758243e-01
2.650602409638551649e-01
1.334337349397589634e+00
4.518072289156620513e-01
1.813253012048193114e+00
2.771084337349414284e-01
8.313253012048207324e-01
1.689759036144579341e+00
6.837349397590344324e-01
8.283132530120482784e-01
1.530120481927710330e+00
1.060240963855420659e+00
1.614457831325299964e+00
