8.225000000000051159e-01
4.499999999999957367e-01
5.775000000000005684e-01
5.375000000000014211e-01
2.599999999999980105e-01
9.775000000000062528e-01
1.092499999999994031e+00
2.082500000000003126e+00
1.670000000000001705e+00
2.749999999999630518e-02
1.000000000000014211e-01
2.525000000000048317e-01
1.154999999999994031e+00
1.799999999999997158e+00
1.050000000000039790e-01
2.859999999999999432e+00
2.065000000000004832e+00
8.549999999999968736e-01
3.500000000000014211e-01
2.850000000000036948e-01
1.047499999999999432e+00
7.949999999999945999e-01
2.750000000000056843e-01
1.799999999999997158e-01
1.249999999999573674e-02
2.159999999999996589e+00
6.000000000000227374e-02
3.125000000000000000e-01
7.474999999999951683e-01
5.750000000000028422e-01
4.725000000000036948e-01
3.879999999999995453e+00
7.500000000000284217e-02
1.307499999999997442e+00
1.900000000000048317e-01
4.324999999999974420e-01
5.250000000000198952e-02
5.375000000000014211e-01
1.574999999999988631e-01
7.049999999999982947e-01
8.575000000000017053e-01
7.049999999999982947e-01
3.374999999999985789e-01
9.525000000000005684e-01
1.744999999999997442e+00
5.825000000000031264e-01
2.599999999999980105e-01
1.442500000000002558e+00
1.574999999999988631e-01
2.100000000000008527e-01
1.250000000000000000e+00
7.325000000000017053e-01
1.749999999999829470e-02
1.335000000000000853e+00
4.250000000000397904e-02
9.424999999999954525e-01
2.200000000000059686e-01
1.249999999999573674e-02
3.074999999999974420e-01
1.942500000000002558e+00
1.375000000000000000e+00
7.924999999999968736e-01
1.640000000000000568e+00
1.977499999999999147e+00
7.899999999999991473e-01
9.224999999999994316e-01
4.875000000000042633e-01
6.899999999999977263e-01
2.115000000000001990e+00
5.150000000000005684e-01
5.445000000000000284e+00
1.299999999999954525e-01
2.467500000000001137e+00
4.999999999999715783e-02
5.375000000000014211e-01
6.649999999999991473e-01
2.250000000000014211e-01
1.692500000000002558e+00
1.367499999999999716e+00
1.365000000000001990e+00
2.974999999999994316e-01
3.350000000000008527e-01
3.725000000000022737e-01
1.614999999999994884e+00
3.497500000000002274e+00
1.299999999999954525e-01
4.699999999999988631e-01
9.675000000000011369e-01
1.450000000000031264e-01
2.124999999999985789e-01
1.147500000000000853e+00
1.617499999999999716e+00
2.524999999999977263e-01
2.462499999999998579e+00
1.537500000000001421e+00
2.100000000000008527e-01
3.574999999999945999e-01
2.749999999999630518e-02
1.092500000000001137e+00
3.650000000000019895e-01
9.999999999998010480e-03
5.450000000000017053e-01
3.074999999999974420e-01
1.417500000000003979e+00
8.049999999999997158e-01
1.342500000000001137e+00
7.074999999999960210e-01
1.590000000000003411e+00
2.749999999999985789e-01
2.927500000000001990e+00
7.150000000000034106e-01
8.125000000000000000e-01
5.375000000000014211e-01
1.299999999999954525e-01
6.250000000000000000e-02
5.300000000000011369e-01
2.914999999999999147e+00
6.199999999999974420e-01
5.075000000000002842e-01
7.249999999999801048e-02
1.400000000000005684e-01
1.724999999999994316e-01
2.499999999999857891e-02
4.849999999999994316e-01
1.100000000000001421e+00
1.122500000000002274e+00
8.500000000000085265e-02
1.412500000000001421e+00
3.650000000000019895e-01
9.500000000000028422e-01
4.424999999999954525e-01
8.575000000000017053e-01
3.474999999999965894e-01
9.825000000000017053e-01
1.677500000000001990e+00
3.349999999999937472e-01
2.500000000000568434e-02
7.174999999999940314e-01
2.932500000000004547e+00
2.007500000000000284e+00
4.900000000000019895e-01
3.197499999999998010e+00
3.142499999999998295e+00
1.082500000000003126e+00
2.212499999999998579e+00
6.174999999999997158e-01
1.472500000000003695e+00
4.000000000000056843e-01
7.249999999999801048e-02
1.172499999999999432e+00
1.362499999999997158e+00
6.000000000000014211e-01
2.025000000000005684e-01
9.675000000000011369e-01
9.425000000000025580e-01
1.660000000000003695e+00
3.624999999999971578e-01
1.524999999999963052e-01
5.750000000000028422e-01
2.352500000000006253e+00
5.450000000000017053e-01
7.374999999999971578e-01
1.214999999999996305e+00
1.532499999999998863e+00
1.450000000000031264e-01
6.599999999999965894e-01
6.499999999999772626e-02
5.525000000000019895e-01
1.850000000000022737e-01
2.337499999999998579e+00
1.749999999999829470e-02
1.600000000000001421e+00
1.669999999999994600e+00
6.325000000000002842e-01
7.525000000000048317e-01
3.072499999999998010e+00
6.150000000000019895e-01
7.025000000000005684e-01
1.490000000000001990e+00
1.027499999999996305e+00
2.024999999999998579e+00
2.424999999999997158e-01
1.879999999999995453e+00
1.314999999999997726e+00
7.450000000000045475e-01
2.224999999999965894e-01
1.497500000000002274e+00
4.500000000000170530e-02
3.324999999999960210e-01
9.650000000000034106e-01
2.924999999999968736e-01
9.250000000000113687e-02
2.064999999999997726e+00
5.950000000000059686e-01
3.925000000000004263e+00
2.269999999999996021e+00
1.762500000000002842e+00
1.274999999999977263e-01
1.462499999999998579e+00
2.067500000000002558e+00
9.975000000000022737e-01
1.775000000000019895e-01
4.174999999999968736e-01
1.350000000000051159e-01
3.500000000000014211e-01
2.862499999999997158e+00
7.862499999999997158e+00
4.977499999999999147e+00
1.715000000000003411e+00
1.774999999999948841e-01
9.825000000000017053e-01
6.500000000000483169e-02
6.624999999999943157e-01
5.700000000000002842e-01
8.249999999999602096e-02
9.474999999999980105e-01
2.377500000000004832e+00
2.719999999999998863e+00
7.750000000000056843e-02
7.449999999999974420e-01
2.800000000000011369e-01
1.670000000000001705e+00
2.560000000000002274e+00
3.325000000000031264e-01
3.402499999999996305e+00
5.240000000000001990e+00
1.044999999999994600e+00
4.250000000000397904e-02
1.924999999999954525e-01
1.450000000000002842e+00
1.349999999999980105e-01
3.149999999999977263e-01
1.832500000000003126e+00
3.975000000000008527e-01
1.097499999999996589e+00
1.875000000000000000e-01
6.625000000000014211e-01
7.775000000000034106e-01
4.024999999999963052e-01
1.037500000000001421e+00
1.149999999999998579e+00
1.217499999999994031e+00
2.930000000000006821e+00
2.504999999999995453e+00
1.132500000000000284e+00
2.155000000000001137e+00
1.914999999999999147e+00
2.480000000000003979e+00
1.325000000000002842e-01
1.099999999999994316e-01
5.425000000000039790e-01
3.499999999999658939e-02
1.000000000000000000e+00
4.675000000000011369e-01
1.537500000000001421e+00
6.799999999999997158e-01
1.625000000000014211e-01
1.007500000000000284e+00
8.324999999999960210e-01
3.100000000000022737e-01
2.599999999999980105e-01
1.002499999999997726e+00
4.500000000000170530e-02
8.999999999999630518e-02
5.025000000000048317e-01
6.974999999999980105e-01
7.299999999999968736e-01
1.325000000000002842e+00
1.935000000000002274e+00
7.800000000000011369e-01
4.325000000000045475e-01
1.144999999999996021e+00
2.725000000000008527e-01
2.250000000000000000e+00
3.999999999999985789e-01
9.450000000000002842e-01
2.175000000000011369e-01
6.024999999999991473e-01
1.024999999999991473e-01
4.774999999999991473e-01
4.849999999999994316e-01
7.500000000000284217e-03
6.024999999999991473e-01
1.262500000000002842e+00
2.249999999999943157e-01
2.300000000000039790e-01
4.352499999999999147e+00
1.325000000000002842e+00
1.374999999999957367e-01
6.000000000000227374e-02
2.329999999999998295e+00
2.124999999999985789e-01
8.774999999999977263e-01
7.775000000000034106e-01
1.832499999999996021e+00
8.575000000000017053e-01
2.974999999999994316e-01
4.152499999999996305e+00
1.007500000000000284e+00
1.092499999999994031e+00
1.799999999999997158e-01
2.100000000000008527e-01
2.572499999999998010e+00
9.224999999999994316e-01
1.000000000000511591e-02
2.000000000000000000e+00
7.674999999999982947e-01
7.199999999999988631e-01
7.550000000000025580e-01
4.715000000000003411e+00
1.825000000000045475e-01
2.999999999999403144e-02
6.050000000000039790e-01
5.499999999999971578e-01
4.500000000000170530e-02
5.250000000000198952e-02
6.924999999999954525e-01
5.250000000000198952e-02
3.435000000000002274e+00
8.624999999999971578e-01
1.499999999999985789e-01
5.850000000000008527e-01
2.899999999999991473e-01
2.017499999999998295e+00
2.124999999999985789e-01
2.197499999999998010e+00
4.650000000000034106e-01
4.699999999999988631e-01
1.435000000000002274e+00
2.200000000000002842e+00
4.849999999999994316e-01
6.250000000000000000e-02
6.167500000000003979e+00
1.832500000000003126e+00
3.175000000000025580e-01
1.335000000000000853e+00
5.874999999999985789e-01
1.750000000000042633e-01
6.474999999999937472e-01
3.350000000000008527e-01
1.772500000000000853e+00
4.100000000000036948e-01
1.749999999999829470e-02
9.949999999999974420e-01
1.825000000000045475e-01
1.009999999999998010e+00
9.074999999999988631e-01
1.712499999999998579e+00
2.130000000000002558e+00
6.150000000000019895e-01
2.974999999999994316e-01
1.877500000000004832e+00
1.500000000000056843e-02
5.674999999999954525e-01
3.950000000000031264e-01
6.174999999999997158e-01
6.049999999999968736e-01
2.679999999999999716e+00
1.122500000000002274e+00
1.585000000000000853e+00
5.150000000000005684e-01
2.744999999999997442e+00
5.050000000000025580e-01
1.507500000000000284e+00
1.085000000000000853e+00
8.125000000000000000e-01
2.800000000000011369e-01
2.699999999999960210e-01
5.525000000000019895e-01
7.650000000000005684e-01
5.450000000000017053e-01
1.129999999999995453e+00
3.012500000000002842e+00
1.550000000000011369e-01
2.424999999999997158e-01
1.222499999999996589e+00
1.125000000000042633e-01
2.149999999999998579e+00
1.625000000000000000e+00
1.492499999999999716e+00
9.875000000000042633e-01
1.374999999999957367e-01
8.575000000000017053e-01
2.424999999999997158e-01
3.277500000000003411e+00
1.545000000000001705e+00
6.700000000000017053e-01
3.999999999999914735e-02
1.724999999999994316e-01
6.875000000000000000e-01
1.174999999999997158e-01
5.274999999999963052e-01
1.734999999999999432e+00
3.000000000000113687e-02
3.120000000000004547e+00
1.914999999999999147e+00
1.497500000000002274e+00
7.949999999999945999e-01
1.799999999999997158e-01
1.150000000000019895e-01
6.075000000000017053e-01
3.275000000000005684e-01
1.374999999999957367e-01
8.725000000000022737e-01
9.949999999999974420e-01
1.039999999999999147e+00
7.650000000000005684e-01
3.077500000000000568e+00
4.724999999999965894e-01
2.700000000000002842e+00
3.750000000000142109e-02
4.699999999999988631e-01
1.075000000000017053e-01
3.025000000000019895e-01
6.124999999999971578e-01
1.462499999999998579e+00
2.297499999999999432e+00
7.774999999999963052e-01
3.060000000000002274e+00
2.057499999999997442e+00
1.947499999999998010e+00
2.097500000000003695e+00
1.377500000000004832e+00
5.349999999999965894e-01
3.325000000000031264e-01
1.364999999999994884e+00
9.849999999999994316e-01
2.914999999999999147e+00
7.400000000000019895e-01
3.274999999999934630e-01
9.750000000000369482e-02
1.844999999999998863e+00
7.049999999999982947e-01
3.244999999999997442e+00
1.925000000000025580e-01
9.000000000000341061e-02
5.049999999999954525e-01
1.024999999999991473e-01
1.200000000000045475e-01
1.799999999999997158e+00
5.150000000000005684e-01
5.974999999999965894e-01
1.655000000000001137e+00
3.774999999999977263e-01
3.100000000000022737e-01
2.085000000000000853e+00
1.360000000000006537e+00
4.399999999999977263e-01
2.549999999999954525e-01
1.107500000000001705e+00
5.724999999999980105e-01
2.439999999999997726e+00
1.317500000000002558e+00
8.224999999999980105e-01
1.825000000000002842e+00
5.700000000000002842e-01
2.775000000000034106e-01
1.625000000000014211e-01
5.749999999999744205e-02
6.349999999999980105e-01
7.775000000000034106e-01
1.594999999999998863e+00
5.649999999999977263e-01
1.354999999999996874e+00
3.649999999999948841e-01
2.262500000000002842e+00
2.625000000000028422e-01
4.030000000000001137e+00
2.240000000000001990e+00
8.200000000000002842e-01
1.149999999999998579e+00
3.449999999999988631e-01
8.399999999999963052e-01
2.497500000000002274e+00
4.050000000000011369e-01
7.224999999999965894e-01
2.100000000000008527e-01
2.897500000000000853e+00
1.384999999999998010e+00
3.750000000000000000e-01
4.450000000000002842e-01
3.645000000000003126e+00
5.174999999999982947e-01
4.315000000000004832e+00
6.500000000000483169e-02
1.774999999999948841e-01
3.729999999999996874e+00
4.499999999999459988e-02
2.650000000000005684e-01
3.750000000000000000e-01
8.049999999999997158e-01
1.007500000000000284e+00
9.275000000000019895e-01
2.214999999999996305e+00
4.574999999999960210e-01
1.632500000000000284e+00
1.724999999999994316e-01
1.247500000000002274e+00
1.925000000000025580e-01
4.362500000000004263e+00
9.250000000000113687e-02
4.249999999999971578e-01
1.039999999999999147e+00
9.649999999999963052e-01
2.524999999999977263e-01
9.425000000000025580e-01
1.482500000000001705e+00
1.914999999999999147e+00
5.300000000000011369e-01
1.297499999999999432e+00
1.974999999999980105e-01
3.000000000000113687e-02
7.475000000000022737e-01
1.024999999999998579e+00
8.225000000000051159e-01
4.824999999999945999e-01
8.825000000000002842e-01
4.975000000000022737e-01
5.525000000000019895e-01
1.325000000000002842e-01
2.899999999999991473e-01
2.250000000000014211e-01
2.225000000000001421e+00
3.035000000000003695e+00
3.324999999999960210e-01
2.560000000000002274e+00
1.612500000000004263e+00
1.272500000000000853e+00
5.000000000002557954e-03
6.274999999999977263e-01
1.420000000000001705e+00
3.799999999999954525e-01
2.512500000000002842e+00
7.750000000000056843e-02
1.190000000000004832e+00
1.227499999999999147e+00
5.874999999999985789e-01
5.097499999999996589e+00
9.749999999999658939e-02
1.450000000000002842e+00
3.200000000000002842e-01
1.097500000000003695e+00
2.500000000000000000e-01
6.349999999999980105e-01
8.850000000000051159e-01
1.749999999999829470e-02
5.700000000000002842e-01
1.027499999999996305e+00
1.325000000000002842e-01
2.277500000000003411e+00
6.099999999999994316e-01
4.025000000000034106e-01
3.874999999999957367e-01
1.602499999999999147e+00
5.099999999999980105e-01
2.075000000000031264e-01
2.564999999999997726e+00
4.249999999999687361e-02
2.285000000000003695e+00
1.000000000000000000e+00
4.399999999999977263e-01
8.500000000000085265e-02
6.250000000000000000e-02
1.454999999999998295e+00
1.724999999999994316e-01
8.100000000000022737e-01
6.300000000000025580e-01
1.917499999999996874e+00
1.625000000000014211e-01
9.675000000000011369e-01
1.882500000000000284e+00
4.924999999999997158e-01
5.749999999999957367e-01
1.882500000000000284e+00
1.324999999999995737e+00
4.575000000000031264e-01
1.724999999999994316e-01
7.199999999999988631e-01
6.125000000000042633e-01
6.649999999999991473e-01
4.799999999999968736e-01
2.475000000000022737e-01
1.252499999999997726e+00
1.442499999999995453e+00
2.347499999999996589e+00
1.450000000000031264e-01
3.325000000000031264e-01
5.724999999999980105e-01
7.199999999999988631e-01
5.499999999999971578e-02
2.150000000000034106e-01
7.499999999999573674e-02
3.400000000000034106e-01
5.125000000000028422e-01
5.224999999999937472e-01
1.695000000000000284e+00
1.075000000000017053e-01
1.619999999999997442e+00
2.242499999999999716e+00
9.000000000000341061e-02
7.124999999999985789e-01
3.524999999999991473e-01
1.059999999999995168e+00
1.692500000000002558e+00
3.800000000000025580e-01
1.950000000000002842e-01
1.142499999999998295e+00
1.094999999999998863e+00
4.799999999999968736e-01
2.650000000000005684e-01
1.087500000000005684e+00
1.374999999999957367e-01
5.050000000000025580e-01
2.864999999999994884e+00
1.844999999999998863e+00
4.699999999999988631e-01
3.575000000000017053e-01
2.124999999999985789e-01
1.750000000000540012e-02
7.100000000000008527e-01
7.575000000000002842e-01
5.675000000000025580e-01
2.265000000000000568e+00
5.174999999999982947e-01
2.002499999999997726e+00
2.849999999999965894e-01
1.054999999999999716e+00
9.250000000000113687e-02
1.170000000000001705e+00
4.575000000000031264e-01
1.192499999999995453e+00
2.075000000000031264e-01
1.362499999999997158e+00
4.400000000000048317e-01
8.499999999999374722e-02
7.850000000000036948e-01
1.032499999999998863e+00
2.050000000000004263e+00
2.149999999999963052e-01
2.549999999999997158e+00
9.375000000000000000e-01
1.417500000000003979e+00
3.592500000000001137e+00
2.974999999999994316e-01
2.025000000000005684e-01
2.442499999999995453e+00
4.224999999999994316e-01
4.174999999999968736e-01
3.230000000000003979e+00
1.060000000000002274e+00
8.299999999999982947e-01
1.272500000000000853e+00
1.384999999999998010e+00
1.024999999999991473e-01
2.804999999999999716e+00
3.100000000000022737e-01
1.162499999999994316e+00
7.025000000000005684e-01
6.625000000000014211e-01
3.304999999999999716e+00
2.312500000000000000e+00
8.250000000000312639e-02
6.649999999999991473e-01
3.297499999999999432e+00
5.850000000000008527e-01
1.602499999999999147e+00
1.952500000000000568e+00
2.524999999999977263e-01
2.315000000000004832e+00
2.650000000000005684e-01
7.100000000000008527e-01
1.667499999999996874e+00
2.925000000000039790e-01
6.000000000000227374e-02
2.849999999999965894e-01
2.085000000000000853e+00
1.877500000000004832e+00
1.237499999999997158e+00
1.087499999999998579e+00
7.800000000000011369e-01
8.975000000000008527e-01
6.150000000000019895e-01
4.424999999999954525e-01
1.407499999999998863e+00
1.562500000000000000e+00
8.400000000000034106e-01
1.262500000000002842e+00
1.412500000000001421e+00
2.049999999999982947e-01
1.567500000000002558e+00
8.924999999999982947e-01
3.875000000000028422e-01
1.435000000000002274e+00
7.524999999999977263e-01
1.187500000000000000e+00
2.652499999999996305e+00
1.325000000000002842e-01
8.300000000000054001e-01
1.449999999999995737e+00
1.035000000000003695e+00
1.914999999999999147e+00
4.099999999999965894e-01
4.000000000000056843e-01
7.324999999999945999e-01
1.875000000000000000e-01
6.750000000000255795e-02
2.772500000000000853e+00
1.815000000000004832e+00
4.500000000000000000e+00
1.200000000000045475e-01
9.024999999999963052e-01
1.647500000000000853e+00
1.030000000000001137e+00
3.850000000000001421e+00
7.100000000000008527e-01
3.900000000000005684e-01
1.924999999999954525e-01
9.650000000000034106e-01
7.299999999999968736e-01
8.250000000000028422e-01
2.974999999999994316e-01
9.074999999999988631e-01
3.299999999999982947e-01
1.500000000000000000e+00
8.550000000000039790e-01
1.807500000000004547e+00
7.424999999999997158e-01
5.025000000000048317e-01
2.149999999999963052e-01
6.250000000000000000e-01
1.127499999999997726e+00
3.499999999999943157e-01
4.750000000000014211e-01
2.674999999999982947e-01
1.899999999999998579e+00
4.375000000000000000e-01
2.050000000000054001e-01
6.550000000000011369e-01
4.299999999999997158e-01
1.362499999999997158e+00
8.825000000000002842e-01
4.724999999999965894e-01
1.497500000000002274e+00
7.824999999999988631e-01
9.499999999999886313e-02
8.500000000000085265e-02
2.299999999999997158e+00
1.244999999999997442e+00
2.347500000000003695e+00
5.999999999999516831e-02
9.900000000000019895e-01
1.170000000000001705e+00
1.015000000000000568e+00
1.425000000000054001e-01
1.974999999999980105e-01
5.125000000000028422e-01
5.474999999999994316e-01
4.499999999999957367e-01
9.350000000000022737e-01
2.999999999999971578e-01
7.274999999999991473e-01
2.750000000000341061e-02
1.399999999999998579e+00
8.275000000000005684e-01
5.174999999999982947e-01
6.424999999999982947e-01
6.350000000000051159e-01
9.349999999999951683e-01
2.250000000000014211e-01
7.925000000000039790e-01
6.150000000000019895e-01
3.100000000000022737e-01
1.749999999999971578e-01
3.625000000000042633e-01
7.274999999999991473e-01
1.229999999999996874e+00
3.325000000000031264e-01
2.250000000000014211e-01
2.104999999999996874e+00
4.099999999999965894e-01
2.152500000000003411e+00
7.749999999999985789e-01
1.222500000000003695e+00
1.759999999999998010e+00
6.750000000000255795e-02
6.424999999999982947e-01
8.749999999999857891e-02
6.750000000000255795e-02
2.524999999999977263e-01
1.640000000000000568e+00
1.275000000000048317e-01
1.242499999999999716e+00
5.174999999999982947e-01
4.687500000000000000e+00
1.849999999999951683e-01
4.092499999999994031e+00
1.512500000000002842e+00
8.725000000000022737e-01
1.285000000000003695e+00
3.549999999999968736e-01
9.549999999999982947e-01
8.250000000000028422e-01
1.452500000000000568e+00
8.374999999999985789e-01
1.399999999999998579e+00
4.675000000000011369e-01
6.574999999999988631e-01
1.302500000000001990e+00
1.500000000000000000e+00
1.700000000000017053e-01
2.815000000000004832e+00
6.000000000000227374e-02
1.449999999999995737e+00
2.707499999999996021e+00
5.450000000000017053e-01
6.475000000000008527e-01
1.524999999999963052e-01
2.500000000000568434e-02
1.845000000000005969e+00
7.100000000000008527e-01
2.700000000000031264e-01
4.324999999999974420e-01
3.999999999999914735e-02
2.225000000000036948e-01
2.400000000000019895e-01
4.174999999999968736e-01
1.325000000000002842e-01
1.049999999999997158e+00
7.349999999999994316e-01
1.625000000000014211e-01
7.224999999999965894e-01
1.727499999999999147e+00
2.424999999999997158e-01
2.437500000000000000e+00
2.937500000000000000e+00
2.349999999999994316e-01
1.130000000000002558e+00
8.599999999999994316e-01
1.924999999999954525e-01
1.180000000000006821e+00
1.549999999999940314e-01
8.674999999999997158e-01
2.392499999999998295e+00
6.875000000000000000e-01
6.500000000000056843e-01
1.312500000000000000e+00
2.799999999999997158e+00
1.067499999999995453e+00
1.365000000000001990e+00
7.025000000000005684e-01
1.835000000000000853e+00
2.100000000000008527e-01
1.247499999999995168e+00
2.969999999999998863e+00
2.150000000000034106e-01
9.324999999999974420e-01
7.600000000000051159e-01
2.574999999999931788e-01
3.600000000000065370e-01
4.257500000000000284e+00
1.299999999999954525e-01
8.500000000000014211e-01
9.500000000000028422e-01
9.675000000000011369e-01
5.225000000000008527e-01
1.099999999999994316e-01
2.234999999999999432e+00
3.600000000000001421e+00
2.359999999999999432e+00
1.405000000000001137e+00
9.400000000000048317e-01
4.199999999999945999e-01
1.392500000000005400e+00
8.799999999999954525e-01
3.202500000000000568e+00
1.115000000000001990e+00
9.250000000000113687e-02
3.350000000000008527e-01
1.667500000000003979e+00
2.350000000000065370e-01
1.754999999999995453e+00
1.462499999999998579e+00
3.724999999999951683e-01
5.975000000000036948e-01
1.369999999999997442e+00
3.064999999999997726e+00
5.150000000000005684e-01
1.059999999999995168e+00
1.749999999999971578e-01
1.042500000000003979e+00
2.724999999999937472e-01
1.179999999999999716e+00
3.150000000000048317e-01
7.074999999999960210e-01
6.000000000000014211e-01
1.655000000000001137e+00
7.249999999999801048e-02
6.024999999999991473e-01
2.400000000000019895e-01
4.749999999999943157e-02
3.689999999999997726e+00
8.474999999999965894e-01
9.900000000000019895e-01
7.025000000000005684e-01
3.649999999999948841e-01
5.700000000000002842e-01
2.850000000000036948e-01
1.272500000000000853e+00
8.650000000000019895e-01
1.679999999999999716e+00
6.574999999999988631e-01
1.117499999999999716e+00
1.177499999999994884e+00
2.400000000000019895e-01
2.850000000000036948e-01
2.039999999999999147e+00
1.457500000000003126e+00
3.320000000000000284e+00
1.367499999999999716e+00
1.557499999999997442e+00
6.875000000000000000e-01
6.700000000000017053e-01
2.652499999999996305e+00
1.822499999999998010e+00
1.262499999999995737e+00
2.175000000000011369e-01
8.149999999999977263e-01
2.850000000000036948e-01
1.557499999999997442e+00
2.115000000000001990e+00
1.012500000000002842e+00
1.067500000000002558e+00
5.749999999999744205e-02
1.625000000000014211e-01
9.025000000000034106e-01
7.499999999999573674e-02
9.149999999999991473e-01
2.100000000000008527e-01
3.202500000000000568e+00
1.999999999999602096e-02
1.452500000000000568e+00
5.724999999999980105e-01
2.250000000000014211e-01
1.410000000000003695e+00
7.225000000000036948e-01
1.924999999999954525e-01
3.525000000000062528e-01
1.269999999999996021e+00
1.274999999999998579e+00
1.149999999999998579e+00
1.974999999999980105e-01
1.300000000000025580e-01
1.442499999999995453e+00
6.700000000000017053e-01
8.749999999999857891e-02
2.850000000000036948e-01
1.547499999999999432e+00
6.049999999999968736e-01
1.200000000000045475e-01
3.849999999999980105e-01
9.074999999999988631e-01
3.049999999999997158e-01
1.174999999999997158e-01
3.200000000000002842e-01
1.975000000000051159e-01
4.574999999999995737e+00
6.250000000000000000e-02
2.499999999997726263e-03
1.099999999999994316e-01
4.475000000000051159e-01
8.699999999999974420e-01
1.775000000000019895e-01
1.124999999999971578e-01
3.000000000000042633e-01
4.249999999999971578e-01
1.625000000000014211e-01
6.899999999999977263e-01
9.100000000000036948e-01
3.250000000000000000e+00
7.950000000000017053e-01
3.492499999999999716e+00
1.157499999999998863e+00
1.102499999999999147e+00
3.599999999999994316e-01
4.250000000000397904e-02
5.249999999999488409e-02
1.695000000000000284e+00
2.227499999999999147e+00
1.224999999999951683e-01
7.349999999999994316e-01
6.750000000000255795e-02
3.374999999999985789e-01
2.037500000000001421e+00
9.499999999999886313e-02
4.782499999999998863e+00
6.250000000000000000e-02
3.775000000000048317e-01
7.500000000000284217e-03
8.749999999999857891e-02
6.824999999999974420e-01
8.500000000000085265e-02
2.729999999999996874e+00
1.400000000000005684e-01
7.725000000000008527e-01
6.649999999999991473e-01
4.007500000000000284e+00
1.475000000000001421e+00
3.004999999999995453e+00
1.189999999999997726e+00
9.499999999999886313e-02
9.250000000000042633e-01
1.932499999999997442e+00
1.024999999999991473e-01
5.249999999999985789e-01
1.332500000000003126e+00
2.850000000000001421e+00
1.652500000000003411e+00
3.999999999999914735e-02
3.999999999999914735e-02
3.474999999999965894e-01
1.200000000000002842e+00
8.624999999999971578e-01
1.192499999999995453e+00
5.324999999999988631e-01
1.432500000000004547e+00
2.994999999999997442e+00
1.674999999999968736e-01
3.524999999999991473e-01
2.402499999999996305e+00
2.210000000000000853e+00
7.374999999999971578e-01
1.087499999999998579e+00
1.802500000000001990e+00
1.397500000000000853e+00
1.615000000000001990e+00
5.749999999999744205e-02
1.030000000000001137e+00
2.000000000000312639e-02
1.449999999999960210e-01
1.350000000000051159e-01
2.152500000000003411e+00
1.692500000000002558e+00
2.899999999999991473e-01
1.647500000000000853e+00
1.250000000000000000e-01
3.999999999999914735e-02
1.094999999999998863e+00
9.699999999999988631e-01
3.249999999999886313e-02
1.174999999999997158e-01
3.275000000000005684e-01
1.239999999999994884e+00
2.490000000000001990e+00
2.550000000000025580e-01
1.797499999999999432e+00
1.024999999999991473e-01
9.774999999999991473e-01
5.000000000000000000e-01
1.067499999999995453e+00
1.997500000000002274e+00
5.249999999999985789e-01
1.295000000000001705e+00
1.122500000000002274e+00
1.875000000000000000e-01
3.574999999999945999e-01
7.100000000000008527e-01
3.024999999999998579e+00
1.024999999999991473e-01
7.974999999999994316e-01
8.800000000000025580e-01
3.435000000000002274e+00
3.350000000000008527e-01
4.624999999999985789e-01
3.045000000000001705e+00
1.467500000000001137e+00
2.047499999999999432e+00
1.937500000000000000e+00
5.250000000000198952e-02
2.250000000000014211e-01
3.125000000000000000e-01
4.999999999999715783e-02
6.975000000000051159e-01
1.700000000000017053e-01
1.512500000000002842e+00
1.174999999999997158e-01
4.749999999999943157e-02
6.499999999999772626e-02
1.325000000000002842e+00
2.585000000000000853e+00
3.900000000000005684e-01
9.549999999999982947e-01
1.472500000000003695e+00
1.339999999999996305e+00
1.297499999999999432e+00
1.597499999999996589e+00
3.925000000000054001e-01
2.800000000000011369e-01
1.049999999999997158e+00
1.982499999999994600e+00
7.824999999999988631e-01
9.149999999999991473e-01
5.125000000000028422e-01
3.119999999999997442e+00
1.045000000000001705e+00
3.624999999999971578e-01
4.825000000000017053e-01
2.650000000000005684e-01
4.350000000000022737e-01
1.374999999999957367e-01
1.050000000000039790e-01
2.490000000000001990e+00
5.900000000000034106e-01
4.724999999999965894e-01
8.275000000000005684e-01
1.807500000000004547e+00
4.274999999999948841e-01
8.725000000000022737e-01
7.524999999999977263e-01
1.475000000000008527e-01
1.410000000000003695e+00
6.224999999999951683e-01
2.974999999999994316e-01
4.749999999999943157e-02
8.250000000000312639e-02
1.259999999999998010e+00
2.749999999999630518e-02
1.957500000000003126e+00
3.750000000000000000e-01
1.924999999999954525e-01
7.000000000000028422e-01
1.035000000000003695e+00
4.024999999999963052e-01
7.674999999999982947e-01
1.479999999999996874e+00
2.092500000000001137e+00
3.390000000000000568e+00
1.024999999999998579e+00
1.099999999999994316e-01
6.950000000000002842e-01
1.542499999999996874e+00
2.337499999999998579e+00
1.557499999999997442e+00
2.740000000000001990e+00
1.354999999999996874e+00
1.042499999999996874e+00
5.000000000000000000e-01
4.825000000000017053e-01
8.799999999999954525e-01
1.025000000000062528e-01
8.250000000000028422e-01
7.250000000000511591e-02
2.824999999999988631e-01
3.000000000000113687e-02
5.274999999999963052e-01
4.874999999999971578e-01
1.050000000000039790e-01
6.550000000000011369e-01
8.999999999999985789e-01
1.807499999999997442e+00
2.087499999999998579e+00
6.625000000000014211e-01
1.700000000000017053e-01
3.392499999999998295e+00
4.094999999999998863e+00
1.327500000000000568e+00
2.350000000000065370e-01
1.624999999999943157e-01
9.325000000000045475e-01
1.237499999999997158e+00
6.000000000000227374e-02
2.594999999999998863e+00
1.464999999999996305e+00
3.250000000000028422e-01
2.267499999999998295e+00
7.850000000000036948e-01
9.749999999999658939e-02
5.024999999999977263e-01
2.900000000000062528e-01
9.050000000000011369e-01
3.100000000000022737e-01
1.450000000000002842e+00
7.924999999999968736e-01
1.512499999999995737e+00
9.499999999999886313e-02
1.710000000000000853e+00
4.575000000000031264e-01
5.775000000000005684e-01
1.000000000000014211e-01
1.977499999999999147e+00
2.674999999999982947e-01
1.674999999999997158e+00
1.224999999999951683e-01
5.325000000000059686e-01
1.609999999999999432e+00
8.375000000000056843e-01
2.292499999999996874e+00
3.427500000000001990e+00
3.299999999999982947e-01
8.275000000000005684e-01
2.067500000000002558e+00
8.800000000000025580e-01
1.849999999999951683e-01
9.350000000000022737e-01
3.222500000000003695e+00
2.605000000000003979e+00
2.149999999999963052e-01
4.025000000000034106e-01
3.499999999999658939e-02
2.400000000000019895e-01
4.050000000000011369e-01
1.202500000000000568e+00
1.362499999999997158e+00
1.445000000000000284e+00
3.275000000000005684e-01
7.475000000000022737e-01
7.374999999999971578e-01
6.375000000000028422e-01
1.424999999999982947e-01
1.250000000000000000e+00
1.892499999999998295e+00
1.857500000000001705e+00
1.085000000000000853e+00
9.074999999999988631e-01
5.000000000002557954e-03
7.249999999999801048e-02
1.049999999999997158e+00
2.759999999999998010e+00
1.195000000000000284e+00
1.807499999999997442e+00
1.167499999999996874e+00
8.449999999999988631e-01
1.700000000000002842e+00
1.532499999999998863e+00
1.667499999999996874e+00
6.525000000000034106e-01
1.024999999999991473e-01
7.174999999999940314e-01
9.550000000000054001e-01
7.549999999999954525e-01
8.075000000000045475e-01
1.280000000000001137e+00
5.499999999999971578e-02
1.267499999999998295e+00
9.250000000000113687e-02
3.750000000000000000e-01
1.550000000000011369e-01
9.074999999999988631e-01
3.200000000000002842e-01
1.125000000000042633e-01
1.067499999999995453e+00
1.495000000000004547e+00
8.525000000000062528e-01
1.269999999999996021e+00
8.275000000000005684e-01
1.600000000000036948e-01
2.499999999997726263e-03
5.199999999999960210e-01
3.707499999999996021e+00
9.699999999999988631e-01
3.500000000000369482e-02
7.499999999999573674e-02
5.925000000000011369e-01
4.425000000000025580e-01
6.000000000000014211e-01
2.435000000000002274e+00
4.749999999999943157e-02
8.975000000000008527e-01
1.307499999999997442e+00
2.737500000000004263e+00
1.314999999999997726e+00
2.349999999999994316e-01
1.604999999999996874e+00
6.875000000000000000e-01
3.799999999999954525e-01
1.195000000000000284e+00
4.800000000000039790e-01
6.624999999999943157e-01
1.849999999999951683e-01
2.800000000000011369e-01
1.227499999999999147e+00
1.225000000000001421e+00
6.250000000000000000e-02
2.930000000000006821e+00
1.774999999999998579e+00
5.249999999999488409e-02
2.160000000000003695e+00
1.327500000000000568e+00
1.700000000000017053e-01
1.107499999999994600e+00
9.100000000000036948e-01
5.649999999999977263e-01
9.450000000000002842e-01
4.750000000000014211e-01
1.574999999999988631e-01
1.530000000000001137e+00
2.575000000000002842e-01
1.410000000000003695e+00
3.674999999999997158e-01
9.699999999999988631e-01
2.150000000000034106e-01
2.224999999999965894e-01
1.250000000000000000e+00
3.225000000000051159e-01
9.874999999999971578e-01
1.757500000000000284e+00
5.899999999999963052e-01
2.394999999999996021e+00
4.475000000000051159e-01
3.252499999999997726e+00
1.167499999999996874e+00
3.922499999999999432e+00
1.675000000000039790e-01
1.329999999999998295e+00
4.425000000000025580e-01
1.074999999999945999e-01
1.500000000000056843e-01
6.149999999999948841e-01
4.092500000000001137e+00
5.349999999999965894e-01
9.825000000000017053e-01
1.447500000000005116e+00
3.174999999999954525e-01
1.500000000000056843e-01
2.924999999999968736e-01
2.435000000000002274e+00
3.200000000000002842e-01
3.774999999999977263e-01
2.974999999999994316e-01
3.825000000000002842e-01
4.899999999999948841e-01
2.500000000004831691e-03
1.769999999999996021e+00
5.750000000000028422e-01
1.547499999999999432e+00
1.924999999999954525e-01
3.750000000000142109e-02
1.760000000000005116e+00
8.999999999999630518e-02
1.659999999999996589e+00
2.900000000000062528e-01
1.424999999999997158e+00
3.999999999999985789e-01
7.449999999999974420e-01
1.759999999999998010e+00
6.750000000000255795e-02
3.592499999999994031e+00
5.250000000000198952e-02
1.877499999999997726e+00
1.215000000000003411e+00
2.800000000000011369e-01
2.974999999999994316e-01
2.795000000000001705e+00
4.200000000000017053e-01
8.500000000000085265e-02
6.449999999999960210e-01
1.630000000000002558e+00
1.429999999999999716e+00
1.024999999999991473e-01
3.049999999999997158e-01
3.925000000000054001e-01
6.024999999999991473e-01
3.249999999999957367e-01
1.375000000000028422e-01
1.124999999999971578e-01
2.525000000000048317e-01
2.837499999999998579e+00
6.174999999999997158e-01
6.124999999999971578e-01
1.500000000000056843e-02
9.450000000000002842e-01
9.049999999999940314e-01
7.575000000000002842e-01
1.162500000000001421e+00
1.600000000000036948e-01
3.207500000000003126e+00
3.249999999999886313e-02
9.724999999999965894e-01
9.250000000000113687e-02
3.000000000000113687e-02
1.024999999999998579e+00
1.392499999999998295e+00
1.724999999999994316e-01
2.199999999999988631e-01
7.500000000000284217e-03
4.800000000000039790e-01
4.249999999999687361e-02
3.175000000000025580e-01
2.127499999999997726e+00
1.375000000000028422e-01
7.750000000000056843e-02
7.875000000000014211e-01
2.072499999999998010e+00
4.250000000000042633e-01
6.499999999999772626e-02
1.250000000000000000e-01
1.377499999999997726e+00
7.000000000000028422e-02
2.367500000000006821e+00
1.799999999999997158e-01
3.674999999999997158e-01
6.250000000000000000e-02
2.085000000000000853e+00
2.825000000000059686e-01
7.549999999999954525e-01
3.292499999999996874e+00
6.325000000000002842e-01
7.724999999999937472e-01
7.875000000000014211e-01
1.037500000000001421e+00
1.572499999999998010e+00
3.449999999999988631e-01
4.250000000000397904e-02
2.784999999999996589e+00
1.012499999999995737e+00
7.300000000000039790e-01
8.599999999999994316e-01
3.399999999999998579e+00
2.974999999999994316e-01
1.712500000000005684e+00
4.375000000000000000e-01
4.774999999999991473e-01
1.974999999999980105e-01
2.250000000000014211e-01
5.375000000000014211e-01
3.224999999999980105e-01
2.625000000000028422e-01
3.275000000000005684e-01
1.134999999999998010e+00
9.749999999999943157e-01
4.075000000000059686e-01
1.052500000000001990e+00
1.047499999999999432e+00
6.424999999999982947e-01
3.192499999999995453e+00
5.150000000000005684e-01
1.215000000000003411e+00
1.970000000000005969e+00
1.765000000000000568e+00
3.224999999999980105e-01
5.749999999999744205e-02
4.724999999999965894e-01
1.907499999999998863e+00
1.875000000000000000e-01
2.192499999999995453e+00
1.594999999999998863e+00
1.829999999999998295e+00
3.500000000000014211e-01
2.025000000000005684e-01
1.059999999999995168e+00
1.657499999999998863e+00
4.425000000000025580e-01
1.672499999999999432e+00
2.725000000000008527e-01
1.679999999999999716e+00
1.649999999999991473e-01
2.499999999997726263e-03
1.067500000000002558e+00
1.259999999999998010e+00
5.824999999999960210e-01
2.820000000000000284e+00
3.754999999999995453e+00
3.999999999999914735e-02
6.375000000000028422e-01
3.275000000000005684e-01
5.670000000000001705e+00
5.574999999999974420e-01
3.912500000000001421e+00
2.274999999999991473e-01
3.249999999999957367e-01
5.075000000000002842e-01
1.679999999999999716e+00
4.649999999999963052e-01
9.299999999999997158e-01
2.450000000000045475e-01
4.874999999999971578e-01
3.350000000000008527e-01
2.060000000000002274e+00
2.175000000000011369e-01
2.499999999997726263e-03
2.025000000000005684e-01
5.000000000002557954e-03
1.449999999999960210e-01
4.050000000000011369e-01
1.099999999999994316e-01
3.275000000000005684e-01
1.524999999999963052e-01
1.567500000000002558e+00
2.507500000000000284e+00
7.500000000000000000e-01
1.230000000000003979e+00
2.710000000000000853e+00
1.697500000000005116e+00
6.750000000000042633e-01
3.399999999999963052e-01
3.674999999999997158e-01
7.524999999999977263e-01
9.649999999999963052e-01
3.400000000000034106e-01
2.175000000000011369e-01
3.017499999999998295e+00
3.549999999999968736e-01
1.372499999999995168e+00
1.060000000000002274e+00
1.875000000000000000e-01
4.149999999999991473e-01
3.894999999999996021e+00
8.250000000000312639e-02
1.550000000000004263e+00
1.515000000000000568e+00
1.224999999999951683e-01
2.134999999999998010e+00
6.174999999999997158e-01
1.675000000000039790e-01
3.999999999999914735e-02
9.425000000000025580e-01
7.000000000000028422e-02
4.425000000000025580e-01
1.060000000000002274e+00
3.100000000000022737e-01
1.099999999999994316e-01
6.349999999999980105e-01
2.272500000000000853e+00
6.899999999999977263e-01
1.967500000000001137e+00
1.699999999999995737e+00
1.050000000000039790e-01
7.774999999999963052e-01
3.224999999999980105e-01
5.225000000000008527e-01
5.425000000000039790e-01
2.847499999999996589e+00
4.649999999999963052e-01
8.225000000000051159e-01
1.547499999999999432e+00
4.975000000000022737e-01
3.554999999999999716e+00
1.249999999999573674e-02
8.250000000000312639e-02
1.840000000000003411e+00
5.625000000000000000e-01
1.097499999999996589e+00
8.950000000000031264e-01
9.749999999999943157e-01
3.250000000000596856e-02
7.674999999999982947e-01
3.224999999999980105e-01
1.125000000000000000e+00
2.800000000000011369e-01
1.900000000000048317e-01
6.450000000000031264e-01
1.114999999999994884e+00
2.950000000000017053e-01
1.550000000000011369e-01
2.500000000000000000e-01
4.649999999999963052e-01
1.000000000000000000e+00
2.652500000000003411e+00
1.675000000000004263e+00
2.499999999997726263e-03
6.724999999999994316e-01
1.947500000000005116e+00
3.499999999999658939e-02
9.675000000000011369e-01
2.199999999999988631e-01
6.250000000000000000e-02
7.249999999999801048e-02
4.675000000000011369e-01
9.549999999999982947e-01
5.799999999999982947e-01
1.525000000000034106e-01
7.749999999999346301e-02
6.024999999999991473e-01
1.335000000000000853e+00
4.224999999999994316e-01
1.189999999999997726e+00
6.200000000000045475e-01
7.249999999999801048e-02
2.175000000000011369e-01
3.500000000000014211e-01
1.772499999999993747e+00
9.050000000000011369e-01
3.825000000000002842e-01
5.500000000000042633e-01
1.442499999999995453e+00
1.849999999999951683e-01
7.250000000000511591e-02
3.200000000000002842e-01
3.057500000000004547e+00
2.500000000000000000e-01
1.027499999999996305e+00
1.505000000000002558e+00
1.649999999999991473e-01
8.324999999999960210e-01
4.525000000000005684e-01
3.377499999999997726e+00
3.009999999999998010e+00
2.170000000000001705e+00
6.849999999999951683e-01
4.404999999999994031e+00
1.519999999999996021e+00
6.200000000000045475e-01
1.592500000000001137e+00
2.225000000000001421e+00
4.949999999999974420e-01
3.849999999999980105e-01
8.250000000000312639e-02
4.149999999999991473e-01
6.349999999999980105e-01
7.699999999999960210e-01
6.300000000000025580e-01
1.224999999999951683e-01
4.250000000000397904e-02
1.775000000000019895e-01
9.100000000000036948e-01
2.325000000000017053e-01
4.575000000000031264e-01
2.599999999999980105e-01
1.420000000000001705e+00
1.375000000000000000e+00
5.324999999999988631e-01
1.259999999999998010e+00
9.275000000000019895e-01
7.850000000000036948e-01
8.999999999999985789e-01
2.252499999999997726e+00
4.999999999999715783e-02
2.482500000000001705e+00
1.174999999999997158e-01
6.300000000000025580e-01
5.724999999999980105e-01
4.525000000000005684e-01
1.187500000000000000e+00
4.125000000000014211e-01
5.000000000000000000e-01
1.240000000000001990e+00
6.424999999999982947e-01
8.224999999999980105e-01
3.080000000000005400e+00
1.142500000000005400e+00
7.424999999999997158e-01
9.999999999998010480e-03
2.119999999999997442e+00
1.425000000000004263e+00
