3.142499999999998295e+00
1.494999999999997442e+00
9.025000000000034106e-01
8.499999999999374722e-02
1.750000000000540012e-02
2.749999999999985789e-01
4.600000000000008527e-01
7.100000000000008527e-01
1.892499999999998295e+00
1.649999999999998579e+00
8.775000000000048317e-01
1.875000000000000000e-01
2.025000000000005684e-01
1.974999999999980105e-01
2.775000000000034106e-01
6.325000000000002842e-01
1.604999999999996874e+00
1.325000000000002842e-01
5.394999999999996021e+00
5.999999999999516831e-02
3.775000000000048317e-01
2.609999999999999432e+00
7.899999999999991473e-01
1.594999999999998863e+00
8.650000000000019895e-01
2.149999999999963052e-01
1.164999999999999147e+00
1.940000000000004832e+00
4.999999999995452526e-03
6.000000000000227374e-02
7.374999999999971578e-01
4.250000000000397904e-02
1.337499999999998579e+00
6.649999999999991473e-01
3.999999999999914735e-02
3.599999999999994316e-01
6.724999999999994316e-01
9.525000000000005684e-01
1.362499999999997158e+00
4.482500000000001705e+00
2.292499999999996874e+00
4.500000000000028422e-01
2.349999999999994316e-01
8.975000000000008527e-01
3.950000000000031264e-01
5.850000000000008527e-01
2.250000000000085265e-02
6.799999999999997158e-01
2.299999999999968736e-01
1.755000000000002558e+00
4.622500000000002274e+00
7.374999999999971578e-01
2.849999999999965894e-01
9.450000000000002842e-01
2.499999999997726263e-03
1.852499999999999147e+00
3.699999999999974420e-01
1.134999999999998010e+00
1.025000000000062528e-01
2.399999999999948841e-01
1.912500000000001421e+00
3.650000000000019895e-01
2.217500000000001137e+00
5.000000000002557954e-03
2.244999999999997442e+00
3.275000000000005684e-01
6.025000000000062528e-01
9.499999999999886313e-02
3.299999999999982947e-01
3.000000000000113687e-02
5.700000000000002842e-01
3.342500000000001137e+00
5.775000000000005684e-01
9.200000000000017053e-01
3.950000000000031264e-01
6.150000000000019895e-01
1.147500000000000853e+00
2.650000000000005684e-01
2.499999999997726263e-03
1.164999999999999147e+00
3.999999999999985789e-01
2.350000000000001421e+00
1.092499999999994031e+00
6.125000000000042633e-01
2.625000000000000000e+00
3.950000000000031264e-01
1.637499999999995737e+00
2.325000000000017053e-01
4.399999999999977263e-01
6.825000000000045475e-01
4.649999999999963052e-01
2.942499999999995453e+00
1.135000000000005116e+00
2.824999999999988631e-01
2.999999999999971578e-01
3.699999999999974420e-01
6.500000000000483169e-02
1.049999999999997158e+00
2.047499999999999432e+00
1.040000000000006253e+00
2.325000000000017053e-01
3.825000000000002842e-01
3.024999999999998579e+00
3.249999999999886313e-02
2.250000000000014211e-01
1.524999999999963052e-01
1.064999999999997726e+00
7.525000000000048317e-01
4.050000000000011369e-01
1.399999999999998579e+00
3.399999999999963052e-01
5.700000000000002842e-01
7.000000000000028422e-02
4.310000000000002274e+00
2.149999999999963052e-01
1.607500000000001705e+00
1.617499999999999716e+00
1.199999999999974420e-01
1.202500000000000568e+00
1.000000000000014211e-01
6.400000000000005684e-01
7.000000000000028422e-02
8.524999999999991473e-01
3.449999999999988631e-01
1.900000000000048317e-01
2.774999999999963052e-01
4.600000000000008527e-01
1.295000000000001705e+00
1.642499999999998295e+00
9.699999999999988631e-01
2.102499999999999147e+00
6.224999999999951683e-01
5.000000000000426326e-02
1.950000000000002842e-01
7.849999999999965894e-01
1.384999999999998010e+00
4.425000000000025580e-01
3.774999999999977263e-01
5.349999999999965894e-01
4.250000000000397904e-02
1.052500000000001990e+00
2.304999999999999716e+00
1.895000000000003126e+00
1.474999999999937472e-01
5.750000000000454747e-02
1.687500000000000000e+00
2.299999999999968736e-01
1.414999999999999147e+00
5.925000000000011369e-01
2.045000000000001705e+00
1.824999999999974420e-01
6.899999999999977263e-01
7.500000000000284217e-02
1.375000000000028422e-01
5.874999999999985789e-01
1.424999999999982947e-01
1.005000000000002558e+00
5.399999999999991473e-01
5.500000000000042633e-01
3.900000000000005684e-01
1.072499999999998010e+00
5.499999999999971578e-01
2.829999999999998295e+00
1.250000000000000000e-01
5.899999999999963052e-01
9.250000000000113687e-02
1.449999999999960210e-01
1.300000000000004263e+00
7.750000000000056843e-02
7.575000000000002842e-01
7.349999999999994316e-01
2.284999999999996589e+00
1.107500000000001705e+00
3.027499999999996305e+00
1.335000000000000853e+00
1.079999999999998295e+00
5.200000000000031264e-01
4.792499999999996874e+00
2.249999999999943157e-01
9.325000000000045475e-01
5.449999999999945999e-01
7.525000000000048317e-01
1.625000000000000000e+00
2.582499999999996021e+00
1.057500000000004547e+00
2.419999999999994600e+00
1.300000000000025580e-01
1.875000000000000000e-01
8.425000000000011369e-01
6.799999999999997158e-01
2.570000000000000284e+00
1.285000000000003695e+00
2.374999999999971578e-01
7.449999999999974420e-01
4.999999999999715783e-02
1.250000000000284217e-02
1.232500000000001705e+00
2.575000000000002842e-01
1.184999999999995168e+00
7.800000000000011369e-01
2.734999999999999432e+00
1.384999999999998010e+00
1.475000000000008527e-01
1.484999999999999432e+00
5.275000000000034106e-01
1.082500000000003126e+00
1.399999999999934630e-01
1.625000000000014211e-01
1.497500000000002274e+00
3.650000000000019895e-01
5.024999999999977263e-01
3.482500000000001705e+00
2.817500000000002558e+00
3.500000000000014211e-01
1.219999999999998863e+00
1.369999999999997442e+00
1.815000000000004832e+00
2.499999999999857891e-02
2.774999999999963052e-01
1.435000000000002274e+00
8.850000000000051159e-01
8.224999999999980105e-01
1.869999999999997442e+00
1.015000000000000568e+00
6.000000000000014211e-01
1.525000000000034106e-01
1.649999999999991473e-01
6.524999999999963052e-01
1.695000000000000284e+00
1.009999999999998010e+00
2.509999999999998010e+00
1.312500000000000000e+00
6.500000000000483169e-02
2.749999999999985789e-01
1.017499999999998295e+00
9.624999999999985789e-01
5.925000000000011369e-01
6.000000000000227374e-02
8.874999999999957367e-01
1.109999999999999432e+00
2.327500000000000568e+00
2.175000000000011369e-01
1.299999999999954525e-01
6.575000000000059686e-01
1.929999999999999716e+00
3.342500000000001137e+00
1.799999999999997158e-01
2.192500000000002558e+00
5.974999999999965894e-01
1.204999999999998295e+00
4.425000000000025580e-01
9.450000000000002842e-01
1.762500000000002842e+00
1.049999999999968736e-01
3.875000000000028422e-01
3.000000000000113687e-02
1.475000000000008527e-01
1.617499999999999716e+00
8.749999999999857891e-02
9.749999999999658939e-02
2.807500000000004547e+00
1.050000000000039790e-01
3.624999999999971578e-01
5.574999999999974420e-01
3.700000000000045475e-01
1.749999999999971578e-01
1.364999999999994884e+00
9.324999999999974420e-01
1.007500000000000284e+00
3.049999999999997158e-01
8.025000000000019895e-01
6.799999999999997158e-01
2.492499999999999716e+00
4.125000000000014211e-01
1.682499999999997442e+00
1.499999999999985789e-01
1.070000000000000284e+00
3.999999999999985789e-01
2.950000000000017053e-01
5.324999999999988631e-01
3.500000000000369482e-02
2.524999999999977263e-01
1.512500000000002842e+00
2.650000000000005684e-01
1.155000000000001137e+00
2.249999999999943157e-01
1.450000000000031264e-01
1.129999999999995453e+00
2.475000000000022737e-01
7.575000000000002842e-01
6.225000000000022737e-01
8.074999999999974420e-01
4.074999999999988631e-01
1.984999999999999432e+00
1.512499999999995737e+00
1.135000000000005116e+00
3.164999999999999147e+00
2.857499999999994600e+00
9.100000000000036948e-01
9.299999999999997158e-01
1.420000000000001705e+00
4.699999999999988631e-01
2.175000000000011369e-01
4.099999999999965894e-01
1.145000000000003126e+00
1.500000000000056843e-02
2.549999999999954525e-01
3.187500000000000000e+00
2.400000000000019895e-01
8.549999999999968736e-01
2.022500000000000853e+00
1.857500000000001705e+00
1.377500000000004832e+00
3.599999999999994316e-01
7.849999999999965894e-01
3.139999999999993463e+00
3.487500000000004263e+00
1.132500000000000284e+00
2.900000000000062528e-01
8.249999999999602096e-02
8.750000000000000000e-01
1.000000000000000000e+00
4.425000000000025580e-01
2.624999999999957367e-01
2.325000000000002842e+00
3.254999999999995453e+00
1.492499999999999716e+00
2.344999999999998863e+00
6.850000000000022737e-01
2.259999999999998010e+00
2.675000000000004263e+00
3.237500000000004263e+00
5.724999999999980105e-01
4.774999999999991473e-01
2.365000000000001990e+00
1.574999999999988631e-01
3.002500000000004832e+00
5.124999999999957367e-01
2.274999999999991473e-01
2.250000000000085265e-02
1.184999999999995168e+00
2.414999999999999147e+00
9.375000000000000000e-01
6.925000000000025580e-01
4.500000000000170530e-02
4.825000000000017053e-01
2.849999999999965894e-01
1.242499999999999716e+00
1.437500000000000000e+00
1.550000000000011369e-01
5.499999999999971578e-02
1.037500000000001421e+00
9.250000000000042633e-01
1.662500000000001421e+00
5.874999999999985789e-01
1.325000000000002842e-01
3.499999999999658939e-02
6.499999999999772626e-02
2.387500000000002842e+00
4.375000000000000000e-01
1.824999999999974420e-01
2.765000000000000568e+00
1.675000000000004263e+00
1.232500000000001705e+00
7.749999999999985789e-01
1.017499999999998295e+00
1.927500000000001990e+00
7.674999999999982947e-01
3.474999999999965894e-01
5.075000000000002842e-01
1.472500000000003695e+00
2.749999999999985789e-01
1.875000000000000000e-01
8.000000000000042633e-01
1.492499999999999716e+00
1.914999999999999147e+00
9.499999999999886313e-02
1.955000000000005400e+00
1.977499999999999147e+00
3.057500000000004547e+00
2.899999999999991473e-01
1.357500000000001705e+00
2.424999999999997158e-01
2.424999999999997158e-01
6.049999999999968736e-01
8.925000000000054001e-01
2.549999999999954525e-01
6.150000000000019895e-01
2.049999999999982947e-01
3.015000000000000568e+00
1.475000000000008527e-01
6.174999999999997158e-01
2.234999999999999432e+00
3.015000000000000568e+00
4.600000000000008527e-01
1.049999999999997158e+00
5.825000000000031264e-01
1.087499999999998579e+00
6.075000000000017053e-01
1.327500000000000568e+00
7.550000000000025580e-01
1.249999999999573674e-02
2.250000000000085265e-02
8.350000000000008527e-01
3.625000000000042633e-01
1.209999999999993747e+00
5.400000000000062528e-01
1.162499999999994316e+00
2.625000000000028422e-01
3.845000000000005969e+00
2.650000000000005684e-01
2.402500000000003411e+00
9.125000000000014211e-01
6.599999999999965894e-01
1.775000000000019895e-01
1.037499999999994316e+00
3.500000000000369482e-02
8.774999999999977263e-01
3.125000000000000000e-01
1.124999999999971578e-01
1.412500000000001421e+00
9.500000000000028422e-01
1.659999999999996589e+00
1.250000000000000000e-01
1.649999999999991473e-01
3.800000000000025580e-01
5.150000000000005684e-01
2.424999999999997158e-01
9.175000000000039790e-01
7.974999999999994316e-01
1.085000000000000853e+00
1.464999999999996305e+00
9.525000000000005684e-01
1.274999999999977263e-01
1.407500000000005969e+00
4.549999999999982947e-01
3.274999999999998579e+00
2.592500000000001137e+00
5.625000000000000000e-01
1.875000000000000000e+00
1.134999999999998010e+00
3.570000000000000284e+00
1.837499999999998579e+00
4.874999999999971578e-01
1.825000000000002842e+00
4.402499999999996305e+00
1.700000000000017053e-01
7.999999999999971578e-01
3.925000000000054001e-01
4.949999999999974420e-01
1.700000000000017053e-01
1.155000000000001137e+00
1.109999999999999432e+00
5.174999999999982947e-01
1.124999999999971578e-01
2.974999999999994316e-01
8.750000000000000000e-01
7.274999999999991473e-01
8.550000000000039790e-01
3.375000000000000000e+00
7.974999999999994316e-01
5.300000000000011369e-01
1.082500000000003126e+00
4.774999999999991473e-01
1.252499999999997726e+00
6.099999999999994316e-01
2.479999999999996874e+00
2.225000000000001421e+00
9.849999999999994316e-01
1.009999999999998010e+00
2.650000000000005684e-01
3.025000000000019895e-01
6.499999999999772626e-02
1.332500000000003126e+00
1.049999999999997158e+00
6.850000000000022737e-01
3.650000000000019895e-01
9.425000000000025580e-01
6.074999999999945999e-01
4.025000000000034106e-01
3.049999999999997158e-01
8.900000000000005684e-01
6.349999999999980105e-01
2.192500000000002558e+00
4.422500000000006537e+00
5.357500000000001705e+00
1.302499999999994884e+00
1.012500000000002842e+00
5.549999999999997158e-01
1.460000000000000853e+00
1.250000000000000000e-01
2.397499999999993747e+00
3.407500000000005969e+00
1.125000000000000000e+00
1.824999999999974420e-01
2.195000000000000284e+00
6.724999999999994316e-01
3.225000000000001421e+00
2.075000000000031264e-01
1.749999999999971578e-01
4.549999999999982947e-01
3.999999999999985789e-01
5.425000000000039790e-01
5.225000000000008527e-01
1.969999999999998863e+00
9.700000000000059686e-01
4.124999999999943157e-01
3.075000000000045475e-01
2.199999999999988631e-01
3.924999999999982947e-01
3.035000000000003695e+00
1.454999999999998295e+00
2.550000000000025580e-01
9.524999999999934630e-01
1.950000000000002842e-01
7.624999999999957367e-01
1.325000000000002842e-01
7.650000000000005684e-01
1.314999999999997726e+00
9.875000000000042633e-01
1.855000000000003979e+00
3.162499999999994316e+00
7.025000000000005684e-01
1.119999999999997442e+00
7.500000000000284217e-03
7.249999999999801048e-02
9.725000000000036948e-01
8.500000000000085265e-02
5.425000000000039790e-01
7.025000000000005684e-01
1.099999999999994316e-01
2.274999999999991473e-01
1.490000000000001990e+00
7.349999999999994316e-01
1.344999999999998863e+00
2.999999999999403144e-02
1.237500000000004263e+00
5.649999999999977263e-01
9.800000000000039790e-01
9.999999999999431566e-02
1.000000000000511591e-02
4.099999999999965894e-01
2.100000000000008527e-01
1.417500000000003979e+00
8.299999999999982947e-01
5.925000000000011369e-01
1.509999999999998010e+00
1.807500000000004547e+00
3.249999999999886313e-02
1.120000000000004547e+00
1.124999999999971578e-01
1.447499999999998010e+00
2.449999999999974420e-01
2.307499999999997442e+00
8.074999999999974420e-01
3.200000000000002842e-01
1.475000000000008527e-01
4.249999999999971578e-01
9.800000000000039790e-01
1.530000000000001137e+00
1.780000000000001137e+00
1.287499999999994316e+00
1.594999999999998863e+00
4.800000000000039790e-01
2.199999999999988631e-01
1.125000000000000000e+00
7.475000000000022737e-01
1.772499999999993747e+00
5.825000000000031264e-01
2.572500000000005116e+00
8.524999999999991473e-01
3.175000000000025580e-01
5.424999999999968736e-01
1.697499999999998010e+00
3.050000000000004263e+00
1.787500000000001421e+00
3.624999999999971578e-01
1.262500000000002842e+00
5.874999999999985789e-01
6.625000000000014211e-01
5.234999999999999432e+00
1.500000000000056843e-02
6.749999999999545253e-02
8.975000000000008527e-01
1.315000000000004832e+00
3.765000000000000568e+00
7.449999999999974420e-01
1.815000000000004832e+00
6.749999999999545253e-02
8.200000000000002842e-01
9.249999999999971578e-01
1.640000000000000568e+00
5.424999999999968736e-01
3.750000000000142109e-02
5.625000000000000000e-01
2.974999999999994316e-01
1.724999999999994316e-01
3.800000000000025580e-01
2.182499999999997442e+00
3.475000000000036948e-01
3.859999999999999432e+00
1.399999999999998579e+00
9.924999999999997158e-01
1.572500000000005116e+00
2.699999999999960210e-01
1.825000000000045475e-01
1.372500000000002274e+00
9.249999999999403144e-02
3.950000000000031264e-01
1.119999999999997442e+00
2.525000000000048317e-01
5.799999999999982947e-01
7.249999999999801048e-02
3.619999999999997442e+00
1.599999999999965894e-01
1.875000000000000000e-01
2.157500000000005969e+00
4.100000000000001421e+00
2.575000000000002842e-01
4.025000000000034106e-01
2.800000000000011369e-01
1.259999999999998010e+00
1.457499999999996021e+00
4.124999999999943157e-01
1.845000000000005969e+00
3.899999999999934630e-01
6.275000000000048317e-01
7.274999999999991473e-01
2.817500000000002558e+00
2.337500000000005684e+00
3.164999999999999147e+00
4.450000000000002842e-01
2.815000000000004832e+00
5.749999999999744205e-02
2.499999999999857891e-02
9.774999999999991473e-01
3.447500000000005116e+00
2.999999999999403144e-02
1.234999999999999432e+00
9.525000000000005684e-01
7.300000000000039790e-01
7.474999999999951683e-01
1.877499999999997726e+00
1.282499999999998863e+00
1.727499999999999147e+00
1.690000000000004832e+00
5.200000000000031264e-01
4.899999999999948841e-01
1.052500000000001990e+00
7.750000000000056843e-02
4.999999999999715783e-02
1.017499999999998295e+00
4.375000000000000000e-01
7.150000000000034106e-01
6.024999999999991473e-01
8.875000000000028422e-01
3.324999999999960210e-01
4.250000000000397904e-02
3.250000000000000000e+00
1.125000000000042633e-01
3.224999999999980105e-01
1.824999999999974420e-01
1.174999999999997158e-01
4.975000000000022737e-01
8.100000000000022737e-01
2.649999999999934630e-01
6.525000000000034106e-01
5.374999999999943157e-01
2.499999999997726263e-03
3.352500000000006253e+00
1.382500000000000284e+00
1.475000000000008527e-01
5.874999999999985789e-01
1.099999999999994316e-01
3.374999999999985789e-01
1.799999999999997158e+00
9.025000000000034106e-01
1.462499999999998579e+00
8.375000000000056843e-01
5.499999999999971578e-01
1.479999999999996874e+00
5.525000000000019895e-01
1.150000000000019895e-01
1.562500000000000000e+00
1.545000000000001705e+00
1.375000000000028422e-01
8.750000000000000000e-01
2.059999999999995168e+00
1.192499999999995453e+00
9.499999999999886313e-02
1.312500000000000000e+00
2.007500000000000284e+00
6.375000000000028422e-01
2.817499999999995453e+00
4.025000000000034106e-01
4.344999999999998863e+00
2.844999999999998863e+00
1.400000000000005684e-01
1.469999999999998863e+00
1.825000000000002842e+00
2.824999999999988631e-01
3.265000000000000568e+00
4.075000000000059686e-01
3.524999999999991473e-01
9.200000000000017053e-01
1.424999999999997158e+00
2.325000000000017053e-01
5.700000000000002842e-01
3.149999999999977263e-01
1.684999999999995168e+00
4.849999999999994316e-01
4.925000000000068212e-01
4.375000000000000000e-01
5.249999999999488409e-02
7.750000000000056843e-02
8.475000000000036948e-01
2.880000000000002558e+00
2.474999999999951683e-01
5.450000000000017053e-01
1.817500000000002558e+00
8.599999999999994316e-01
4.450000000000002842e-01
8.200000000000002842e-01
1.849999999999994316e+00
4.274999999999948841e-01
7.600000000000051159e-01
1.157499999999998863e+00
7.800000000000011369e-01
2.532499999999998863e+00
2.234999999999999432e+00
3.400000000000034106e-01
4.024999999999998579e+00
5.724999999999980105e-01
2.352499999999999147e+00
3.999999999999985789e-01
1.212499999999998579e+00
6.500000000000483169e-02
2.924999999999968736e-01
5.749999999999744205e-02
4.825000000000017053e-01
1.520000000000003126e+00
1.182500000000004547e+00
6.999999999999957367e-01
2.424999999999997158e-01
4.229999999999996874e+00
2.037500000000001421e+00
7.000000000000028422e-02
4.525000000000005684e-01
1.734999999999999432e+00
8.000000000000042633e-01
5.000000000000000000e-01
1.335000000000000853e+00
2.062500000000000000e+00
2.144999999999996021e+00
1.847499999999996589e+00
1.400000000000005684e-01
1.375000000000000000e+00
1.174999999999997158e-01
4.275000000000019895e-01
6.974999999999980105e-01
1.250000000000284217e-02
2.824999999999988631e-01
1.009999999999998010e+00
1.844999999999998863e+00
1.625000000000014211e-01
1.550000000000011369e-01
1.175000000000004263e+00
1.734999999999999432e+00
2.650000000000005684e-01
5.724999999999980105e-01
8.225000000000051159e-01
1.715000000000003411e+00
1.449999999999995737e+00
3.774999999999977263e-01
1.412500000000001421e+00
9.574999999999960210e-01
9.125000000000014211e-01
1.667500000000003979e+00
2.219999999999998863e+00
1.202500000000000568e+00
5.549999999999997158e-01
1.505000000000002558e+00
1.747500000000002274e+00
2.219999999999998863e+00
1.225000000000022737e-01
1.875000000000000000e-01
2.049999999999982947e-01
1.467500000000001137e+00
3.850000000000051159e-01
2.699999999999960210e-01
1.732500000000001705e+00
3.900000000000005684e-01
4.525000000000005684e-01
1.799999999999997158e-01
2.650000000000005684e-01
1.227499999999999147e+00
4.299999999999997158e-01
3.999999999999985789e-01
5.174999999999982947e-01
1.625000000000000000e+00
1.675000000000039790e-01
1.499999999999985789e-01
1.207500000000003126e+00
2.974999999999994316e-01
4.375000000000000000e-01
9.124999999999943157e-01
1.325000000000002842e+00
1.539999999999999147e+00
8.825000000000002842e-01
7.499999999999573674e-02
6.950000000000002842e-01
1.489999999999994884e+00
7.599999999999980105e-01
2.424999999999997158e-01
1.005000000000002558e+00
6.000000000000014211e-01
7.175000000000011369e-01
5.075000000000002842e-01
1.382500000000000284e+00
1.675000000000039790e-01
3.350000000000008527e-01
6.399999999999934630e-01
5.070000000000000284e+00
4.307500000000004547e+00
4.224999999999994316e-01
5.000000000000000000e-01
1.627499999999997726e+00
5.199999999999960210e-01
1.250000000000284217e-02
1.212499999999998579e+00
2.082499999999996021e+00
1.227499999999999147e+00
3.499999999999658939e-02
1.775000000000019895e-01
7.450000000000045475e-01
6.899999999999977263e-01
8.200000000000002842e-01
6.925000000000025580e-01
6.799999999999997158e-01
1.814999999999997726e+00
1.850000000000022737e-01
5.749999999999744205e-02
2.725000000000001421e+00
1.250000000000000000e+00
5.300000000000011369e-01
1.079999999999998295e+00
3.560000000000002274e+00
8.449999999999988631e-01
5.000000000000000000e-01
2.222500000000003695e+00
9.274999999999948841e-01
9.150000000000062528e-01
9.049999999999940314e-01
1.725000000000065370e-01
1.324999999999931788e-01
1.024999999999998579e+00
5.925000000000011369e-01
7.725000000000008527e-01
2.000000000000028422e-01
4.474999999999980105e-01
3.500000000000014211e-01
8.449999999999988631e-01
1.507500000000000284e+00
2.392499999999998295e+00
1.320000000000000284e+00
5.075000000000002842e-01
5.850000000000008527e-01
7.199999999999988631e-01
2.499999999997726263e-03
1.425000000000054001e-01
2.299999999999968736e-01
1.117499999999999716e+00
1.327500000000000568e+00
1.279999999999994031e+00
2.750000000000056843e-01
1.149999999999948841e-01
2.667499999999996874e+00
1.022500000000000853e+00
1.099999999999994316e-01
6.799999999999997158e-01
1.105000000000003979e+00
1.747500000000002274e+00
1.725000000000001421e+00
2.950000000000017053e-01
4.410000000000003695e+00
2.849999999999965894e-01
2.067500000000002558e+00
5.000000000002557954e-03
9.749999999999658939e-02
1.527500000000003411e+00
4.924999999999997158e-01
4.724999999999965894e-01
3.207499999999996021e+00
1.190000000000004832e+00
9.600000000000008527e-01
1.182499999999997442e+00
1.420000000000001705e+00
7.499999999999573674e-02
3.442500000000002558e+00
5.450000000000017053e-01
1.089999999999996305e+00
2.175000000000011369e-01
1.899999999999998579e+00
1.022500000000000853e+00
2.075000000000031264e-01
1.359999999999999432e+00
3.175000000000004263e+00
8.975000000000008527e-01
4.575000000000031264e-01
2.449999999999974420e-01
1.164999999999999147e+00
1.572499999999998010e+00
4.325000000000045475e-01
9.249999999999971578e-01
3.515000000000000568e+00
2.499999999997726263e-03
1.210000000000000853e+00
1.242499999999999716e+00
9.624999999999985789e-01
2.025000000000005684e-01
2.750000000000000000e+00
1.150000000000019895e-01
4.125000000000014211e-01
2.349999999999994316e-01
3.224999999999980105e-01
2.359999999999999432e+00
4.287499999999994316e+00
5.375000000000014211e-01
2.225000000000036948e-01
4.160000000000003695e+00
1.367499999999999716e+00
2.399999999999948841e-01
2.424999999999997158e-01
2.107500000000001705e+00
5.424999999999968736e-01
6.724999999999994316e-01
3.350000000000008527e-01
1.574999999999988631e-01
2.254999999999995453e+00
2.107500000000001705e+00
3.299999999999982947e-01
9.000000000000341061e-02
7.399999999999948841e-01
4.849999999999994316e-01
2.162500000000001421e+00
3.052500000000001990e+00
3.399999999999963052e-01
1.857500000000001705e+00
1.230000000000003979e+00
2.424999999999997158e-01
4.399999999999977263e-01
4.099999999999965894e-01
1.612500000000004263e+00
1.432499999999997442e+00
4.474999999999980105e-01
2.550000000000025580e-01
2.674999999999982947e-01
5.350000000000036948e-01
2.287500000000001421e+00
7.749999999999985789e-01
1.537500000000001421e+00
7.774999999999963052e-01
2.280000000000001137e+00
1.092500000000001137e+00
8.449999999999988631e-01
4.725000000000036948e-01
1.574999999999988631e-01
1.089999999999996305e+00
5.225000000000008527e-01
5.700000000000002842e-01
1.699999999999945999e-01
7.000000000000028422e-01
4.949999999999974420e-01
1.702500000000000568e+00
7.925000000000039790e-01
2.065000000000004832e+00
1.374999999999957367e-01
4.924999999999997158e-01
1.042500000000003979e+00
5.324999999999988631e-01
3.049999999999997158e-01
7.599999999999980105e-01
1.550000000000011369e-01
8.949999999999960210e-01
3.702500000000000568e+00
1.047499999999999432e+00
4.825000000000017053e-01
2.134999999999998010e+00
7.700000000000031264e-01
4.450000000000002842e-01
1.824999999999974420e-01
7.000000000000028422e-01
1.400000000000005684e-01
1.829999999999998295e+00
1.762499999999995737e+00
8.275000000000005684e-01
1.922499999999999432e+00
1.352499999999999147e+00
1.772500000000000853e+00
6.400000000000005684e-01
6.400000000000005684e-01
4.500000000000028422e-01
2.187500000000000000e+00
4.227499999999999147e+00
1.950000000000002842e-01
7.850000000000036948e-01
1.187500000000000000e+00
6.750000000000255795e-02
5.825000000000031264e-01
1.314999999999997726e+00
4.074999999999988631e-01
6.174999999999997158e-01
4.424999999999954525e-01
2.229999999999996874e+00
9.149999999999991473e-01
3.500000000000369482e-02
3.679999999999999716e+00
1.375000000000028422e-01
5.724999999999980105e-01
1.957500000000003126e+00
2.199999999999988631e-01
3.125000000000000000e-01
2.802499999999994884e+00
8.750000000000568434e-02
2.489999999999994884e+00
9.825000000000017053e-01
5.724999999999980105e-01
3.550000000000039790e-01
4.642499999999998295e+00
1.137499999999995737e+00
1.395000000000003126e+00
4.199999999999945999e-01
7.249999999999801048e-02
4.875000000000042633e-01
2.422499999999999432e+00
2.224999999999965894e-01
2.674999999999982947e-01
1.310000000000002274e+00
1.662500000000001421e+00
1.247500000000002274e+00
3.175000000000025580e-01
6.999999999999957367e-01
5.250000000000198952e-02
1.750000000000000000e+00
1.267499999999998295e+00
6.499999999999772626e-02
8.849999999999980105e-01
6.075000000000017053e-01
1.687500000000000000e+00
6.975000000000051159e-01
2.244999999999997442e+00
6.349999999999980105e-01
5.925000000000011369e-01
5.525000000000019895e-01
7.249999999999801048e-02
1.925000000000025580e-01
9.974999999999951683e-01
1.275000000000048317e-01
1.070000000000000284e+00
1.457499999999996021e+00
4.149999999999991473e-01
9.475000000000051159e-01
8.774999999999977263e-01
1.707499999999996021e+00
9.250000000000113687e-02
1.750000000000540012e-02
4.124999999999943157e-01
6.750000000000255795e-02
3.249999999999886313e-02
1.475000000000008527e-01
1.282499999999998863e+00
1.749999999999829470e-02
2.750000000000056843e-01
3.549999999999968736e-01
3.725000000000022737e-01
1.609999999999999432e+00
1.027499999999996305e+00
1.010000000000005116e+00
1.674999999999968736e-01
4.749999999999943157e-02
1.280000000000001137e+00
8.400000000000034106e-01
2.699999999999960210e-01
1.975000000000001421e+00
1.289999999999999147e+00
2.234999999999999432e+00
9.074999999999988631e-01
5.000000000000426326e-02
4.874999999999971578e-01
9.425000000000025580e-01
1.700000000000017053e-01
6.849999999999951683e-01
1.850000000000022737e-01
2.950000000000017053e-01
1.070000000000000284e+00
1.417499999999996874e+00
6.000000000000014211e-01
1.075000000000017053e-01
4.924999999999997158e-01
1.742499999999999716e+00
1.525000000000034106e-01
2.199999999999988631e-01
5.499999999999971578e-02
3.524999999999991473e-01
1.325000000000002842e+00
4.549999999999982947e-01
1.274999999999977263e-01
2.187500000000000000e+00
8.499999999999943157e-01
7.050000000000054001e-01
8.500000000000085265e-02
2.397500000000000853e+00
5.000000000000426326e-02
2.749999999999630518e-02
6.950000000000002842e-01
2.499999999997726263e-03
1.149999999999998579e+00
3.249999999999957367e-01
2.080000000000005400e+00
1.042499999999996874e+00
5.349999999999965894e-01
3.449999999999988631e-01
1.117499999999999716e+00
3.524999999999991473e-01
1.675000000000039790e-01
8.775000000000048317e-01
3.850000000000051159e-01
2.749999999999985789e-01
1.219999999999998863e+00
2.550000000000025580e-01
2.474999999999951683e-01
1.500000000000056843e-02
1.285000000000003695e+00
1.202500000000000568e+00
1.749999999999829470e-02
1.612499999999997158e+00
2.820000000000000284e+00
1.000000000000014211e-01
2.950000000000017053e-01
1.147500000000000853e+00
1.552500000000001990e+00
1.880000000000002558e+00
1.262500000000002842e+00
1.017499999999998295e+00
1.894999999999996021e+00
6.724999999999994316e-01
1.252500000000004832e+00
1.187500000000000000e+00
2.249999999999943157e-01
9.375000000000000000e-01
1.692500000000002558e+00
7.074999999999960210e-01
2.619999999999997442e+00
3.400000000000034106e-01
4.222499999999996589e+00
1.185000000000002274e+00
3.025000000000019895e-01
3.299999999999982947e-01
3.217499999999994031e+00
1.934999999999995168e+00
2.820000000000000284e+00
2.025000000000005684e-01
5.025000000000048317e-01
1.167500000000003979e+00
3.524999999999991473e-01
8.125000000000000000e-01
2.950000000000017053e-01
1.049999999999968736e-01
2.229999999999996874e+00
7.500000000000000000e-01
6.049999999999968736e-01
7.000000000000028422e-01
2.497500000000002274e+00
9.200000000000017053e-01
1.789999999999999147e+00
1.489999999999994884e+00
1.500000000000056843e-02
1.105000000000003979e+00
5.349999999999965894e-01
2.895000000000003126e+00
8.999999999999985789e-01
6.825000000000045475e-01
1.550000000000011369e-01
4.399999999999977263e-01
2.499999999999857891e-02
8.449999999999988631e-01
4.325000000000045475e-01
3.425000000000004263e+00
1.322499999999998010e+00
1.399999999999998579e+00
1.919999999999994600e+00
8.250000000000312639e-02
1.000000000000014211e-01
5.299999999999940314e-01
7.500000000000000000e-01
7.550000000000025580e-01
3.500000000000369482e-02
4.450000000000002842e-01
3.549999999999968736e-01
3.025000000000019895e-01
1.974999999999980105e-01
1.847500000000003695e+00
1.574999999999988631e-01
4.849999999999994316e+00
2.550000000000004263e+00
1.059999999999995168e+00
2.377499999999997726e+00
2.800000000000011369e-01
6.625000000000014211e-01
1.134999999999998010e+00
1.917500000000003979e+00
1.300000000000025580e-01
1.729999999999996874e+00
1.182499999999997442e+00
4.050000000000011369e-01
7.625000000000028422e-01
9.125000000000014211e-01
2.050000000000054001e-01
3.499999999999658939e-02
4.650000000000034106e-01
1.499999999999985789e-01
4.200000000000017053e-01
1.132500000000000284e+00
2.524999999999977263e-01
3.499999999999658939e-02
2.484999999999999432e+00
3.299999999999982947e-01
6.150000000000019895e-01
8.350000000000008527e-01
4.999999999995452526e-03
3.649999999999948841e-01
1.030000000000001137e+00
1.390000000000000568e+00
3.624999999999971578e-01
1.975000000000051159e-01
2.784999999999996589e+00
3.849999999999980105e-01
1.335000000000000853e+00
9.275000000000019895e-01
2.499999999997726263e-03
9.000000000000341061e-02
1.777499999999996305e+00
1.619999999999997442e+00
7.874999999999943157e-01
1.007500000000000284e+00
4.350000000000022737e-01
2.529999999999994031e+00
5.724999999999980105e-01
1.427500000000001990e+00
1.962499999999998579e+00
6.925000000000025580e-01
5.700000000000002842e-01
1.755000000000002558e+00
2.575000000000002842e-01
1.767499999999998295e+00
6.649999999999991473e-01
2.260000000000005116e+00
2.164999999999999147e+00
2.170000000000001705e+00
1.215000000000003411e+00
1.342499999999994031e+00
3.297499999999999432e+00
2.600000000000051159e-01
2.725000000000008527e-01
1.920000000000001705e+00
2.035000000000003695e+00
1.350000000000001421e+00
8.650000000000019895e-01
3.250000000000028422e-01
4.274999999999948841e-01
1.024999999999991473e-01
9.900000000000019895e-01
2.024999999999998579e+00
2.985000000000006537e+00
6.399999999999934630e-01
1.339999999999996305e+00
1.982500000000001705e+00
2.990000000000001990e+00
2.274999999999991473e-01
8.125000000000000000e-01
8.749999999999857891e-02
1.072500000000005116e+00
1.224999999999951683e-01
5.374999999999943157e-01
1.534999999999996589e+00
1.377500000000004832e+00
1.137499999999995737e+00
8.250000000000028422e-01
5.299999999999940314e-01
5.650000000000048317e-01
8.500000000000085265e-02
1.247499999999995168e+00
3.374999999999985789e-01
1.275000000000005684e+00
6.475000000000008527e-01
8.349999999999937472e-01
1.850000000000022737e-01
2.650000000000005684e-01
1.092500000000001137e+00
1.222500000000003695e+00
2.079999999999998295e+00
6.225000000000022737e-01
4.924999999999997158e-01
5.324999999999988631e-01
1.097499999999996589e+00
3.950000000000031264e-01
1.842500000000001137e+00
1.027499999999996305e+00
6.799999999999997158e-01
9.350000000000022737e-01
2.042500000000003979e+00
1.550000000000011369e-01
5.750000000000454747e-02
9.549999999999982947e-01
3.224999999999980105e-01
3.449999999999988631e-01
2.499999999999857891e-02
8.200000000000002842e-01
7.000000000000028422e-02
3.130000000000002558e+00
2.224999999999965894e-01
1.552500000000001990e+00
2.824999999999995737e+00
5.125000000000028422e-01
1.647500000000000853e+00
1.215000000000003411e+00
2.262500000000002842e+00
4.749999999999943157e-01
1.495000000000004547e+00
1.645000000000003126e+00
5.250000000000198952e-02
4.199999999999945999e-01
8.599999999999994316e-01
3.399999999999963052e-01
1.887500000000002842e+00
2.365000000000001990e+00
6.100000000000065370e-01
2.500000000000000000e-01
2.074999999999960210e-01
3.825000000000002842e-01
2.174999999999997158e+00
3.500000000000014211e-01
1.844999999999998863e+00
4.749999999999943157e-02
2.104999999999996874e+00
1.155000000000001137e+00
7.049999999999982947e-01
9.075000000000059686e-01
1.350000000000001421e+00
3.249999999999886313e-02
4.900000000000019895e-01
2.274999999999991473e-01
5.075000000000002842e-01
2.749999999999985789e-01
6.750000000000255795e-02
8.650000000000019895e-01
4.174999999999968736e-01
9.525000000000005684e-01
1.100000000000001421e+00
5.225000000000008527e-01
1.999999999999957367e-01
1.974999999999980105e-01
1.962500000000005684e+00
3.149999999999977263e-01
3.157499999999998863e+00
9.000000000000341061e-02
1.174999999999997158e-01
3.259999999999998010e+00
1.682500000000004547e+00
9.924999999999997158e-01
3.152500000000003411e+00
1.547499999999999432e+00
2.674999999999982947e-01
1.777500000000003411e+00
2.400000000000019895e-01
9.574999999999960210e-01
1.467500000000001137e+00
2.714999999999996305e+00
1.792499999999996874e+00
1.450000000000031264e-01
2.187500000000000000e+00
1.627499999999997726e+00
7.674999999999982947e-01
2.242499999999999716e+00
2.500000000004831691e-03
8.999999999999630518e-02
1.592500000000001137e+00
1.409999999999996589e+00
5.949999999999988631e-01
8.449999999999988631e-01
1.500000000000056843e-02
4.500000000000170530e-02
1.072499999999998010e+00
9.350000000000022737e-01
4.249999999999687361e-02
1.499999999999985789e-01
3.975000000000008527e-01
4.774999999999991473e-01
7.500000000000284217e-03
1.547500000000006537e+00
1.749999999999971578e-01
2.742499999999999716e+00
2.775000000000005684e+00
1.949999999999995737e+00
1.262500000000002842e+00
5.325000000000059686e-01
2.299999999999968736e-01
6.749999999999971578e-01
2.424999999999997158e-01
1.675000000000039790e-01
2.924999999999968736e-01
1.717500000000001137e+00
1.009999999999998010e+00
6.475000000000008527e-01
2.182499999999997442e+00
8.524999999999991473e-01
4.200000000000017053e-01
3.999999999999985789e-01
6.724999999999994316e-01
6.799999999999997158e-01
4.675000000000011369e-01
3.249999999999957367e-01
1.142499999999998295e+00
9.250000000000113687e-02
1.600000000000036948e-01
8.849999999999980105e-01
1.179999999999999716e+00
2.367499999999999716e+00
7.249999999999801048e-02
1.349999999999980105e-01
1.749999999999829470e-02
1.125000000000000000e+00
3.550000000000039790e-01
8.425000000000011369e-01
1.094999999999998863e+00
2.775000000000034106e-01
2.202500000000000568e+00
2.000000000000000000e+00
3.925000000000054001e-01
1.919999999999994600e+00
1.837499999999998579e+00
2.199999999999988631e-01
3.299999999999982947e-01
5.499999999999971578e-02
2.200000000000059686e-01
3.379999999999995453e+00
1.692499999999995453e+00
4.924999999999997158e-01
3.200000000000002842e-01
1.424999999999982947e-01
1.050000000000039790e-01
4.774999999999991473e-01
7.750000000000056843e-02
2.380000000000002558e+00
8.399999999999963052e-01
3.479999999999996874e+00
2.519999999999996021e+00
1.600000000000036948e-01
2.100000000000001421e+00
1.224999999999951683e-01
1.375000000000028422e-01
9.749999999999658939e-02
1.725000000000001421e+00
2.412500000000001421e+00
1.120000000000004547e+00
1.499999999999985789e-01
1.000000000000014211e-01
1.179999999999999716e+00
2.499999999997726263e-03
8.250000000000028422e-01
3.624999999999971578e-01
2.699999999999960210e-01
2.242499999999999716e+00
1.550000000000011369e-01
2.490000000000001990e+00
7.175000000000011369e-01
1.030000000000001137e+00
8.350000000000008527e-01
3.587499999999998579e+00
7.850000000000036948e-01
1.484999999999999432e+00
1.092500000000001137e+00
5.399999999999991473e-01
3.049999999999997158e-01
2.625000000000028422e-01
2.175000000000011369e-01
5.274999999999963052e-01
5.724999999999980105e-01
1.275000000000048317e-01
1.212499999999998579e+00
1.125000000000042633e-01
6.774999999999948841e-01
9.650000000000034106e-01
2.727499999999999147e+00
3.174999999999997158e+00
6.424999999999982947e-01
2.550000000000025580e-01
2.599999999999980105e-01
1.289999999999999147e+00
9.574999999999960210e-01
2.199999999999988631e-01
5.825000000000031264e-01
3.875000000000028422e-01
2.622500000000002274e+00
3.774999999999977263e-01
2.299999999999968736e-01
3.240000000000001990e+00
1.447499999999998010e+00
7.750000000000056843e-02
1.417500000000003979e+00
1.884999999999998010e+00
2.599999999999994316e+00
1.525000000000034106e-01
1.392499999999998295e+00
2.884999999999998010e+00
3.425000000000011369e-01
8.075000000000045475e-01
2.987500000000004263e+00
1.950000000000002842e-01
2.242499999999999716e+00
9.200000000000017053e-01
5.949999999999988631e-01
7.750000000000056843e-02
1.250000000000000000e+00
3.400000000000034106e-01
2.199999999999988631e-01
1.297499999999999432e+00
1.950000000000002842e-01
9.074999999999988631e-01
6.499999999999772626e-02
1.477499999999999147e+00
1.105000000000003979e+00
3.107500000000001705e+00
1.009999999999998010e+00
2.785000000000003695e+00
3.265000000000000568e+00
6.049999999999968736e-01
9.575000000000031264e-01
1.099999999999994316e-01
2.619999999999997442e+00
2.195000000000000284e+00
6.875000000000000000e-01
9.799999999999968736e-01
2.049999999999982947e-01
1.442500000000002558e+00
3.774999999999977263e-01
3.112500000000004263e+00
4.574999999999960210e-01
7.500000000000000000e-01
3.474999999999965894e-01
4.249999999999971578e-01
7.150000000000034106e-01
3.824999999999931788e-01
1.924999999999954525e-01
1.620000000000004547e+00
1.429999999999999716e+00
7.875000000000014211e-01
9.650000000000034106e-01
5.525000000000019895e-01
5.000000000002557954e-03
2.100000000000008527e-01
2.499999999997726263e-03
1.112499999999997158e+00
2.612500000000004263e+00
4.249999999999971578e-01
1.447500000000005116e+00
1.292500000000003979e+00
4.249999999999971578e-01
5.949999999999988631e-01
7.725000000000008527e-01
2.124999999999985789e-01
1.375000000000028422e-01
7.025000000000005684e-01
9.549999999999982947e-01
9.975000000000022737e-01
2.570000000000000284e+00
2.349999999999994316e-01
2.530000000000001137e+00
1.700000000000017053e-01
9.425000000000025580e-01
6.024999999999991473e-01
1.247499999999995168e+00
4.175000000000039790e-01
2.174999999999940314e-01
6.750000000000042633e-01
5.150000000000005684e-01
3.977499999999999147e+00
1.074999999999995737e+00
6.000000000000014211e-01
2.499999999997726263e-03
1.712499999999998579e+00
2.337499999999998579e+00
2.250000000000014211e-01
2.015000000000000568e+00
2.259999999999998010e+00
3.664999999999999147e+00
1.439999999999997726e+00
6.950000000000002842e-01
1.560000000000002274e+00
5.899999999999963052e-01
1.030000000000001137e+00
3.000000000000042633e-01
1.349999999999980105e-01
1.250000000000284217e-02
9.999999999999431566e-02
1.035000000000003695e+00
5.999999999999516831e-02
9.774999999999991473e-01
9.650000000000034106e-01
3.859999999999999432e+00
1.550000000000011369e-01
1.250000000000284217e-02
1.499999999999985789e-01
4.250000000000397904e-02
9.349999999999951683e-01
3.332499999999996021e+00
4.375000000000000000e-01
2.289999999999999147e+00
3.244999999999997442e+00
1.077500000000000568e+00
3.925000000000054001e-01
3.874999999999957367e-01
2.250000000000085265e-02
7.750000000000056843e-02
2.774999999999963052e-01
3.949999999999960210e-01
2.824999999999988631e-01
3.449999999999988631e-01
1.924999999999997158e+00
6.400000000000005684e-01
6.250000000000000000e-02
1.435000000000002274e+00
1.512500000000002842e+00
2.479999999999996874e+00
2.750000000000341061e-02
1.602499999999999147e+00
