1.062500000000003553e+00
7.274999999999991473e-01
8.950000000000031264e-01
1.542499999999996874e+00
3.774999999999977263e-01
5.049999999999990052e-01
4.250000000000042633e-02
8.399999999999998579e-01
6.299999999999990052e-01
2.125000000000021316e-01
1.400000000000005684e-01
1.652499999999999858e+00
7.624999999999957367e-01
3.025000000000019895e-01
2.399999999999984368e-01
1.300000000000025580e-01
2.594999999999995310e+00
5.000000000000426326e-02
1.274999999999977263e-01
3.800000000000025580e-01
8.374999999999985789e-01
3.575000000000017053e-01
3.749999999999786837e-02
3.399999999999998579e-01
4.150000000000027001e-01
2.144999999999996021e+00
2.750000000000341061e-02
3.335000000000000853e+00
2.074999999999995737e-01
3.175000000000000711e+00
9.250000000000113687e-02
3.447499999999998010e+00
4.225000000000029843e-01
6.149999999999984368e-01
1.247499999999998721e+00
3.475000000000001421e-01
2.899999999999991473e-01
1.299999999999990052e-01
1.500000000000056843e-02
1.435000000000002274e+00
1.319999999999996732e+00
6.825000000000009948e-01
1.424999999999982947e-01
2.100000000000008527e-01
2.099999999999994316e+00
1.084999999999997300e+00
2.585000000000004405e+00
1.850000000000022737e-01
1.780000000000001137e+00
2.274999999999991473e-01
2.750000000000021316e-01
7.349999999999994316e-01
1.349999999999980105e-01
8.625000000000007105e-01
1.574999999999995737e+00
4.800000000000004263e-01
5.724999999999980105e-01
1.750000000000184741e-02
1.342500000000001137e+00
5.549999999999997158e-01
5.425000000000004263e-01
1.649999999999998579e+00
1.417499999999996874e+00
9.075000000000024158e-01
2.274999999999991473e-01
1.825000000000009948e-01
2.250000000000085265e-02
1.725000000000001421e+00
2.325000000000017053e-01
1.317499999999999005e+00
2.129999999999999005e+00
1.000000000000014211e-01
1.750000000000042633e-01
9.349999999999987210e-01
1.400000000000005684e-01
1.147500000000000853e+00
1.682499999999997442e+00
9.499999999999886313e-02
1.572499999999998010e+00
9.499999999999886313e-02
8.249999999999957367e-02
2.482499999999998153e+00
7.500000000000000000e-01
2.625000000000028422e-01
1.897500000000000853e+00
1.487500000000000711e+00
2.725000000000008527e-01
1.522499999999997300e+00
1.865000000000001990e+00
1.877499999999997726e+00
1.464999999999999858e+00
3.504999999999999005e+00
7.325000000000017053e-01
1.420000000000001705e+00
2.455000000000001847e+00
1.427499999999998437e+00
3.332499999999999574e+00
1.017499999999998295e+00
1.500000000000021316e-01
5.999999999999872102e-02
4.059999999999998721e+00
3.750000000000142109e-02
1.024999999999991473e-01
6.550000000000011369e-01
1.439999999999997726e+00
6.875000000000000000e-01
8.000000000000007105e-01
3.249999999999886313e-02
1.999999999999992895e-01
2.125000000000021316e-01
1.267500000000001847e+00
2.315000000000001279e+00
7.174999999999975842e-01
2.250000000000085265e-02
1.495000000000000995e+00
1.125000000000000000e+00
1.275000000000002132e+00
2.274999999999991473e-01
5.750000000000099476e-02
8.750000000000000000e-01
3.949999999999995737e-01
9.474999999999980105e-01
1.395000000000003126e+00
9.624999999999985789e-01
6.250000000000000000e-02
1.065000000000001279e+00
5.174999999999982947e-01
1.250000000000284217e-02
3.799999999999990052e-01
1.034999999999996589e+00
7.200000000000059686e-01
3.949999999999995737e-01
4.175000000000004263e-01
8.224999999999980105e-01
1.350000000000015632e-01
3.974999999999972999e-01
2.950000000000017053e-01
1.374999999999996447e+00
1.850000000000022737e-01
1.225000000000001421e+00
3.774999999999977263e-01
6.625000000000014211e-01
1.467499999999997584e+00
1.325000000000002842e-01
1.250000000000000000e-01
1.515000000000000568e+00
3.649999999999984368e-01
3.180000000000003268e+00
1.170000000000001705e+00
4.850000000000029843e-01
2.004999999999999005e+00
1.155000000000001137e+00
1.652500000000003411e+00
4.974999999999987210e-01
6.675000000000004263e-01
7.000000000000028422e-02
7.125000000000021316e-01
5.874999999999985789e-01
2.537499999999997868e+00
1.549999999999975842e-01
1.032500000000002416e+00
5.899999999999998579e-01
3.249999999999886313e-02
9.250000000000113687e-02
9.375000000000000000e-01
9.225000000000029843e-01
1.649999999999991473e-01
2.424999999999997158e-01
1.432500000000000995e+00
2.624999999999957367e-01
2.607499999999998153e+00
5.599999999999987210e-01
2.225000000000001421e-01
2.287500000000001421e+00
1.862499999999997158e+00
1.749999999999971578e-01
7.075000000000031264e-01
6.499999999999772626e-02
4.250000000000042633e-02
3.025000000000019895e-01
4.549999999999982947e-01
1.700000000000017053e-01
4.274999999999984368e-01
1.567500000000002558e+00
1.244999999999997442e+00
1.925000000000025580e-01
4.474999999999980105e-01
1.000000000000014211e-01
5.499999999999971578e-02
9.375000000000000000e-01
3.475000000000001421e-01
8.075000000000009948e-01
2.589999999999999858e+00
2.724999999999972999e-01
2.975000000000029843e-01
3.999999999999914735e-02
1.047499999999999432e+00
1.449999999999995737e-01
7.499999999999928946e-02
6.575000000000024158e-01
1.932499999999997442e+00
3.175000000000025580e-01
7.749999999999701572e-02
7.950000000000017053e-01
9.974999999999987210e-01
1.600000000000001421e-01
9.800000000000004263e-01
1.409999999999996589e+00
6.699999999999981526e-01
2.075000000000002842e+00
8.200000000000002842e-01
1.369999999999997442e+00
2.087499999999998579e+00
7.674999999999982947e-01
2.125000000000021316e-01
1.699999999999981526e-01
2.050000000000018474e-01
2.249999999999729994e-02
6.325000000000002842e-01
2.335000000000000853e+00
7.225000000000036948e-01
1.035000000000000142e+00
1.262499999999999289e+00
6.024999999999991473e-01
7.850000000000001421e-01
3.540000000000002700e+00
2.035000000000000142e+00
2.149999999999998579e-01
1.407499999999998863e+00
2.662500000000001421e+00
8.025000000000019895e-01
7.499999999999573674e-02
2.439999999999997726e+00
1.697499999999998010e+00
4.775000000000027001e-01
1.399999999999970157e-01
3.500000000000014211e-02
9.924999999999997158e-01
4.825000000000017053e-01
8.374999999999985789e-01
7.450000000000009948e-01
4.400000000000012790e-01
7.499999999999964473e-01
2.625000000000028422e-01
7.375000000000042633e-01
1.377500000000001279e+00
1.139999999999997016e+00
6.325000000000002842e-01
7.274999999999991473e-01
1.920000000000001705e+00
7.999999999999829470e-02
7.500000000000284217e-03
3.000000000000113687e-02
3.825000000000002842e-01
6.499999999999985789e-01
2.025000000000005684e-01
2.100000000000008527e-01
1.532499999999995310e+00
5.000000000000426326e-02
1.405000000000001137e+00
8.375000000000021316e-01
4.525000000000005684e-01
3.899999999999970157e-01
8.249999999999957367e-02
1.410000000000003695e+00
8.025000000000019895e-01
2.280000000000001137e+00
9.549999999999982947e-01
6.499999999999985789e-01
3.312499999999996447e+00
1.499999999999701572e-02
1.675000000000004263e-01
3.425000000000011369e-01
2.725000000000008527e-01
2.785000000000000142e+00
2.250000000000085265e-02
2.324999999999981526e-01
1.327500000000000568e+00
6.275000000000012790e-01
1.325000000000002842e-01
1.875000000000000000e-01
2.190000000000001279e+00
2.825000000000002842e+00
2.249999999999729994e-02
1.924999999999954525e-01
2.424999999999997158e-01
2.864999999999998437e+00
7.600000000000051159e-01
3.417499999999996874e+00
1.414999999999999147e+00
5.499999999999971578e-02
5.399999999999991473e-01
7.500000000000284217e-02
9.699999999999988631e-01
8.875000000000028422e-01
1.045000000000001705e+00
1.950000000000002842e-01
1.747499999999998721e+00
1.132500000000000284e+00
2.100000000000008527e-01
3.724999999999987210e-01
1.019999999999999574e+00
1.504999999999999005e+00
1.004999999999999005e+00
2.119999999999997442e+00
2.374999999999971578e-01
9.600000000000008527e-01
4.774999999999991473e-01
3.800000000000025580e-01
3.484999999999995879e+00
4.749999999999943157e-02
9.000000000000021316e-01
9.999999999998010480e-03
1.449999999999995737e-01
8.425000000000011369e-01
2.500000000000213163e-02
1.109999999999999432e+00
2.225000000000001421e-01
2.082499999999999574e+00
6.799999999999997158e-01
9.249999999999758415e-02
3.424999999999997158e+00
2.574999999999967315e-01
2.950000000000017053e-01
3.374999999999985789e-01
5.725000000000015632e-01
8.425000000000011369e-01
3.924999999999982947e-01
1.224999999999994316e+00
2.100000000000008527e-01
1.099999999999997868e+00
7.424999999999997158e-01
1.999999999999992895e-01
4.250000000000007105e-01
3.950000000000031264e-01
1.079999999999998295e+00
6.225000000000022737e-01
7.524999999999977263e-01
9.150000000000027001e-01
5.874999999999985789e-01
6.000000000000014211e-01
2.749999999999630518e-02
1.575000000000059686e-01
3.499999999999658939e-02
2.625000000000028422e-01
1.344999999999998863e+00
1.250000000000284217e-02
1.049999999999968736e-01
1.645000000000003126e+00
7.000000000000028422e-02
4.249999999999687361e-02
4.699999999999988631e-01
4.799999999999968736e-01
7.500000000000284217e-03
8.324999999999995737e-01
1.587499999999998579e+00
2.774999999999998579e-01
6.250000000000035527e-01
5.799999999999982947e-01
2.697499999999998010e+00
5.850000000000008527e-01
7.500000000000000000e-01
3.300000000000018474e-01
2.100000000000008527e-01
1.627500000000001279e+00
2.182500000000000995e+00
8.749999999999857891e-02
5.275000000000034106e-01
7.000000000000028422e-02
1.205000000000001847e+00
3.049999999999997158e-01
2.324999999999981526e-01
2.050000000000018474e-01
4.499999999999992895e-01
1.317499999999999005e+00
1.352499999999995595e+00
2.507500000000000284e+00
1.024999999999991473e-01
3.775000000000012790e-01
2.314999999999997726e+00
1.839999999999999858e+00
1.074999999999999289e+00
4.649999999999998579e-01
9.474999999999980105e-01
4.899999999999984368e-01
1.310000000000002274e+00
3.399999999999998579e-01
8.624999999999971578e-01
2.700000000000031264e-01
1.030000000000001137e+00
3.725000000000022737e-01
2.549999999999990052e-01
1.675000000000000711e+00
4.574999999999995737e-01
9.250000000000113687e-02
7.174999999999975842e-01
2.487500000000004263e+00
2.949999999999981526e-01
5.850000000000008527e-01
8.700000000000009948e-01
6.549999999999975842e-01
1.325000000000002842e-01
6.149999999999984368e-01
2.550000000000025580e-01
7.999999999999829470e-02
4.149999999999991473e-01
2.042500000000000426e+00
7.499999999996731503e-03
7.650000000000005684e-01
7.375000000000042633e-01
1.312500000000000000e+00
2.800000000000011369e-01
1.524999999999998579e-01
5.674999999999990052e-01
3.250000000000028422e-01
1.052499999999998437e+00
1.900000000000012790e-01
5.974999999999965894e-01
2.100000000000001421e+00
7.500000000000284217e-03
1.104999999999996874e+00
2.925000000000004263e-01
1.570000000000003837e+00
4.649999999999963052e-01
4.500000000000028422e-01
9.525000000000005684e-01
2.250000000000085265e-02
7.974999999999994316e-01
4.924999999999997158e-01
2.499999999999857891e-02
4.750000000000014211e-01
1.374999999999992895e-01
3.874999999999992895e-01
4.750000000000014211e-01
4.125000000000014211e-01
1.339999999999999858e+00
3.249999999999886313e-02
3.000000000000007105e-01
1.649999999999991473e-01
1.600000000000001421e-01
4.649999999999998579e-01
8.575000000000017053e-01
2.825000000000059686e-01
1.472500000000000142e+00
2.207499999999996021e+00
2.225000000000036948e-01
2.089999999999999858e+00
1.769999999999999574e+00
8.299999999999982947e-01
2.424999999999997158e-01
2.149999999999998579e-01
3.750000000000000000e-01
2.875000000000000000e+00
1.494999999999997442e+00
1.510000000000001563e+00
4.474999999999980105e-01
7.699999999999995737e-01
2.100000000000008527e-01
2.127499999999997726e+00
3.799999999999990052e-01
2.424999999999997158e-01
3.775000000000012790e-01
4.849999999999994316e-01
8.125000000000000000e-01
6.675000000000004263e-01
3.999999999999914735e-02
4.375000000000000000e-01
1.390000000000000568e+00
2.512499999999999289e+00
6.750000000000042633e-01
2.349999999999994316e-01
2.575000000000002842e-01
7.500000000000284217e-03
4.299999999999997158e-01
3.249999999999886313e-02
1.037500000000001421e+00
3.550000000000004263e-01
1.054999999999999716e+00
1.274999999999977263e-01
1.600000000000001421e-01
4.000000000000270006e-02
1.004999999999999005e+00
1.040000000000006253e+00
1.254999999999999005e+00
1.050000000000000711e+00
1.299999999999990052e-01
2.674999999999982947e-01
8.999999999999985789e-01
1.369999999999997442e+00
2.524999999999977263e-01
3.750000000000000000e-01
2.525000000000012790e-01
1.379999999999999005e+00
5.675000000000025580e-01
5.399999999999991473e-01
1.672500000000006537e+00
2.102499999999999147e+00
1.044999999999998153e+00
1.799999999999997158e-01
1.442500000000002558e+00
4.275000000000019895e-01
2.824999999999988631e-01
8.750000000000213163e-02
5.324999999999988631e-01
5.350000000000001421e-01
1.214999999999996305e+00
5.150000000000005684e-01
2.100000000000008527e-01
1.427499999999998437e+00
2.825000000000024158e-01
6.024999999999991473e-01
7.249999999999978684e-01
1.424999999999982947e-01
8.725000000000022737e-01
1.082499999999999574e+00
2.542500000000000426e+00
7.899999999999991473e-01
1.350000000000015632e-01
1.087499999999998579e+00
3.500000000000014211e-02
1.700000000000002842e+00
4.750000000000014211e-01
3.949999999999960210e-01
1.125000000000000000e+00
8.174999999999990052e-01
5.499999999999971578e-02
2.200000000000024158e-01
3.774999999999977263e-01
4.700000000000024158e-01
1.199999999999974420e-01
1.125000000000000000e+00
3.475000000000036948e-01
1.917499999999996874e+00
4.224999999999994316e-01
1.914999999999999147e+00
8.625000000000007105e-01
1.127499999999997726e+00
4.674999999999975842e-01
1.167500000000000426e+00
1.380000000000002558e+00
1.015000000000000568e+00
7.149999999999998579e-01
1.262499999999999289e+00
2.100000000000008527e-01
3.499999999999658939e-02
1.789999999999999147e+00
3.874999999999992895e-01
1.132500000000000284e+00
7.100000000000008527e-01
1.557499999999997442e+00
2.900000000000027001e-01
4.375000000000000000e-01
6.074999999999981526e-01
4.050000000000011369e-01
1.864999999999998437e+00
1.325000000000002842e-01
7.049999999999982947e-01
2.510000000000001563e+00
1.057500000000000995e+00
1.274999999999977263e-01
8.974999999999937472e-01
2.324999999999981526e-01
5.575000000000009948e-01
1.424999999999982947e-01
7.325000000000017053e-01
5.725000000000015632e-01
9.249999999999758415e-02
8.249999999999957367e-02
7.000000000000028422e-01
1.075000000000017053e-01
5.099999999999980105e-01
9.450000000000002842e-01
2.472500000000000142e+00
1.219999999999998863e+00
9.774999999999991473e-01
2.564999999999997726e+00
2.700000000000031264e-01
7.000000000000028422e-02
1.707499999999999574e+00
8.000000000000007105e-01
1.257499999999996732e+00
2.047499999999999432e+00
2.507500000000000284e+00
5.000000000000071054e-02
3.149999999999977263e-01
1.899999999999977263e-01
1.892499999999998295e+00
1.140000000000000568e+00
5.850000000000008527e-01
1.097499999999996589e+00
1.607500000000001705e+00
1.475000000000008527e-01
8.749999999999857891e-02
2.225000000000001421e-01
2.699999999999995737e-01
1.350000000000001421e+00
2.462500000000002132e+00
6.374999999999992895e-01
8.324999999999995737e-01
2.187500000000003553e+00
3.249999999999886313e-02
1.217500000000001137e+00
2.599999999999980105e-01
3.399999999999998579e-01
8.674999999999997158e-01
2.500000000000213163e-02
3.417500000000000426e+00
1.192500000000002558e+00
6.325000000000002842e-01
1.667500000000000426e+00
1.249999999999928946e-02
1.675000000000004263e-01
5.899999999999963052e-01
5.150000000000005684e-01
1.442499999999999005e+00
1.324999999999999289e+00
3.249999999999886313e-02
4.275000000000019895e-01
1.774999999999984368e-01
5.500000000000007105e-01
7.849999999999965894e-01
2.925000000000004263e-01
4.475000000000015632e-01
2.300000000000004263e-01
5.674999999999990052e-01
1.967500000000001137e+00
1.785000000000003695e+00
2.499999999999857891e-02
7.025000000000005684e-01
8.774999999999977263e-01
2.925000000000004263e-01
1.725000000000029843e-01
1.324999999999967315e-01
4.250000000000042633e-02
9.450000000000002842e-01
1.992499999999996163e+00
1.054999999999999716e+00
1.517500000000001847e+00
1.925000000000025580e-01
6.449999999999995737e-01
6.749999999999900524e-02
2.052500000000001990e+00
4.924999999999961631e-01
5.075000000000002842e-01
1.289999999999999147e+00
4.449999999999967315e-01
2.237500000000000711e+00
6.925000000000025580e-01
9.649999999999963052e-01
1.747500000000002274e+00
1.344999999999998863e+00
1.077499999999993463e+00
2.207500000000003126e+00
2.724999999999972999e-01
2.025000000000005684e-01
8.550000000000039790e-01
6.400000000000005684e-01
2.322499999999998010e+00
1.120000000000000995e+00
2.677499999999998437e+00
1.530000000000001137e+00
1.257500000000003837e+00
5.599999999999987210e-01
1.392500000000001847e+00
6.624999999999978684e-01
1.884999999999998010e+00
2.004999999999999005e+00
1.267499999999998295e+00
9.849999999999994316e-01
9.250000000000113687e-02
2.420000000000001705e+00
4.277499999999996305e+00
1.800000000000000711e+00
6.449999999999995737e-01
1.074999999999981526e-01
6.075000000000017053e-01
3.950000000000031264e-01
2.695000000000000284e+00
4.450000000000002842e-01
7.000000000000028422e-02
2.174999999999975842e-01
6.050000000000004263e-01
5.499999999999971578e-02
2.567499999999999005e+00
1.737500000000000711e+00
1.304999999999999716e+00
3.522499999999997300e+00
2.015000000000000568e+00
1.399999999999970157e-01
3.000000000000007105e-01
7.200000000000024158e-01
4.174999999999968736e-01
3.925000000000018474e-01
1.229999999999996874e+00
2.417500000000000426e+00
6.100000000000029843e-01
3.119999999999997442e+00
5.850000000000008527e-01
1.899999999999977263e-01
6.675000000000004263e-01
1.747500000000002274e+00
6.400000000000005684e-01
1.267499999999998295e+00
4.250000000000042633e-02
9.475000000000015632e-01
1.557500000000000995e+00
2.664999999999999147e+00
4.149999999999991473e-01
1.269999999999999574e+00
1.087500000000002132e+00
9.850000000000029843e-01
1.742499999999999716e+00
9.499999999999886313e-02
4.299999999999997158e-01
7.225000000000001421e-01
5.650000000000012790e-01
9.750000000000014211e-01
3.400000000000034106e-01
4.024999999999998579e-01
1.974999999999997868e+00
9.199999999999981526e-01
8.500000000000085265e-02
2.554999999999996163e+00
1.574999999999988631e-01
3.550000000000004263e-01
5.425000000000004263e-01
2.875000000000014211e-01
7.274999999999991473e-01
4.649999999999998579e-01
3.812500000000003553e+00
3.875000000000028422e-01
7.249999999999801048e-02
3.350000000000008527e-01
2.897500000000000853e+00
1.565000000000004832e+00
2.112500000000000711e+00
5.899999999999998579e-01
9.299999999999997158e-01
1.715000000000003411e+00
2.375000000000007105e-01
1.952500000000000568e+00
5.174999999999982947e-01
8.025000000000019895e-01
1.749999999999829470e-02
1.117499999999999716e+00
7.074999999999995737e-01
7.149999999999998579e-01
8.299999999999982947e-01
2.924999999999968736e-01
9.075000000000024158e-01
3.500000000000014211e-02
2.974999999999994316e-01
1.132500000000000284e+00
1.187500000000000000e+00
7.449999999999974420e-01
9.800000000000004263e-01
3.399999999999998579e-01
8.999999999999985789e-02
4.749999999999943157e-02
1.715000000000003411e+00
2.770000000000003126e+00
2.500000000000213163e-02
4.250000000000042633e-02
7.124999999999985789e-01
1.734999999999999432e+00
1.962499999999998579e+00
7.450000000000009948e-01
7.324999999999981526e-01
5.700000000000002842e-01
2.749999999999985789e-02
5.474999999999994316e-01
1.500000000000000000e+00
1.875000000000000000e-01
9.499999999999886313e-02
5.999999999999872102e-02
4.675000000000011369e-01
5.650000000000012790e-01
6.325000000000002842e-01
3.030000000000001137e+00
1.272500000000000853e+00
4.175000000000004263e-01
1.492499999999999716e+00
1.435000000000002274e+00
1.034999999999996589e+00
7.000000000000028422e-02
1.500000000000056843e-02
9.574999999999995737e-01
1.012499999999999289e+00
3.049999999999997158e-01
2.187500000000003553e+00
7.974999999999994316e-01
3.175000000000025580e-01
1.209999999999997300e+00
1.500000000000000000e+00
6.624999999999978684e-01
2.950000000000017053e-01
6.299999999999990052e-01
5.350000000000001421e-01
6.124999999999971578e-01
3.647500000000000853e+00
1.562500000000000000e+00
6.174999999999997158e-01
5.499999999999971578e-02
1.402499999999999858e+00
8.299999999999982947e-01
1.395000000000003126e+00
1.722500000000000142e+00
1.414999999999999147e+00
1.099999999999994316e-01
2.199999999999988631e-01
7.500000000000284217e-03
8.950000000000031264e-01
1.844999999999998863e+00
1.224999999999987210e-01
1.900000000000012790e-01
8.149999999999977263e-01
1.182499999999997442e+00
4.249999999999971578e-01
5.275000000000034106e-01
7.799999999999975842e-01
5.399999999999991473e-01
7.025000000000041211e-01
1.160000000000003695e+00
1.792500000000000426e+00
7.000000000000028422e-02
1.204999999999998295e+00
2.287499999999997868e+00
1.342500000000001137e+00
3.500000000000014211e-01
6.599999999999965894e-01
1.745000000000000995e+00
6.924999999999990052e-01
2.500000000000000000e-01
2.445000000000000284e+00
8.700000000000009948e-01
3.224999999999980105e-01
4.649999999999998579e-01
1.160000000000003695e+00
1.250000000000000000e-01
1.914999999999999147e+00
1.730000000000000426e+00
3.509999999999998010e+00
1.462499999999998579e+00
1.265000000000000568e+00
6.375000000000028422e-01
1.050000000000004263e-01
2.094999999999998863e+00
7.524999999999977263e-01
2.844999999999998863e+00
2.475000000000022737e-01
8.349999999999972999e-01
3.075000000000009948e-01
1.962500000000002132e+00
1.625000000000014211e-01
1.785000000000000142e+00
6.574999999999988631e-01
1.515000000000000568e+00
4.325000000000009948e-01
5.135000000000001563e+00
3.465000000000003411e+00
3.524999999999991473e-01
1.000000000000156319e-02
7.999999999999829470e-02
1.897500000000000853e+00
2.800000000000011369e-01
1.410000000000000142e+00
3.722500000000003695e+00
2.309999999999998721e+00
3.500000000000014211e-02
2.850000000000036948e-01
1.599999999999965894e-01
4.749999999999943157e-02
2.390000000000000568e+00
1.135000000000001563e+00
8.399999999999998579e-01
9.324999999999974420e-01
2.250000000000085265e-02
7.000000000000028422e-02
4.474999999999980105e-01
1.275000000000012790e-01
2.222499999999996589e+00
1.550000000000011369e-01
4.500000000000170530e-02
2.522499999999997300e+00
8.200000000000002842e-01
1.174999999999997158e-01
4.500000000000170530e-02
3.874999999999992895e-01
1.999999999999957367e-02
7.500000000000284217e-03
2.450000000000009948e-01
1.570000000000000284e+00
1.177499999999998437e+00
9.125000000000014211e-01
1.732499999999998153e+00
2.304999999999999716e+00
1.149999999999984368e-01
2.577499999999997016e+00
1.824999999999999289e+00
3.484999999999999432e+00
1.510000000000001563e+00
7.399999999999984368e-01
2.555000000000003268e+00
1.045000000000001705e+00
5.225000000000008527e-01
8.524999999999991473e-01
1.632500000000000284e+00
5.050000000000025580e-01
1.010000000000005116e+00
2.624999999999992895e-01
2.184999999999998721e+00
3.724999999999987210e-01
1.414999999999999147e+00
8.425000000000011369e-01
1.000000000000014211e-01
2.169999999999998153e+00
3.249999999999886313e-02
1.125000000000000000e+00
1.700000000000017053e-01
7.474999999999987210e-01
4.199999999999981526e-01
1.272500000000000853e+00
5.150000000000005684e-01
3.900000000000005684e-01
1.745000000000000995e+00
1.074999999999981526e-01
8.925000000000018474e-01
3.492500000000003268e+00
1.219999999999998863e+00
5.374999999999978684e-01
3.400000000000034106e-01
3.749999999999786837e-02
1.367499999999999716e+00
2.899999999999991473e-01
5.750000000000099476e-02
2.334999999999997300e+00
5.365000000000001990e+00
8.650000000000019895e-01
2.575000000000002842e-01
1.687500000000000000e+00
1.249999999999928946e-02
1.295000000000001705e+00
1.849999999999987210e-01
4.950000000000009948e-01
3.999999999999914735e-02
7.550000000000025580e-01
2.567499999999999005e+00
7.199999999999988631e-01
8.999999999999985789e-01
2.125000000000021316e-01
1.829999999999998295e+00
2.640000000000000568e+00
4.649999999999963052e-01
1.239999999999998437e+00
5.000000000002557954e-03
3.574999999999981526e-01
6.374999999999992895e-01
8.475000000000036948e-01
5.037500000000001421e+00
5.324999999999988631e-01
6.574999999999988631e-01
2.722500000000000142e+00
1.250000000000284217e-02
2.270000000000003126e+00
1.392500000000001847e+00
1.957499999999996021e+00
2.357500000000001705e+00
2.100000000000008527e-01
1.897500000000000853e+00
1.275000000000012790e-01
8.650000000000019895e-01
5.249999999999985789e-01
8.425000000000011369e-01
1.077500000000000568e+00
1.849999999999997868e+00
1.609999999999995879e+00
3.850000000000015632e-01
9.499999999999886313e-02
2.850000000000001421e-01
9.574999999999995737e-01
1.900000000000012790e-01
4.007500000000000284e+00
3.087499999999998579e+00
1.504999999999995453e+00
1.952500000000000568e+00
1.154999999999994031e+00
3.999999999999914735e-02
1.449999999999995737e-01
2.269999999999999574e+00
3.500000000000014211e-01
9.499999999999886313e-02
2.550000000000025580e-01
2.824999999999988631e-01
1.712500000000002132e+00
7.249999999999801048e-02
2.400000000000019895e-01
9.875000000000007105e-01
2.699999999999960210e-01
6.850000000000022737e-01
8.249999999999957367e-02
2.655000000000001137e+00
3.900000000000005684e+00
2.749999999999985789e-02
2.974999999999994316e-01
2.925000000000004263e-01
3.149999999999977263e-01
1.394999999999999574e+00
6.250000000000000000e-02
3.799999999999990052e-01
5.200000000000031264e-01
5.674999999999990052e-01
2.500000000001278977e-03
3.499999999999978684e-01
9.500000000000028422e-01
4.699999999999988631e-01
7.899999999999991473e-01
1.719999999999998863e+00
3.575000000000017053e-01
6.799999999999997158e-01
1.664999999999999147e+00
2.452500000000000568e+00
7.499999999999928946e-02
2.615000000000001990e+00
3.474999999999965894e-01
2.975000000000001421e+00
1.475000000000008527e-01
1.475000000000008527e-01
9.549999999999982947e-01
5.025000000000012790e-01
3.999999999999914735e-02
8.000000000000042633e-01
8.499999999999374722e-02
6.200000000000045475e-01
7.499999999999928946e-02
5.075000000000002842e-01
7.225000000000001421e-01
8.825000000000002842e-01
8.049999999999961631e-01
2.450000000000045475e-01
3.499999999999658939e-02
1.642499999999998295e+00
2.765000000000000568e+00
5.075000000000002842e-01
5.514999999999997016e+00
7.250000000000156319e-02
1.950000000000002842e-01
4.912500000000001421e+00
3.949999999999995737e-01
5.824999999999995737e-01
3.350000000000008527e-01
1.269999999999999574e+00
5.000000000000071054e-02
1.592499999999997584e+00
3.825000000000002842e-01
8.325000000000031264e-01
2.527499999999996305e+00
1.009999999999998010e+00
2.074999999999995737e-01
3.524999999999991473e-01
1.944999999999996732e+00
4.500000000000170530e-02
2.925000000000039790e-01
8.074999999999974420e-01
3.200000000000002842e-01
9.649999999999998579e-01
4.574999999999995737e-01
4.975000000000022737e-01
1.149999999999984368e-01
9.075000000000024158e-01
1.352500000000006253e+00
6.424999999999982947e-01
5.075000000000002842e-01
1.732499999999998153e+00
2.397499999999997300e+00
2.074999999999995737e-01
8.650000000000019895e-01
3.125000000000000000e-01
2.007500000000000284e+00
4.250000000000007105e-01
1.544999999999998153e+00
4.824999999999981526e-01
8.674999999999997158e-01
9.250000000000042633e-01
1.412500000000001421e+00
1.849999999999987210e-01
1.384999999999998010e+00
2.575000000000002842e-01
1.225000000000022737e-01
2.379999999999999005e+00
2.000000000000028422e-01
4.074999999999988631e-01
1.174999999999997158e-01
1.672499999999999432e+00
1.839999999999999858e+00
1.547499999999999432e+00
6.125000000000007105e-01
3.524999999999991473e-01
1.285000000000000142e+00
4.850000000000029843e-01
3.072499999999998010e+00
6.800000000000032685e-01
1.449999999999995737e-01
1.499999999999985789e-01
2.689999999999997726e+00
9.100000000000001421e-01
5.400000000000027001e-01
1.149999999999998579e+00
2.750000000000341061e-02
2.287499999999997868e+00
1.542500000000000426e+00
9.500000000000241585e-02
4.274999999999984368e-01
3.175000000000025580e-01
1.749999999999829470e-02
3.065000000000001279e+00
7.849999999999965894e-01
7.899999999999991473e-01
4.250000000000007105e-01
2.774999999999998579e-01
1.335000000000000853e+00
2.049999999999982947e-01
7.474999999999951683e-01
8.249999999999957367e-02
4.050000000000011369e-01
3.775000000000012790e-01
1.614999999999994884e+00
2.050000000000054001e-01
2.015000000000000568e+00
6.174999999999997158e-01
3.700000000000009948e-01
1.250000000000000000e-01
4.224999999999994316e-01
4.224999999999994316e-01
2.499999999997726263e-03
4.487500000000000711e+00
8.025000000000019895e-01
4.224999999999994316e-01
5.200000000000031264e-01
6.999999999999992895e-01
7.899999999999991473e-01
2.374999999999971578e-01
2.394999999999996021e+00
1.254999999999999005e+00
2.800000000000011369e-01
6.050000000000004263e-01
2.275000000000027001e-01
3.957500000000003126e+00
8.724999999999987210e-01
2.850000000000001421e-01
1.502500000000004832e+00
3.375000000000021316e-01
3.724999999999987210e-01
6.050000000000004263e-01
1.425000000000018474e-01
5.999999999999978684e-01
1.299999999999990052e-01
1.162500000000001421e+00
1.820000000000000284e+00
6.224999999999987210e-01
1.207499999999996021e+00
1.029999999999997584e+00
3.949999999999995737e-01
9.650000000000034106e-01
2.807499999999997442e+00
3.525000000000027001e-01
6.849999999999987210e-01
2.324999999999981526e-01
4.000000000000021316e-01
1.355000000000003979e+00
1.424999999999982947e-01
6.075000000000017053e-01
4.699999999999988631e-01
1.697499999999998010e+00
2.120000000000004547e+00
7.499999999999928946e-02
5.375000000000014211e-01
1.184999999999998721e+00
2.825000000000024158e-01
5.999999999999978684e-01
2.170000000000001705e+00
1.695000000000000284e+00
1.272499999999997300e+00
1.732500000000001705e+00
2.205000000000001847e+00
3.599999999999958789e-01
3.500000000000014211e-01
1.225000000000022737e-01
1.554999999999999716e+00
1.140000000000000568e+00
2.949999999999981526e-01
5.300000000000011369e-01
2.250000000000085265e-02
1.812500000000000000e+00
2.197500000000001563e+00
7.674999999999982947e-01
6.649999999999991473e-01
1.367499999999999716e+00
1.765000000000000568e+00
5.975000000000036948e-01
6.099999999999994316e-01
1.927499999999998437e+00
9.499999999999886313e-02
2.952500000000000568e+00
3.774999999999977263e-01
2.349999999999994316e-01
1.140000000000000568e+00
5.499999999999971578e-01
1.325000000000002842e+00
1.479999999999996874e+00
4.849999999999994316e-01
4.299999999999997158e-01
5.625000000000000000e-01
6.025000000000027001e-01
1.174999999999997158e-01
4.149999999999998579e+00
4.074999999999988631e-01
2.205000000000001847e+00
1.174999999999997158e-01
3.524999999999991473e-01
6.749999999999900524e-02
2.599999999999980105e-01
1.195000000000000284e+00
2.500000000000000000e-01
1.059999999999998721e+00
2.432499999999997442e+00
1.400000000000005684e-01
1.015000000000000568e+00
1.094999999999998863e+00
1.457500000000003126e+00
1.310000000000002274e+00
1.099999999999994316e-01
7.549999999999990052e-01
2.175000000000011369e-01
1.424999999999982947e-01
1.210000000000000853e+00
5.524999999999984368e-01
7.375000000000007105e-01
1.724999999999994316e-01
5.500000000000007105e-01
2.162500000000001421e+00
1.675000000000000711e+00
1.600000000000001421e-01
4.559999999999998721e+00
8.049999999999997158e-01
9.050000000000011369e-01
1.994999999999997442e+00
5.600000000000022737e-01
1.647500000000000853e+00
2.399999999999984368e-01
3.000000000000113687e-02
1.089999999999996305e+00
1.847499999999996589e+00
9.750000000000014211e-02
1.849999999999987210e-01
9.574999999999995737e-01
6.975000000000015632e-01
1.417500000000003979e+00
2.524999999999977263e-01
1.572500000000001563e+00
3.199999999999967315e-01
1.632500000000000284e+00
2.925000000000004263e-01
3.850000000000015632e-01
1.282499999999998863e+00
9.250000000000113687e-02
1.860000000000002984e+00
1.710000000000000853e+00
3.280000000000001137e+00
3.475000000000001421e-01
2.157499999999998863e+00
1.072499999999998010e+00
9.600000000000008527e-01
1.442499999999995453e+00
9.324999999999974420e-01
5.525000000000019895e-01
1.099999999999994316e-01
1.095000000000002416e+00
3.372500000000002274e+00
2.749999999999985789e-02
1.425000000000018474e-01
7.199999999999988631e-01
1.302500000000001990e+00
7.799999999999940314e-01
1.732500000000001705e+00
1.954999999999998295e+00
2.307500000000004547e+00
1.695000000000000284e+00
2.284999999999996589e+00
1.252500000000001279e+00
7.499999999999928946e-02
3.049999999999997158e-01
6.125000000000042633e-01
2.337499999999998579e+00
1.039999999999999147e+00
9.074999999999988631e-01
6.325000000000002842e-01
3.249999999999992895e-01
1.482500000000001705e+00
2.025000000000005684e-01
2.537500000000001421e+00
7.349999999999994316e-01
1.399999999999998579e+00
1.150000000000019895e-01
4.100000000000001421e-01
1.495000000000000995e+00
1.942499999999999005e+00
2.499999999997726263e-03
1.960000000000000853e+00
4.587499999999998579e+00
9.075000000000024158e-01
3.077500000000000568e+00
2.249999999999729994e-02
5.250000000000198952e-02
8.250000000000028422e-01
6.025000000000027001e-01
2.399999999999984368e-01
8.850000000000015632e-01
1.624999999999978684e-01
3.050000000000032685e-01
7.074999999999960210e-01
7.049999999999982947e-01
1.460000000000000853e+00
1.087499999999998579e+00
3.330000000000001847e+00
5.150000000000005684e-01
2.149999999999998579e-01
1.317499999999999005e+00
1.172500000000002984e+00
1.112499999999997158e+00
1.344999999999998863e+00
6.775000000000019895e-01
8.875000000000028422e-01
2.424999999999997158e-01
2.349999999999994316e-01
3.150000000000012790e-01
4.074999999999988631e-01
4.700000000000024158e-01
1.109999999999995879e+00
2.599999999999980105e-01
1.315000000000001279e+00
5.774999999999970157e-01
3.500000000000014211e-02
6.450000000000031264e-01
3.999999999999914735e-02
2.725000000000008527e-01
7.400000000000019895e-01
5.000000000000071054e-02
1.124999999999971578e-01
2.615000000000001990e+00
2.455000000000001847e+00
1.900000000000012790e-01
9.525000000000005684e-01
7.800000000000011369e-01
2.199999999999988631e-01
8.900000000000005684e-01
5.250000000000021316e-01
9.249999999999758415e-02
2.000000000000028422e-01
3.674999999999997158e-01
5.625000000000000000e-01
2.705000000000001847e+00
3.892500000000001847e+00
5.000000000000000000e-01
4.299999999999997158e-01
3.350000000000008527e-01
2.202500000000004121e+00
9.849999999999994316e-01
1.875000000000000000e-01
2.745000000000004547e+00
7.899999999999991473e-01
2.899999999999991473e-01
9.999999999999786837e-02
1.640000000000000568e+00
2.375000000000042633e-01
4.399999999999977263e-01
4.024999999999998579e-01
2.225000000000001421e+00
3.757500000000003837e+00
5.150000000000005684e-01
6.374999999999992895e-01
2.734999999999999432e+00
3.874999999999992895e-01
1.900000000000002132e+00
4.350000000000022737e-01
3.024999999999984368e-01
6.425000000000018474e-01
1.924999999999990052e-01
1.294999999999998153e+00
1.625000000000014211e-01
8.399999999999998579e-01
8.249999999999957367e-02
6.825000000000009948e-01
3.427500000000001990e+00
1.927499999999998437e+00
1.152500000000003411e+00
1.887499999999999289e+00
3.799999999999997158e+00
1.234999999999999432e+00
4.299999999999997158e-01
2.007500000000003837e+00
5.499999999999971578e-02
2.089999999999996305e+00
1.059999999999998721e+00
4.050000000000011369e-01
4.150000000000027001e-01
1.489999999999994884e+00
1.925000000000025580e-01
2.022500000000000853e+00
1.667500000000003979e+00
1.679999999999999716e+00
1.299999999999990052e-01
1.537500000000001421e+00
2.125000000000021316e-01
4.999999999999005240e-03
7.250000000000156319e-02
1.349999999999980105e-01
1.550000000000004263e+00
2.449999999999974420e-01
5.749999999999744205e-02
1.475000000000008527e-01
4.675000000000011369e-01
7.824999999999988631e-01
1.509999999999998010e+00
2.265000000000004121e+00
7.674999999999982947e-01
3.510000000000001563e+00
8.424999999999975842e-01
7.600000000000015632e-01
1.709999999999993747e+00
3.824999999999967315e-01
9.300000000000032685e-01
7.974999999999958789e-01
2.050000000000054001e-01
4.050000000000011369e-01
1.089999999999999858e+00
1.429999999999996163e+00
1.509999999999998010e+00
6.150000000000019895e-01
1.227500000000002700e+00
1.429999999999999716e+00
1.107500000000001705e+00
4.100000000000001421e-01
6.425000000000018474e-01
8.200000000000002842e-01
1.749999999999829470e-02
4.275000000000019895e-01
1.517500000000001847e+00
2.902499999999996305e+00
3.800000000000025580e-01
2.449999999999974420e-01
3.399999999999998579e-01
3.250000000000241585e-02
9.024999999999998579e-01
1.564999999999997726e+00
1.079999999999998295e+00
5.050000000000025580e-01
2.157499999999998863e+00
2.725000000000008527e-01
2.274999999999991473e-01
7.300000000000004263e-01
9.025000000000034106e-01
1.045000000000001705e+00
1.307500000000000995e+00
1.157499999999998863e+00
1.219999999999998863e+00
1.542500000000000426e+00
5.949999999999988631e-01
1.449999999999995737e+00
1.007500000000000284e+00
3.049999999999997158e-01
3.150000000000048317e-01
3.160000000000000142e+00
6.550000000000011369e-01
2.295000000000001705e+00
5.750000000000028422e-01
1.217499999999997584e+00
3.344999999999998863e+00
1.154999999999997584e+00
4.325000000000002842e+00
3.475000000000001421e-01
1.750000000000000000e+00
2.399999999999984368e-01
7.149999999999998579e-01
1.222500000000003695e+00
8.024999999999984368e-01
2.525000000000012790e-01
8.349999999999972999e-01
1.494999999999997442e+00
1.047499999999999432e+00
8.524999999999991473e-01
1.697499999999998010e+00
3.324999999999960210e-01
5.999999999999872102e-02
2.899999999999991473e-01
1.425000000000018474e-01
1.205000000000001847e+00
4.549999999999982947e-01
5.825000000000031264e-01
5.000000000000071054e-02
9.549999999999982947e-01
9.349999999999987210e-01
2.115000000000001990e+00
7.999999999999829470e-02
1.155000000000001137e+00
7.850000000000036948e-01
1.129999999999999005e+00
9.049999999999975842e-01
2.982500000000001705e+00
1.852500000000002700e+00
1.349999999999980105e-01
6.775000000000019895e-01
2.449999999999974420e-01
1.380000000000002558e+00
1.054999999999999716e+00
6.449999999999995737e-01
2.905000000000001137e+00
2.050000000000018474e-01
2.899999999999991473e-01
8.100000000000022737e-01
3.649999999999984368e-01
8.350000000000008527e-01
3.572500000000001563e+00
9.899999999999984368e-01
4.482500000000001705e+00
2.550000000000025580e-01
4.022500000000000853e+00
2.969999999999998863e+00
1.277499999999999858e+00
1.337499999999998579e+00
1.222500000000000142e+00
2.394999999999999574e+00
1.105000000000000426e+00
5.049999999999954525e-01
3.249999999999886313e-02
7.850000000000001421e-01
1.750000000000007105e-01
9.925000000000032685e-01
1.574999999999988631e-01
7.924999999999968736e-01
9.899999999999984368e-01
1.200000000000009948e-01
9.600000000000008527e-01
1.409999999999996589e+00
9.499999999999992895e-01
2.742499999999999716e+00
2.499999999999857891e-02
2.350000000000029843e-01
4.074999999999988631e-01
3.499999999999978684e-01
3.524999999999991473e-01
2.824999999999999289e+00
3.267500000000001847e+00
1.937500000000000000e+00
3.100000000000022737e-01
8.724999999999987210e-01
1.082500000000003126e+00
1.992499999999999716e+00
1.972499999999996589e+00
1.080000000000001847e+00
6.000000000000227374e-02
3.899999999999934630e-01
4.150000000000062528e-01
2.659999999999996589e+00
1.595000000000002416e+00
3.557499999999997442e+00
9.350000000000022737e-01
1.324999999999999289e+00
2.232499999999998153e+00
6.574999999999988631e-01
3.500000000000014211e-02
1.222500000000003695e+00
1.750000000000007105e-01
1.624999999999978684e-01
9.625000000000021316e-01
3.999999999999985789e-01
3.127499999999997726e+00
1.390000000000000568e+00
4.000000000000021316e-01
5.549999999999997158e-01
2.387500000000002842e+00
1.097499999999996589e+00
5.000000000002557954e-03
2.950000000000017053e-01
1.749999999999829470e-02
1.502500000000004832e+00
1.057499999999997442e+00
6.000000000000014211e-01
6.400000000000005684e-01
7.749999999999985789e-01
1.014999999999993463e+00
6.724999999999958789e-01
7.975000000000065370e-01
9.274999999999948841e-01
2.825000000000024158e-01
6.250000000000000000e-01
3.825000000000002842e-01
3.324999999999999289e+00
2.149999999999998579e-01
2.312500000000000000e+00
2.250000000000085265e-02
1.924999999999990052e-01
3.825000000000038369e-01
1.747499999999995168e+00
1.122500000000002274e+00
2.060000000000002274e+00
2.250000000000000000e+00
2.500000000000000000e-01
2.125000000000021316e-01
3.054999999999996163e+00
1.724999999999994316e-01
1.225000000000022737e-01
1.949999999999967315e-01
9.699999999999988631e-01
1.032500000000005969e+00
8.324999999999960210e-01
2.265000000000000568e+00
3.049999999999997158e-01
1.552499999999998437e+00
1.820000000000003837e+00
1.530000000000001137e+00
2.094999999999998863e+00
1.562500000000000000e+00
3.037500000000001421e+00
2.947499999999998010e+00
9.624999999999985789e-01
1.939999999999997726e+00
1.002499999999997726e+00
2.075000000000002842e+00
2.690000000000004832e+00
9.450000000000002842e-01
1.450000000000031264e-01
2.265000000000000568e+00
2.524999999999977263e-01
1.942500000000002558e+00
6.624999999999943157e-01
1.092500000000001137e+00
1.644999999999996021e+00
2.125000000000000000e+00
8.749999999999857891e-02
1.859999999999999432e+00
1.427500000000001990e+00
