3.049999999999997158e-01
1.499999999999985789e-01
1.975000000000015632e-01
2.267499999999998295e+00
3.825000000000002842e-01
9.700000000000024158e-01
5.824999999999995737e-01
8.249999999999957367e-02
1.849999999999997868e+00
1.390000000000000568e+00
6.000000000000014211e-01
5.424999999999968736e-01
7.250000000000156319e-02
1.335000000000000853e+00
4.749999999999978684e-01
1.400000000000005684e-01
2.010000000000001563e+00
7.824999999999988631e-01
4.499999999999992895e-01
1.999999999999957367e-02
1.129999999999999005e+00
1.745000000000000995e+00
7.050000000000018474e-01
1.922499999999999432e+00
1.924999999999990052e-01
6.125000000000007105e-01
2.234999999999999432e+00
2.007500000000000284e+00
7.675000000000018474e-01
2.225000000000001421e-01
7.850000000000001421e-01
7.424999999999997158e-01
1.612500000000000711e+00
1.107499999999998153e+00
2.245000000000000995e+00
4.250000000000042633e-02
1.919999999999998153e+00
6.050000000000004263e-01
9.299999999999997158e-01
1.422500000000002984e+00
1.127499999999997726e+00
2.714999999999999858e+00
3.874999999999992895e-01
2.900000000000027001e-01
1.357500000000001705e+00
1.157499999999998863e+00
1.452500000000000568e+00
9.999999999999786837e-02
4.250000000000007105e-01
2.230000000000000426e+00
1.900000000000012790e-01
1.500000000000000000e+00
7.124999999999985789e-01
6.000000000000014211e-01
4.175000000000000711e+00
1.137499999999999289e+00
5.399999999999991473e-01
2.495000000000000995e+00
6.774999999999984368e-01
1.195000000000000284e+00
1.500000000000056843e-02
3.574999999999981526e-01
2.500000000000213163e-02
2.499999999997726263e-03
1.875000000000000000e-01
3.324999999999995737e-01
1.425000000000000711e+00
4.475000000000015632e-01
4.774999999999991473e-01
1.732499999999998153e+00
1.449999999999999289e+00
1.975000000000015632e-01
6.274999999999977263e-01
1.325000000000002842e-01
5.725000000000015632e-01
9.675000000000011369e-01
1.714999999999999858e+00
8.399999999999998579e-01
3.399999999999998579e-01
3.349999999999972999e-01
1.720000000000002416e+00
1.975000000000015632e-01
8.500000000000085265e-02
2.174999999999975842e-01
5.725000000000015632e-01
2.349999999999997868e+00
3.095000000000002416e+00
1.669999999999998153e+00
7.250000000000156319e-02
6.749999999999900524e-02
2.285000000000000142e+00
1.947500000000001563e+00
1.809999999999998721e+00
2.842500000000001137e+00
2.574999999999999289e+00
5.999999999999872102e-02
3.625000000000007105e-01
1.900000000000012790e-01
8.749999999999857891e-02
1.724999999999994316e-01
8.174999999999990052e-01
2.975000000000029843e-01
5.650000000000012790e-01
1.125000000000007105e-01
3.120000000000000995e+00
7.274999999999991473e-01
1.089999999999999858e+00
1.567499999999999005e+00
8.550000000000004263e-01
1.019999999999999574e+00
3.700000000000009948e-01
4.820000000000000284e+00
1.824999999999974420e-01
2.425000000000000711e+00
6.500000000000127898e-02
1.424999999999982947e-01
5.075000000000002842e-01
1.790000000000002700e+00
4.949999999999974420e-01
1.882500000000000284e+00
3.999999999999985789e-01
2.275000000000027001e-01
6.499999999999772626e-02
1.099999999999994316e-01
5.675000000000025580e-01
1.129999999999999005e+00
1.302499999999998437e+00
9.450000000000002842e-01
2.149999999999998579e-01
1.285000000000000142e+00
1.144999999999999574e+00
1.974999999999980105e-01
6.550000000000011369e-01
1.574999999999988631e-01
1.167500000000000426e+00
8.750000000000000000e-01
1.172499999999999432e+00
9.375000000000000000e-01
8.950000000000031264e-01
4.299999999999997158e-01
1.129999999999999005e+00
1.035000000000000142e+00
9.149999999999991473e-01
1.432500000000000995e+00
1.699999999999981526e-01
1.375000000000000000e+00
5.450000000000017053e-01
1.364999999999998437e+00
3.099999999999987210e-01
4.000000000000021316e-01
2.027499999999999858e+00
1.849999999999987210e-01
6.125000000000007105e-01
7.850000000000001421e-01
1.974999999999997868e+00
1.000000000000014211e-01
1.807500000000000995e+00
2.249999999999978684e-01
4.574999999999995737e-01
4.975000000000022737e-01
2.225000000000001421e-01
6.052500000000001990e+00
2.597500000000000142e+00
5.800000000000018474e-01
2.925000000000004263e-01
4.824999999999981526e-01
1.050000000000004263e-01
5.800000000000018474e-01
6.849999999999987210e-01
9.525000000000005684e-01
5.274999999999998579e-01
3.500000000000014211e-02
3.000000000000007105e-01
3.899999999999970157e-01
1.475000000000001421e+00
1.785000000000000142e+00
3.662499999999997868e+00
5.175000000000018474e-01
3.175000000000025580e-01
5.524999999999984368e-01
1.374999999999992895e-01
7.750000000000021316e-01
9.199999999999981526e-01
4.475000000000015632e-01
2.499999999997726263e-03
3.674999999999997158e-01
1.117499999999999716e+00
1.377500000000001279e+00
3.899999999999970157e-01
9.525000000000005684e-01
3.775000000000012790e-01
4.699999999999988631e-01
2.950000000000017053e-01
2.392499999999998295e+00
5.249999999999843681e-02
9.574999999999995737e-01
4.000000000000021316e-01
4.524999999999970157e-01
8.925000000000018474e-01
1.875000000000000000e-01
1.999999999999957367e-02
2.019999999999999574e+00
1.160000000000000142e+00
1.202500000000000568e+00
4.125000000000014211e-01
1.325000000000002842e-01
2.274999999999998579e+00
2.250000000000085265e-02
1.249999999999928946e-02
1.500000000000056843e-02
1.777499999999999858e+00
1.849999999999987210e-01
1.232500000000001705e+00
1.675000000000000711e+00
4.849999999999994316e-01
1.647500000000000853e+00
2.457499999999999574e+00
6.899999999999977263e-01
1.799999999999997158e-01
1.025000000000027001e-01
9.674999999999975842e-01
4.200000000000017053e-01
5.324999999999988631e-01
5.450000000000017053e-01
8.600000000000029843e-01
1.450000000000031264e-01
3.724999999999987210e-01
5.249999999999843681e-02
2.125000000000021316e-01
2.524999999999977263e-01
2.339999999999999858e+00
4.094999999999998863e+00
9.299999999999997158e-01
1.150000000000019895e-01
1.552499999999998437e+00
7.300000000000004263e-01
1.007500000000000284e+00
1.274999999999977263e-01
2.482500000000001705e+00
2.577500000000000568e+00
9.224999999999994316e-01
2.100000000000001421e+00
9.574999999999995737e-01
4.497500000000002274e+00
2.942499999999999005e+00
2.375000000000007105e-01
1.662499999999997868e+00
7.800000000000011369e-01
6.149999999999984368e-01
5.050000000000025580e-01
1.977499999999999147e+00
7.599999999999980105e-01
3.125000000000000000e-01
1.292500000000000426e+00
1.164999999999999147e+00
5.850000000000008527e-01
1.232499999999998153e+00
1.750000000000007105e-01
1.377500000000001279e+00
4.549999999999982947e-01
6.575000000000024158e-01
7.449999999999974420e-01
1.192500000000002558e+00
9.875000000000007105e-01
9.624999999999985789e-01
6.749999999999900524e-02
1.150000000000019895e-01
9.074999999999988631e-01
2.875000000000014211e-01
1.882500000000000284e+00
1.814999999999997726e+00
1.099999999999994316e-01
5.925000000000011369e-01
5.699999999999967315e-01
1.552500000000001990e+00
2.800000000000011369e-01
4.050000000000000711e+00
9.224999999999994316e-01
9.700000000000024158e-01
4.487500000000000711e+00
8.099999999999987210e-01
7.200000000000024158e-01
4.049999999999975842e-01
4.499999999999992895e-01
1.124999999999971578e-01
4.275000000000019895e-01
3.724999999999987210e-01
1.914999999999999147e+00
4.100000000000001421e-01
3.150000000000012790e-01
1.175000000000000711e+00
2.624999999999992895e-01
1.335000000000000853e+00
1.624999999999978684e-01
2.500000000000000000e-01
9.575000000000031264e-01
9.499999999999886313e-02
7.674999999999982947e-01
7.500000000000284217e-03
8.999999999999985789e-02
1.250000000000000000e+00
7.500000000000000000e-01
1.837500000000002132e+00
3.750000000000000000e-01
2.207499999999999574e+00
6.250000000000000000e-02
1.429999999999999716e+00
2.407500000000002416e+00
2.899999999999991473e-01
1.024999999999991473e-01
4.624999999999985789e-01
1.122500000000002274e+00
2.160000000000000142e+00
4.294999999999998153e+00
3.200000000000002842e-01
4.299999999999997158e-01
1.750000000000184741e-02
1.957500000000003126e+00
1.730000000000000426e+00
1.044999999999998153e+00
2.749999999999985789e-01
9.325000000000009948e-01
1.897500000000000853e+00
1.875000000000000000e-01
8.799999999999990052e-01
6.675000000000004263e-01
1.832500000000003126e+00
2.925000000000004263e-01
4.675000000000011369e-01
5.149999999999970157e-01
9.574999999999995737e-01
2.275000000000027001e-01
4.800000000000004263e-01
9.874999999999971578e-01
1.789999999999999147e+00
3.599999999999994316e-01
1.210000000000000853e+00
9.124999999999978684e-01
4.999999999999005240e-03
1.425000000000018474e-01
1.082500000000003126e+00
5.925000000000011369e-01
1.999999999999992895e-01
3.575000000000017053e-01
1.262499999999999289e+00
1.424999999999982947e-01
4.749999999999943157e-02
3.825000000000002842e-01
7.274999999999991473e-01
3.775000000000012790e-01
6.274999999999977263e-01
6.174999999999997158e-01
5.225000000000008527e-01
2.450000000000009948e-01
9.750000000000014211e-02
2.149999999999998579e-01
6.325000000000002842e-01
2.660000000000000142e+00
7.749999999999985789e-01
1.057500000000000995e+00
6.650000000000027001e-01
2.295000000000001705e+00
7.999999999999829470e-02
5.324999999999988631e-01
3.925000000000018474e-01
3.249999999999886313e-02
2.394999999999999574e+00
2.350000000000029843e-01
1.387499999999999289e+00
5.549999999999997158e-01
1.032499999999998863e+00
4.350000000000022737e-01
3.750000000000000000e+00
6.775000000000019895e-01
3.570000000000000284e+00
6.724999999999994316e-01
4.774999999999991473e-01
9.875000000000007105e-01
9.175000000000004263e-01
2.467499999999997584e+00
6.775000000000019895e-01
1.192499999999999005e+00
2.049999999999982947e-01
2.975000000000029843e-01
6.999999999999992895e-01
1.917500000000000426e+00
2.044999999999998153e+00
1.554999999999999716e+00
4.149999999999991473e-01
5.925000000000011369e-01
8.949999999999995737e-01
5.899999999999998579e-01
7.800000000000011369e-01
4.100000000000001421e-01
8.724999999999987210e-01
1.522500000000000853e+00
6.725000000000029843e-01
9.899999999999984368e-01
2.052500000000001990e+00
9.249999999999758415e-02
4.924999999999997158e-01
3.214999999999999858e+00
5.725000000000015632e-01
8.674999999999997158e-01
6.775000000000019895e-01
1.552499999999998437e+00
1.719999999999998863e+00
4.725000000000001421e-01
6.275000000000012790e-01
2.052499999999998437e+00
7.074999999999995737e-01
1.380000000000002558e+00
3.434999999999998721e+00
1.070000000000000284e+00
1.582499999999999574e+00
2.649999999999970157e-01
3.900000000000005684e-01
2.699999999999995737e-01
6.725000000000029843e-01
3.724999999999987210e-01
6.600000000000001421e-01
3.000000000000007105e-01
5.199999999999995737e-01
1.762499999999999289e+00
1.000000000000014211e-01
1.125000000000007105e-01
3.167500000000000426e+00
4.074999999999988631e-01
1.432500000000000995e+00
8.999999999999985789e-02
8.975000000000008527e-01
1.609999999999999432e+00
2.464999999999999858e+00
4.999999999999005240e-03
7.675000000000018474e-01
1.999999999999992895e-01
5.374999999999978684e-01
1.574999999999999289e+00
2.327500000000000568e+00
5.524999999999984368e-01
1.950000000000002842e-01
6.250000000000000000e-01
5.214999999999999858e+00
6.750000000000255795e-02
2.999999999999758415e-02
4.625000000000021316e-01
4.999999999999005240e-03
1.230000000000000426e+00
2.699999999999995737e-01
4.500000000000170530e-02
3.749999999999786837e-02
1.140000000000000568e+00
1.187500000000000000e+00
6.124999999999971578e-01
1.940000000000001279e+00
6.700000000000017053e-01
3.632500000000000284e+00
1.525000000000002132e+00
2.949999999999981526e-01
1.847500000000000142e+00
4.774999999999991473e-01
4.875000000000007105e-01
1.227499999999999147e+00
8.475000000000001421e-01
2.274999999999991473e-01
1.605000000000000426e+00
5.225000000000008527e-01
1.615000000000001990e+00
1.317499999999999005e+00
1.054999999999999716e+00
4.200000000000017053e-01
1.514999999999997016e+00
1.375000000000028422e-01
1.274999999999998579e+00
2.650000000000005684e-01
7.500000000000284217e-03
4.749999999999943157e-02
6.774999999999984368e-01
3.524999999999991473e-01
6.375000000000028422e-01
2.765000000000000568e+00
8.225000000000015632e-01
3.825000000000002842e-01
6.500000000000127898e-02
6.149999999999984368e-01
1.502500000000001279e+00
6.125000000000007105e-01
4.299999999999997158e-01
3.399999999999998579e-01
3.700000000000009948e-01
9.049999999999975842e-01
8.650000000000019895e-01
3.500000000000014211e-02
2.049999999999982947e-01
8.350000000000008527e-01
1.304999999999999716e+00
3.500000000000014211e-02
1.869999999999997442e+00
3.067499999999999005e+00
3.700000000000009948e-01
1.195000000000000284e+00
1.664999999999999147e+00
9.299999999999997158e-01
5.474999999999994316e-01
1.987500000000000711e+00
2.820000000000000284e+00
4.924999999999997158e-01
2.025000000000005684e-01
1.224999999999997868e+00
2.250000000000085265e-02
1.499999999999985789e-01
8.075000000000009948e-01
7.500000000000000000e-01
1.455000000000001847e+00
8.649999999999984368e-01
4.200000000000017053e-01
7.149999999999998579e-01
7.749999999999985789e-01
8.750000000000000000e-01
1.750000000000007105e-01
6.325000000000002842e-01
1.554999999999999716e+00
3.774999999999977263e-01
2.824999999999988631e-01
6.025000000000027001e-01
1.174999999999997158e-01
7.799999999999975842e-01
1.150000000000002132e+00
7.225000000000001421e-01
5.300000000000011369e-01
1.000000000000156319e-02
4.999999999999005240e-03
1.372500000000002274e+00
1.454999999999998295e+00
2.300000000000004263e-01
2.025000000000005684e-01
8.475000000000001421e-01
4.325000000000009948e-01
1.024999999999991473e-01
7.349999999999994316e-01
1.982500000000001705e+00
3.099999999999987210e-01
2.495000000000000995e+00
9.749999999999978684e-01
5.375000000000014211e-01
2.974999999999994316e-01
1.655000000000001137e+00
1.054999999999999716e+00
2.205000000000001847e+00
1.092500000000001137e+00
5.899999999999998579e-01
5.649999999999977263e-01
4.024999999999998579e-01
5.925000000000011369e-01
8.000000000000007105e-01
2.192499999999999005e+00
9.250000000000007105e-01
1.130000000000002558e+00
1.227499999999999147e+00
2.500000000000000000e-01
5.000000000000071054e-02
1.829999999999998295e+00
9.499999999999886313e-02
1.212500000000002132e+00
1.550000000000011369e-01
1.584999999999997300e+00
5.400000000000027001e-01
2.952500000000000568e+00
1.899999999999998579e+00
1.825000000000009948e-01
5.925000000000011369e-01
2.124999999999985789e-01
1.404999999999997584e+00
8.250000000000312639e-02
4.874999999999971578e-01
1.524999999999998579e-01
1.655000000000001137e+00
3.524999999999991473e-01
1.449999999999995737e-01
2.350000000000029843e-01
5.205000000000001847e+00
1.699999999999999289e+00
9.175000000000004263e-01
1.042500000000000426e+00
1.289999999999999147e+00
6.675000000000004263e-01
4.829999999999998295e+00
4.774999999999991473e-01
8.925000000000018474e-01
2.974999999999994316e-01
2.749999999999985789e-01
3.375000000000021316e-01
2.624999999999992895e-01
2.925000000000004263e-01
1.464999999999999858e+00
1.499999999999701572e-02
2.320000000000000284e+00
2.922499999999999432e+00
5.274999999999998579e-01
2.012499999999999289e+00
1.227499999999999147e+00
2.499999999999857891e-02
2.592500000000001137e+00
8.074999999999974420e-01
9.000000000000021316e-01
1.024999999999998579e+00
9.299999999999997158e-01
5.150000000000005684e-01
3.224999999999980105e-01
2.000000000000312639e-02
9.800000000000004263e-01
1.195000000000000284e+00
2.225000000000001421e-01
2.149999999999998579e-01
1.434999999999998721e+00
1.325000000000002842e-01
2.744999999999997442e+00
1.710000000000000853e+00
4.499999999999815259e-02
1.100000000000029843e-01
2.949999999999981526e-01
4.149999999999991473e-01
1.300000000000025580e-01
5.274999999999998579e-01
1.652499999999999858e+00
1.394999999999999574e+00
8.149999999999977263e-01
6.000000000000227374e-02
5.499999999999971578e-02
2.174999999999975842e-01
1.027499999999999858e+00
4.000000000000270006e-02
7.749999999999985789e-01
9.499999999999886313e-02
1.567500000000002558e+00
1.600000000000001421e-01
2.905000000000001137e+00
9.424999999999990052e-01
1.025000000000027001e-01
1.737499999999997158e+00
1.432500000000000995e+00
4.149999999999991473e-01
1.000000000000000000e+00
1.624999999999978684e-01
1.575000000000024158e-01
6.699999999999981526e-01
8.125000000000000000e-01
5.824999999999995737e-01
2.125000000000000000e+00
3.800000000000025580e-01
1.602499999999999147e+00
1.269999999999999574e+00
5.750000000000099476e-02
1.250000000000000000e-01
7.774999999999998579e-01
3.399999999999998579e-01
1.072499999999998010e+00
1.505000000000002558e+00
8.750000000000000000e-01
2.247499999999998721e+00
6.875000000000000000e-01
2.675000000000018474e-01
3.275000000000005684e-01
8.674999999999997158e-01
1.039999999999999147e+00
1.005000000000002558e+00
1.900000000000002132e+00
1.034999999999996589e+00
3.550000000000004263e-01
2.074999999999999289e+00
4.100000000000001421e-01
1.375000000000000000e+00
2.800000000000011369e-01
1.724999999999994316e-01
1.954999999999998295e+00
9.450000000000002842e-01
5.124999999999992895e-01
2.172499999999999432e+00
2.500000000000000000e+00
4.600000000000008527e-01
1.477499999999999147e+00
8.750000000000000000e-01
2.172499999999999432e+00
2.577500000000000568e+00
5.100000000000015632e-01
5.249999999999843681e-02
2.324999999999999289e+00
1.150000000000019895e-01
3.200000000000002842e-01
1.862500000000000711e+00
9.924999999999997158e-01
3.750000000000000000e-01
3.249999999999886313e-02
6.350000000000015632e-01
1.477499999999999147e+00
2.325000000000017053e-01
5.249999999999843681e-02
7.699999999999995737e-01
1.487500000000000711e+00
3.032500000000002416e+00
3.500000000000014211e-02
1.704999999999998295e+00
8.524999999999991473e-01
1.117499999999999716e+00
6.424999999999982947e-01
5.800000000000018474e-01
4.074999999999988631e-01
3.700000000000009948e-01
2.197499999999998010e+00
1.200000000000009948e-01
1.099999999999994316e-01
2.674999999999982947e-01
1.405000000000001137e+00
4.825000000000017053e-01
1.307500000000000995e+00
2.675000000000018474e-01
3.282499999999998863e+00
2.500000000001278977e-03
1.074999999999999289e+00
8.999999999999985789e-02
6.275000000000012790e-01
9.825000000000017053e-01
6.849999999999987210e-01
5.874999999999985789e-01
6.075000000000017053e-01
1.059999999999998721e+00
1.410000000000000142e+00
4.200000000000017053e-01
2.547499999999999432e+00
1.312500000000000000e+00
1.649999999999991473e-01
1.317500000000002558e+00
1.109999999999999432e+00
1.167500000000000426e+00
3.349999999999972999e-01
8.875000000000028422e-01
5.499999999999971578e-02
5.324999999999988631e-01
9.175000000000004263e-01
2.999999999999758415e-02
1.005000000000002558e+00
1.622499999999998721e+00
7.399999999999984368e-01
6.574999999999988631e-01
2.375000000000000000e+00
2.225000000000001421e-01
7.125000000000021316e-01
2.527499999999999858e+00
6.750000000000007105e-01
4.499999999999815259e-02
9.525000000000005684e-01
6.849999999999987210e-01
3.022500000000000853e+00
1.549999999999975842e-01
1.655000000000001137e+00
1.424999999999982947e-01
4.924999999999997158e-01
6.250000000000000000e-02
8.174999999999990052e-01
8.700000000000009948e-01
9.999999999999786837e-02
1.320000000000000284e+00
2.825000000000024158e-01
8.125000000000000000e-01
2.425000000000000711e+00
5.449999999999981526e-01
9.574999999999995737e-01
4.500000000000170530e-02
8.374999999999985789e-01
2.749999999999985789e-02
9.750000000000014211e-02
2.950000000000017053e-01
5.925000000000011369e-01
9.750000000000014211e-02
9.649999999999998579e-01
2.042500000000000426e+00
7.824999999999988631e-01
5.549999999999997158e-01
2.149999999999998579e-01
1.059999999999998721e+00
1.150000000000019895e-01
2.874999999999978684e-01
6.750000000000007105e-01
3.899999999999970157e-01
3.650000000000019895e-01
8.574999999999981526e-01
2.165000000000002700e+00
1.674999999999997158e+00
8.500000000000014211e-01
1.362499999999997158e+00
4.150000000000027001e-01
4.149999999999991473e-01
6.624999999999978684e-01
3.075000000000009948e-01
2.234999999999999432e+00
2.687500000000000000e+00
1.454999999999998295e+00
3.150000000000012790e-01
6.325000000000002842e-01
1.724999999999994316e-01
3.712499999999998579e+00
2.387499999999999289e+00
1.349999999999997868e+00
1.625000000000014211e-01
9.525000000000005684e-01
7.249999999999801048e-02
9.750000000000014211e-01
2.232499999999998153e+00
5.375000000000014211e-01
8.399999999999998579e-01
1.164999999999999147e+00
2.825000000000024158e-01
7.274999999999991473e-01
2.564999999999997726e+00
4.400000000000012790e-01
2.974999999999994316e-01
1.372499999999998721e+00
3.250000000000241585e-02
2.054999999999999716e+00
1.424999999999982947e-01
1.490000000000001990e+00
3.524999999999991473e-01
1.625000000000000000e+00
2.275000000000002132e+00
5.222500000000000142e+00
7.074999999999995737e-01
1.162500000000001421e+00
4.999999999999005240e-03
8.999999999999985789e-02
3.075000000000009948e-01
5.274999999999998579e-01
2.424999999999997158e+00
3.272500000000000853e+00
8.674999999999997158e-01
1.350000000000001421e+00
2.205000000000001847e+00
2.339999999999999858e+00
2.974999999999994316e-01
8.500000000000085265e-02
2.177500000000001990e+00
1.637499999999999289e+00
3.524999999999991473e-01
4.800000000000004263e-01
1.999999999999957367e-02
2.672499999999999432e+00
1.292500000000000426e+00
1.975000000000015632e-01
5.249999999999985789e-01
6.750000000000255795e-02
4.475000000000001421e+00
2.100000000000008527e-01
1.332499999999999574e+00
4.849999999999994316e-01
7.174999999999975842e-01
1.400000000000005684e-01
4.975000000000022737e-01
1.244999999999997442e+00
5.625000000000000000e-01
4.550000000000018474e-01
3.780000000000001137e+00
2.192499999999999005e+00
1.617499999999999716e+00
5.449999999999981526e-01
2.349999999999994316e-01
1.252500000000001279e+00
1.462499999999998579e+00
4.100000000000001421e-01
1.345000000000002416e+00
5.199999999999995737e-01
4.849999999999994316e-01
1.132500000000000284e+00
6.424999999999997158e+00
4.675000000000011369e-01
6.600000000000001421e-01
4.550000000000018474e-01
2.650000000000005684e-01
2.272499999999997300e+00
2.575000000000002842e-01
1.285000000000000142e+00
1.200000000000009948e-01
2.925000000000000711e+00
2.989999999999998437e+00
1.109999999999999432e+00
2.225000000000001421e-01
2.234999999999999432e+00
4.050000000000011369e-01
8.874999999999992895e-01
2.927500000000001990e+00
6.274999999999977263e-01
1.609999999999999432e+00
7.250000000000156319e-02
1.022499999999997300e+00
1.750000000000184741e-02
6.050000000000004263e-01
9.624999999999985789e-01
1.517499999999998295e+00
5.424999999999968736e-01
8.350000000000008527e-01
1.460000000000000853e+00
4.047499999999999432e+00
1.174999999999997158e-01
1.964999999999999858e+00
1.524999999999998579e+00
3.224999999999980105e-01
4.250000000000042633e-02
2.450000000000009948e-01
4.050000000000011369e-01
2.250000000000085265e-02
1.047499999999999432e+00
7.499999999999928946e-02
2.974999999999994316e-01
8.000000000000184741e-02
1.250000000000000000e-01
1.477499999999999147e+00
9.074999999999988631e-01
1.282499999999998863e+00
1.747500000000002274e+00
1.325000000000002842e-01
1.547499999999999432e+00
5.975000000000001421e-01
1.190000000000001279e+00
7.424999999999997158e-01
1.197499999999998010e+00
1.057499999999997442e+00
1.250000000000000000e-01
3.015000000000000568e+00
1.962500000000002132e+00
2.175000000000000711e+00
1.310000000000002274e+00
1.469999999999998863e+00
6.575000000000024158e-01
1.112499999999997158e+00
3.772500000000000853e+00
6.124999999999971578e-01
1.677500000000001990e+00
1.592500000000001137e+00
5.249999999999985789e-01
7.700000000000031264e-01
4.725000000000001421e-01
1.085000000000000853e+00
1.122500000000002274e+00
1.049999999999968736e-01
1.907499999999998863e+00
6.524999999999998579e-01
3.825000000000002842e-01
5.999999999999872102e-02
2.050000000000018474e-01
2.800000000000011369e-01
4.549999999999982947e-01
3.850000000000015632e-01
4.100000000000001421e-01
1.435000000000002274e+00
1.320000000000000284e+00
1.294999999999998153e+00
4.024999999999998579e-01
3.300000000000018474e-01
1.595000000000002416e+00
6.950000000000002842e-01
8.574999999999981526e-01
1.799999999999997158e+00
2.039999999999999147e+00
9.700000000000024158e-01
1.262500000000002842e+00
3.399999999999998579e-01
7.500000000000284217e-03
8.000000000000184741e-02
9.999999999998010480e-03
7.500000000000000000e-01
5.725000000000015632e-01
6.600000000000001421e-01
7.500000000000284217e-03
1.749999999999971578e-01
2.340000000000003411e+00
8.250000000000028422e-01
9.800000000000004263e-01
1.194999999999996732e+00
1.025000000000027001e-01
2.374999999999971578e-01
2.042500000000000426e+00
9.849999999999994316e-01
2.199999999999988631e-01
5.350000000000001421e-01
2.464999999999999858e+00
7.450000000000009948e-01
1.667500000000000426e+00
4.344999999999998863e+00
3.150000000000012790e-01
4.050000000000011369e-01
6.775000000000019895e-01
6.625000000000014211e-01
1.884999999999998010e+00
3.972500000000000142e+00
2.920000000000001705e+00
1.732500000000001705e+00
7.249999999999978684e-01
3.249999999999992895e-01
9.025000000000034106e-01
1.349999999999980105e-01
8.000000000000007105e-01
2.749999999999985789e-01
1.655000000000001137e+00
2.399999999999984368e-01
1.797499999999999432e+00
1.600000000000001421e-01
5.150000000000005684e-01
2.399999999999984368e-01
3.049999999999997158e-01
4.250000000000007105e-01
6.374999999999992895e-01
1.475000000000008527e-01
1.227499999999999147e+00
2.079999999999998295e+00
1.477499999999999147e+00
6.350000000000015632e-01
6.024999999999991473e-01
9.325000000000009948e-01
1.245000000000000995e+00
3.125000000000000000e-01
1.699999999999981526e-01
1.927499999999998437e+00
1.075000000000017053e-01
8.249999999999957367e-02
1.122499999999998721e+00
1.010000000000001563e+00
7.000000000000028422e-01
5.124999999999992895e-01
2.170000000000001705e+00
8.499999999999729994e-02
3.170000000000001705e+00
3.925000000000018474e-01
1.199999999999999289e+00
3.750000000000000000e-01
5.324999999999988631e-01
6.050000000000004263e-01
2.875000000000000000e+00
2.249999999999729994e-02
2.575000000000002842e-01
3.275000000000005684e-01
7.225000000000001421e-01
2.390000000000000568e+00
3.999999999999914735e-02
7.149999999999998579e-01
2.250000000000014211e-01
3.200000000000002842e-01
2.000000000000028422e-01
4.399999999999977263e-01
2.222500000000000142e+00
1.557500000000000995e+00
2.575000000000002842e-01
1.567499999999999005e+00
1.225000000000001421e+00
1.994999999999997442e+00
9.375000000000000000e-01
6.475000000000008527e-01
5.150000000000005684e-01
6.999999999999992895e-01
1.325000000000002842e-01
6.200000000000009948e-01
1.192499999999999005e+00
1.914999999999999147e+00
2.292499999999996874e+00
6.350000000000015632e-01
1.862500000000000711e+00
3.674999999999997158e-01
2.629999999999999005e+00
8.724999999999987210e-01
3.480000000000000426e+00
1.950000000000002842e-01
1.822499999999998010e+00
4.475000000000015632e-01
3.649999999999984368e-01
1.230000000000000426e+00
2.300000000000004263e-01
9.424999999999990052e-01
2.350000000000001421e+00
3.892499999999998295e+00
2.469999999999998863e+00
1.150000000000019895e-01
3.062500000000000000e+00
7.300000000000004263e-01
5.124999999999992895e-01
1.147500000000000853e+00
2.875000000000014211e-01
2.587500000000002132e+00
3.499999999999978684e-01
6.250000000000000000e-01
1.010000000000001563e+00
1.277500000000003411e+00
2.874999999999978684e-01
8.900000000000005684e-01
2.157499999999998863e+00
9.100000000000001421e-01
6.174999999999997158e-01
3.125000000000000000e-01
2.059999999999998721e+00
5.425000000000004263e-01
1.899999999999977263e-01
4.825000000000017053e-01
9.400000000000012790e-01
1.174999999999997158e+00
2.850000000000001421e-01
8.750000000000213163e-02
6.550000000000011369e-01
2.649999999999970157e-01
3.125000000000000000e-01
2.767499999999998295e+00
2.482500000000001705e+00
5.824999999999995737e-01
2.984999999999999432e+00
2.124999999999985789e-01
2.650000000000005684e-01
2.630000000000002558e+00
8.450000000000024158e-01
1.412499999999997868e+00
8.000000000000184741e-02
7.500000000000284217e-03
9.249999999999758415e-02
5.124999999999992895e-01
1.175000000000000711e+00
2.097500000000000142e+00
1.052499999999998437e+00
2.577500000000000568e+00
5.000000000000071054e-02
1.750000000000184741e-02
2.049999999999982947e-01
1.000000000000156319e-02
1.087499999999998579e+00
5.375000000000014211e-01
1.469999999999998863e+00
4.299999999999997158e-01
2.620000000000000995e+00
3.500000000000014211e-02
4.574999999999995737e-01
8.049999999999997158e-01
2.749999999999985789e-02
4.624999999999985789e-01
3.319999999999996732e+00
5.949999999999988631e-01
7.125000000000021316e-01
2.149999999999998579e-01
2.184999999999998721e+00
1.374999999999992895e-01
3.002499999999997726e+00
1.225000000000022737e-01
9.350000000000022737e-01
8.724999999999987210e-01
2.100000000000008527e-01
1.027499999999999858e+00
5.075000000000002842e-01
5.124999999999992895e-01
1.352499999999999147e+00
1.614999999999998437e+00
2.900000000000027001e-01
5.399999999999991473e-01
6.349999999999980105e-01
2.824999999999988631e-01
3.000000000000007105e-01
1.227500000000002700e+00
1.699999999999981526e-01
6.924999999999990052e-01
8.750000000000213163e-02
7.050000000000018474e-01
9.499999999999992895e-01
5.099999999999980105e-01
1.007500000000000284e+00
2.382500000000000284e+00
1.875000000000000000e-01
3.750000000000000000e-01
1.399999999999998579e+00
1.022500000000000853e+00
2.959999999999997300e+00
2.745000000000000995e+00
2.025000000000005684e-01
3.849999999999980105e-01
7.375000000000007105e-01
1.625000000000014211e-01
2.799999999999975842e-01
2.525000000000012790e-01
1.427500000000001990e+00
6.250000000000000000e-01
1.562500000000000000e+00
4.699999999999988631e-01
3.125000000000000000e-01
2.690000000000001279e+00
1.775000000000019895e-01
9.749999999999658939e-02
2.502499999999997726e+00
1.142499999999998295e+00
3.925000000000018474e-01
8.249999999999957367e-02
3.200000000000002842e-01
5.249999999999985789e-01
9.299999999999997158e-01
1.024999999999998579e+00
5.725000000000015632e-01
4.500000000000170530e-02
1.625000000000000000e+00
6.250000000000000000e-01
4.924999999999997158e-01
7.750000000000056843e-02
7.974999999999994316e-01
1.522499999999997300e+00
5.850000000000008527e-01
9.524999999999970157e-01
8.600000000000029843e-01
1.999999999999957367e-02
1.772500000000000853e+00
2.397500000000000853e+00
1.645000000000003126e+00
3.174999999999990052e-01
6.449999999999995737e-01
7.975000000000029843e-01
6.549999999999975842e-01
2.899999999999991473e-01
1.027499999999999858e+00
5.099999999999980105e-01
5.625000000000000000e-01
4.300000000000032685e-01
1.474999999999997868e+00
1.554999999999999716e+00
1.799999999999997158e-01
1.274999999999998579e+00
3.924999999999982947e-01
1.500000000000021316e-01
1.600000000000001421e+00
8.475000000000001421e-01
2.650000000000005684e-01
1.344999999999998863e+00
2.424999999999997158e-01
7.574999999999967315e-01
1.332500000000003126e+00
8.200000000000002842e-01
9.875000000000007105e-01
2.314999999999997726e+00
2.032499999999998863e+00
5.925000000000011369e-01
5.775000000000005684e-01
2.144999999999999574e+00
8.200000000000002842e-01
6.825000000000009948e-01
2.524999999999977263e-01
1.682500000000000995e+00
3.199999999999967315e-01
1.600000000000001421e-01
8.925000000000018474e-01
2.320000000000000284e+00
1.357499999999998153e+00
8.249999999999957367e-02
1.450000000000031264e-01
8.449999999999988631e-01
1.942500000000002558e+00
1.359999999999999432e+00
9.799999999999968736e-01
2.074999999999999289e+00
7.525000000000012790e-01
5.960000000000000853e+00
4.024999999999998579e-01
3.399999999999998579e-01
2.802500000000001990e+00
3.249999999999886313e-02
3.249999999999992895e-01
1.387499999999999289e+00
2.042500000000000426e+00
1.594999999999998863e+00
2.399999999999984368e-01
1.174999999999997158e-01
2.070000000000000284e+00
3.000000000000113687e-02
1.050000000000004263e-01
4.600000000000008527e-01
2.780000000000001137e+00
3.220000000000002416e+00
4.375000000000000000e-01
4.299999999999997158e-01
9.924999999999997158e-01
2.349999999999994316e-01
1.147500000000000853e+00
3.162499999999997868e+00
1.412500000000001421e+00
1.679999999999999716e+00
2.122499999999998721e+00
2.074999999999995737e-01
9.725000000000001421e-01
3.164999999999999147e+00
1.437500000000000000e+00
7.725000000000008527e-01
3.524999999999991473e-01
4.999999999999005240e-03
5.000000000000071054e-02
2.105000000000000426e+00
9.875000000000007105e-01
7.624999999999992895e-01
1.487500000000000711e+00
4.024999999999998579e-01
6.225000000000022737e-01
5.000000000000071054e-02
7.399999999999984368e-01
9.875000000000007105e-01
9.249999999999758415e-02
1.350000000000015632e-01
2.332499999999999574e+00
2.445000000000000284e+00
6.499999999999985789e-01
4.324999999999999289e+00
4.649999999999998579e-01
4.725000000000001421e-01
6.749999999999900524e-02
5.975000000000001421e-01
1.730000000000000426e+00
5.575000000000009948e-01
1.502500000000001279e+00
1.257500000000000284e+00
3.625000000000000000e+00
5.474999999999994316e-01
7.500000000000000000e-01
9.450000000000002842e-01
1.390000000000000568e+00
3.949999999999999289e+00
3.799999999999990052e-01
1.275000000000002132e+00
7.049999999999982947e-01
1.982499999999998153e+00
2.417500000000000426e+00
4.565000000000001279e+00
2.132500000000000284e+00
2.675000000000018474e-01
1.274999999999998579e+00
3.650000000000019895e-01
6.599999999999965894e-01
2.525000000000012790e-01
4.050000000000011369e-01
1.285000000000000142e+00
9.325000000000009948e-01
2.974999999999994316e-01
5.374999999999978684e-01
4.299999999999997158e-01
3.750000000000142109e-02
1.847500000000000142e+00
3.127499999999997726e+00
9.574999999999995737e-01
2.142499999999998295e+00
1.267500000000001847e+00
7.225000000000001421e-01
1.562500000000000000e+00
8.975000000000008527e-01
9.225000000000029843e-01
1.389999999999997016e+00
2.525000000000012790e-01
1.774999999999984368e-01
5.725000000000015632e-01
1.427499999999998437e+00
1.920000000000001705e+00
1.999999999999992895e-01
1.562500000000000000e+00
1.070000000000000284e+00
1.774999999999984368e-01
5.350000000000001421e-01
2.300000000000004263e-01
3.024999999999984368e-01
7.250000000000156319e-02
8.125000000000000000e-01
2.370000000000000995e+00
4.675000000000011369e-01
9.749999999999978684e-01
1.500000000000056843e-02
2.679999999999999716e+00
1.749999999999829470e-02
2.234999999999999432e+00
3.250000000000241585e-02
1.974999999999980105e-01
9.649999999999998579e-01
2.074999999999995737e-01
7.000000000000028422e-02
2.335000000000000853e+00
2.714999999999999858e+00
8.999999999999985789e-02
3.750000000000142109e-02
1.349999999999980105e-01
5.000000000002557954e-03
3.424999999999975842e-01
3.750000000000000000e-01
4.900000000000019895e-01
1.597500000000000142e+00
1.204999999999998295e+00
6.524999999999998579e-01
1.089999999999999858e+00
2.100000000000008527e-01
5.075000000000002842e-01
1.097500000000000142e+00
4.299999999999997158e-01
1.825000000000009948e-01
3.597500000000000142e+00
5.575000000000009948e-01
1.949999999999967315e-01
1.275000000000012790e-01
2.875000000000014211e-01
2.580000000000001847e+00
3.449999999999988631e-01
8.449999999999988631e-01
2.800000000000011369e-01
2.085000000000000853e+00
2.109999999999999432e+00
1.524999999999998579e-01
4.024999999999998579e-01
1.227499999999999147e+00
8.850000000000015632e-01
2.037499999999997868e+00
2.489999999999998437e+00
5.274999999999998579e-01
5.274999999999998579e-01
1.325000000000002842e-01
2.564999999999997726e+00
8.750000000000000000e-01
1.572499999999998010e+00
1.625000000000014211e-01
7.049999999999982947e-01
5.449999999999981526e-01
2.225000000000001421e-01
2.500000000001278977e-03
1.050000000000000711e+00
3.249999999999992895e-01
2.684999999999998721e+00
5.600000000000022737e-01
1.189999999999997726e+00
3.075000000000009948e-01
3.000000000000007105e-01
1.902499999999999858e+00
1.342500000000001137e+00
3.999999999999985789e-01
5.750000000000099476e-02
3.607500000000001705e+00
1.322499999999998010e+00
2.447500000000001563e+00
1.067499999999999005e+00
3.185000000000002274e+00
3.949999999999995737e-01
1.394999999999999574e+00
6.900000000000012790e-01
4.499999999999815259e-02
1.125000000000000000e+00
8.100000000000022737e-01
2.649999999999970157e-01
3.072499999999998010e+00
1.192500000000002558e+00
8.049999999999997158e-01
1.377499999999997726e+00
2.707499999999999574e+00
6.224999999999987210e-01
6.775000000000019895e-01
1.524999999999998579e-01
7.499999999999928946e-02
2.429999999999999716e+00
2.524999999999998579e+00
2.325000000000017053e-01
8.000000000000007105e-01
1.715000000000003411e+00
6.474999999999972999e-01
2.982499999999998153e+00
2.324999999999999289e+00
5.855000000000000426e+00
3.875000000000028422e-01
2.317499999999999005e+00
1.984999999999999432e+00
9.224999999999994316e-01
3.850000000000015632e-01
2.149999999999998579e-01
1.027499999999999858e+00
9.550000000000018474e-01
7.999999999999829470e-02
8.449999999999988631e-01
1.225000000000022737e-01
1.950000000000002842e-01
1.899999999999977263e-01
1.072500000000001563e+00
1.727499999999999147e+00
3.350000000000008527e-01
3.399999999999998579e-01
2.025000000000005684e-01
4.524999999999970157e-01
2.075000000000031264e-01
4.447500000000001563e+00
7.824999999999988631e-01
7.399999999999984368e-01
1.245000000000000995e+00
9.899999999999984368e-01
2.035000000000000142e+00
9.299999999999997158e-01
9.525000000000005684e-01
7.449999999999974420e-01
7.025000000000005684e-01
2.750000000000021316e-01
3.235000000000002984e+00
1.054999999999999716e+00
1.187500000000000000e+00
6.675000000000004263e-01
1.449999999999995737e-01
2.014999999999997016e+00
8.624999999999971578e-01
1.357500000000001705e+00
2.039999999999999147e+00
4.649999999999998579e-01
5.899999999999998579e-01
7.475000000000022737e-01
8.275000000000005684e-01
6.274999999999977263e-01
2.267500000000001847e+00
1.374999999999992895e-01
1.852499999999999147e+00
3.044999999999998153e+00
5.899999999999998579e-01
3.850000000000015632e-01
2.949999999999981526e-01
1.582499999999999574e+00
6.675000000000004263e-01
1.050000000000000711e+00
2.474999999999987210e-01
1.250000000000000000e-01
1.750000000000007105e-01
1.924999999999990052e-01
1.467500000000001137e+00
1.869999999999997442e+00
1.984999999999999432e+00
6.425000000000018474e-01
1.000000000000000000e+00
1.144999999999999574e+00
1.750000000000007105e-01
2.949999999999981526e-01
6.250000000000000000e-02
1.825000000000009948e-01
2.000000000000000000e+00
1.557500000000000995e+00
2.309999999999998721e+00
1.480000000000000426e+00
4.899999999999984368e-01
3.374999999999985789e-01
1.750000000000184741e-02
1.469999999999998863e+00
7.624999999999992895e-01
1.595000000000002416e+00
9.499999999999886313e-02
4.599999999999972999e-01
4.749999999999943157e-02
1.347500000000000142e+00
5.000000000000000000e-01
1.035000000000000142e+00
6.625000000000014211e-01
1.140000000000000568e+00
2.144999999999999574e+00
7.025000000000005684e-01
3.350000000000008527e-01
1.104999999999996874e+00
1.907499999999998863e+00
6.499999999999772626e-02
3.925000000000018474e-01
9.974999999999987210e-01
1.219999999999998863e+00
9.999999999999786837e-02
5.450000000000017053e-01
3.599999999999994316e-01
3.174999999999990052e-01
5.250000000000198952e-02
1.024999999999991473e-01
1.325000000000002842e-01
1.615000000000001990e+00
1.332499999999999574e+00
4.649999999999998579e-01
2.174999999999975842e-01
7.900000000000027001e-01
8.574999999999981526e-01
6.075000000000017053e-01
2.499999999999857891e-02
8.100000000000022737e-01
1.535000000000000142e+00
3.674999999999997158e-01
4.749999999999978684e-01
3.599999999999994316e-01
8.250000000000312639e-02
4.249999999999687361e-02
1.750000000000184741e-02
1.225000000000001421e+00
4.725000000000001421e-01
5.775000000000005684e-01
1.200000000000009948e-01
9.499999999999886313e-02
8.975000000000008527e-01
3.597500000000000142e+00
7.600000000000015632e-01
5.224999999999972999e-01
1.422499999999999432e+00
3.825000000000002842e-01
1.732500000000001705e+00
1.862499999999997158e+00
1.000000000000000000e+00
1.022500000000000853e+00
5.824999999999995737e-01
7.950000000000017053e-01
1.975000000000015632e-01
5.500000000000007105e-01
3.500000000000014211e-02
1.674999999999968736e-01
5.575000000000009948e-01
8.650000000000019895e-01
4.999999999999005240e-03
2.600000000000015632e-01
3.374999999999985789e-01
5.575000000000009948e-01
1.949999999999999289e+00
1.757500000000000284e+00
1.695000000000000284e+00
2.785000000000000142e+00
1.687500000000000000e+00
1.500000000000056843e-02
3.524999999999991473e-01
1.359999999999999432e+00
1.070000000000000284e+00
9.024999999999998579e-01
1.289999999999999147e+00
1.062500000000000000e+00
5.199999999999995737e-01
1.074999999999981526e-01
4.250000000000007105e-01
7.000000000000028422e-01
4.000000000000021316e-01
2.349999999999994316e-01
2.499999999997726263e-03
2.140000000000000568e+00
5.824999999999995737e-01
2.199999999999988631e-01
5.274999999999998579e-01
1.309999999999998721e+00
3.155000000000001137e+00
2.084999999999997300e+00
9.050000000000011369e-01
5.075000000000002842e-01
4.275000000000019895e-01
3.402499999999999858e+00
7.950000000000017053e-01
4.195000000000000284e+00
1.675000000000000711e+00
