8.350000000000008527e-01
1.799999999999997158e-01
3.517499999999998295e+00
3.650000000000019895e-01
4.149999999999991473e-01
1.132500000000000284e+00
1.212499999999998579e+00
3.975000000000008527e-01
1.272500000000000853e+00
2.917499999999996874e+00
6.900000000000048317e-01
2.499999999999857891e-02
2.025000000000005684e-01
2.250000000000085265e-02
1.524999999999963052e-01
2.545000000000001705e+00
1.037499999999994316e+00
1.325000000000002842e-01
1.049999999999968736e-01
1.325000000000002842e+00
1.189999999999997726e+00
4.100000000000036948e-01
2.745000000000004547e+00
4.450000000000002842e-01
2.824999999999988631e-01
2.499999999997726263e-03
5.350000000000036948e-01
3.200000000000002842e-01
5.375000000000014211e-01
1.375000000000000000e+00
8.999999999999630518e-02
9.949999999999974420e-01
1.500000000000056843e-01
2.549999999999954525e-01
2.137500000000002842e+00
2.599999999999980105e-01
3.125000000000000000e-01
3.325000000000031264e-01
6.224999999999951683e-01
4.600000000000008527e-01
6.299999999999954525e-01
2.240000000000001990e+00
6.700000000000017053e-01
2.074999999999960210e-01
3.965000000000003411e+00
3.330000000000005400e+00
9.750000000000369482e-02
9.774999999999991473e-01
9.250000000000113687e-02
3.275000000000005684e-01
1.132500000000000284e+00
4.224999999999994316e-01
5.049999999999954525e-01
1.952500000000000568e+00
1.977499999999999147e+00
1.890000000000000568e+00
1.414999999999999147e+00
5.574999999999974420e-01
1.475000000000008527e-01
1.499999999999985789e-01
5.325000000000059686e-01
5.249999999999488409e-02
9.224999999999994316e-01
4.475000000000051159e-01
2.625000000000000000e+00
2.349999999999994316e-01
1.547499999999999432e+00
1.550000000000011369e-01
1.357500000000001705e+00
4.375000000000000000e-01
2.559999999999995168e+00
3.550000000000039790e-01
5.499999999999971578e-02
2.372500000000002274e+00
8.624999999999971578e-01
1.102499999999999147e+00
5.700000000000002842e-01
1.129999999999995453e+00
5.799999999999982947e-01
7.850000000000036948e-01
2.710000000000000853e+00
3.750000000000000000e-01
2.724999999999937472e-01
1.100000000000065370e-01
5.249999999999488409e-02
6.475000000000008527e-01
3.200000000000002842e-01
1.002499999999997726e+00
9.675000000000011369e-01
7.500000000000284217e-03
4.025000000000034106e-01
4.699999999999988631e-01
3.975000000000008527e-01
3.324999999999960210e-01
2.042500000000003979e+00
1.149999999999948841e-01
1.170000000000001705e+00
5.074999999999931788e-01
9.400000000000048317e-01
1.834999999999993747e+00
8.500000000000085265e-02
1.750000000000540012e-02
8.750000000000000000e-01
4.499999999999459988e-02
2.050000000000054001e-01
3.522500000000000853e+00
1.152499999999996305e+00
4.975000000000022737e-01
6.799999999999997158e-01
1.422499999999999432e+00
1.570000000000000284e+00
1.000000000000014211e-01
1.249999999999573674e-02
2.824999999999988631e-01
7.500000000000284217e-02
2.025000000000005684e-01
6.250000000000000000e-02
3.750000000000000000e-01
5.515000000000000568e+00
2.574999999999995737e+00
7.500000000000284217e-02
5.749999999999744205e-02
3.332500000000003126e+00
1.000000000000014211e-01
2.164999999999999147e+00
1.199999999999974420e-01
1.099999999999994316e-01
3.950000000000031264e-01
1.075000000000017053e-01
5.999999999999516831e-02
7.250000000000511591e-02
1.154999999999994031e+00
1.202500000000000568e+00
2.899999999999991473e-01
6.424999999999982947e-01
7.800000000000011369e-01
7.899999999999991473e-01
1.392500000000005400e+00
1.590000000000003411e+00
7.450000000000045475e-01
1.099999999999994316e-01
2.950000000000017053e-01
7.224999999999965894e-01
2.950000000000017053e-01
9.074999999999988631e-01
9.200000000000017053e-01
1.024999999999998579e+00
9.399999999999977263e-01
3.175000000000025580e-01
1.850000000000022737e-01
1.500000000000056843e-02
1.499999999999985789e-01
6.625000000000014211e-01
1.824999999999974420e-01
4.772500000000000853e+00
1.207500000000003126e+00
1.157500000000005969e+00
7.674999999999982947e-01
5.199999999999960210e-01
1.250000000000000000e-01
2.775000000000034106e-01
4.249999999999687361e-02
8.200000000000002842e-01
3.554999999999999716e+00
1.632500000000000284e+00
1.974999999999980105e-01
2.335000000000000853e+00
1.869999999999997442e+00
3.875000000000028422e-01
1.174999999999997158e-01
5.499999999999971578e-02
2.025000000000005684e-01
6.300000000000025580e-01
2.222500000000003695e+00
9.875000000000042633e-01
3.724999999999951683e-01
3.800000000000025580e-01
3.325000000000031264e-01
5.775000000000005684e-01
5.499999999999971578e-01
1.099999999999994316e-01
4.799999999999968736e-01
1.367499999999999716e+00
1.129999999999995453e+00
1.705000000000005400e+00
2.082499999999996021e+00
8.325000000000031264e-01
1.784999999999996589e+00
1.499999999999985789e-01
5.050000000000025580e-01
5.050000000000025580e-01
2.500000000000000000e-01
4.475000000000051159e-01
7.025000000000005684e-01
2.119999999999997442e+00
1.274999999999977263e-01
1.675000000000004263e+00
9.249999999999403144e-02
3.192500000000002558e+00
3.337499999999998579e+00
8.674999999999997158e-01
2.199999999999988631e-01
5.350000000000036948e-01
4.675000000000011369e-01
1.125000000000042633e-01
1.550000000000011369e-01
5.799999999999982947e-01
1.075000000000017053e-01
2.654999999999994031e+00
1.275000000000048317e-01
1.099999999999994316e-01
2.969999999999998863e+00
2.824999999999988631e-01
2.617499999999999716e+00
9.624999999999985789e-01
7.725000000000008527e-01
1.339999999999996305e+00
8.875000000000028422e-01
2.175000000000011369e-01
1.462500000000005684e+00
1.724999999999994316e-01
3.200000000000002842e-01
5.575000000000045475e-01
1.462499999999998579e+00
4.149999999999991473e-01
7.299999999999968736e-01
2.485000000000006537e+00
9.024999999999963052e-01
9.000000000000341061e-02
8.099999999999951683e-01
2.124999999999985789e-01
1.284999999999996589e+00
2.499999999997726263e-03
3.999999999999985789e-01
4.250000000000042633e-01
2.499999999997726263e-03
5.975000000000036948e-01
1.424999999999982947e-01
3.524999999999991473e-01
1.749999999999829470e-02
4.425000000000025580e-01
5.450000000000017053e-01
3.449999999999988631e-01
2.274999999999991473e-01
2.399999999999948841e-01
1.412500000000001421e+00
5.925000000000011369e-01
1.225000000000022737e-01
1.282499999999998863e+00
1.902500000000003411e+00
6.250000000000000000e-01
1.099999999999994316e-01
1.422499999999999432e+00
2.359999999999999432e+00
2.250000000000000000e+00
9.999999999998010480e-03
3.775000000000048317e-01
4.099999999999965894e-01
5.000000000000000000e-01
6.500000000000483169e-02
2.042500000000003979e+00
1.192500000000002558e+00
2.199999999999988631e-01
6.875000000000000000e-01
6.350000000000051159e-01
7.500000000000284217e-03
2.099999999999937472e-01
1.250000000000000000e-01
3.025000000000019895e-01
2.287500000000001421e+00
6.375000000000028422e-01
8.874999999999957367e-01
9.375000000000000000e-01
6.000000000000014211e-01
3.524999999999991473e-01
2.605000000000003979e+00
7.300000000000039790e-01
1.479999999999996874e+00
4.875000000000042633e-01
7.324999999999945999e-01
4.550000000000054001e-01
9.749999999999658939e-02
9.000000000000056843e-01
1.999999999999957367e-01
7.500000000000284217e-02
1.255000000000002558e+00
1.699999999999945999e-01
8.575000000000017053e-01
7.749999999999985789e-01
4.375000000000000000e-01
3.925000000000054001e-01
6.974999999999980105e-01
1.109999999999999432e+00
2.499999999997726263e-03
4.299999999999997158e-01
5.125000000000028422e-01
1.475000000000008527e-01
8.500000000000085265e-02
1.149999999999998579e+00
1.224999999999951683e-01
1.375000000000028422e-01
1.424999999999982947e-01
2.850000000000036948e-01
7.949999999999945999e-01
7.250000000000014211e-01
3.475000000000036948e-01
5.375000000000014211e-01
1.210000000000000853e+00
3.317500000000002558e+00
6.150000000000019895e-01
6.000000000000227374e-02
2.750000000000341061e-02
2.099999999999937472e-01
1.277500000000003411e+00
1.589999999999996305e+00
1.875000000000000000e-01
4.250000000000397904e-02
1.314999999999997726e+00
5.450000000000017053e-01
9.999999999998010480e-03
4.100000000000036948e-01
1.274999999999977263e-01
7.175000000000011369e-01
4.249999999999971578e-01
1.490000000000001990e+00
1.307500000000004547e+00
5.700000000000002842e-01
1.450000000000031264e-01
2.282499999999998863e+00
3.624999999999971578e-01
1.187500000000000000e+00
4.974999999999951683e-01
1.580000000000005400e+00
8.924999999999982947e-01
4.450000000000002842e-01
1.250000000000000000e-01
1.279999999999994031e+00
3.200000000000002842e-01
2.400000000000019895e-01
1.724999999999994316e-01
3.024999999999948841e-01
1.875000000000000000e-01
8.800000000000025580e-01
1.832500000000003126e+00
1.617499999999999716e+00
6.450000000000031264e-01
5.250000000000198952e-02
3.024999999999948841e-01
2.325000000000017053e-01
1.407499999999998863e+00
4.175000000000039790e-01
3.449999999999988631e-01
1.132500000000000284e+00
8.249999999999957367e-01
1.899999999999977263e-01
5.425000000000039790e-01
9.924999999999997158e-01
8.150000000000048317e-01
1.312500000000000000e+00
2.097499999999996589e+00
4.350000000000022737e-01
3.579999999999998295e+00
3.804999999999999716e+00
1.204999999999998295e+00
5.749999999999744205e-02
2.027500000000003411e+00
4.249999999999971578e-01
1.397500000000000853e+00
1.652500000000003411e+00
6.599999999999965894e-01
3.030000000000001137e+00
1.349999999999994316e+00
1.625000000000014211e-01
7.274999999999991473e-01
5.899999999999963052e-01
5.900000000000034106e-01
9.324999999999974420e-01
8.725000000000022737e-01
4.525000000000005684e-01
8.499999999999943157e-01
3.249999999999886313e-02
1.262500000000002842e+00
1.997500000000002274e+00
3.765000000000000568e+00
1.299999999999997158e+00
2.547499999999999432e+00
1.550000000000011369e-01
4.450000000000002842e-01
1.824999999999995737e+00
5.925000000000011369e-01
4.892500000000005400e+00
2.552499999999994884e+00
5.775000000000005684e-01
2.509999999999998010e+00
1.300000000000025580e-01
1.352499999999999147e+00
1.740000000000001990e+00
4.200000000000017053e-01
5.249999999999985789e-01
3.127500000000004832e+00
1.174999999999997158e-01
6.499999999999772626e-02
5.225000000000008527e-01
2.450000000000045475e-01
7.299999999999968736e-01
2.674999999999982947e-01
3.750000000000000000e-01
2.575000000000002842e-01
6.750000000000042633e-01
4.450000000000002842e-01
8.249999999999957367e-01
1.925000000000025580e-01
9.874999999999971578e-01
3.975000000000008527e-01
1.800000000000004263e+00
1.074999999999945999e-01
2.500000000004831691e-03
2.725000000000008527e-01
1.082499999999996021e+00
1.375000000000000000e+00
3.127499999999997726e+00
3.212499999999998579e+00
1.895000000000003126e+00
8.724999999999951683e-01
1.574999999999988631e-01
5.450000000000017053e-01
3.000000000000042633e-01
1.019999999999996021e+00
4.384999999999998010e+00
4.399999999999977263e-01
3.800000000000025580e-01
1.250000000000000000e+00
6.000000000000227374e-02
6.749999999999971578e-01
1.380000000000002558e+00
3.664999999999999147e+00
1.752499999999997726e+00
1.130000000000002558e+00
3.859999999999999432e+00
1.262500000000002842e+00
7.824999999999988631e-01
6.750000000000255795e-02
1.774999999999948841e-01
1.429999999999999716e+00
2.707499999999996021e+00
9.750000000000369482e-02
3.072500000000005116e+00
1.402499999999996305e+00
1.067500000000002558e+00
1.179999999999999716e+00
1.490000000000001990e+00
4.149999999999991473e-01
9.849999999999994316e-01
3.950000000000031264e-01
5.700000000000002842e-01
7.249999999999801048e-02
7.250000000000511591e-02
3.399999999999963052e-01
9.149999999999991473e-01
6.750000000000042633e-01
5.000000000000000000e-01
1.742499999999999716e+00
1.799999999999997158e-01
2.329999999999998295e+00
4.200000000000017053e-01
1.674999999999968736e-01
4.524999999999934630e-01
1.075000000000017053e-01
5.099999999999980105e-01
2.430000000000006821e+00
6.174999999999997158e-01
9.099999999999965894e-01
5.899999999999963052e-01
2.437500000000000000e+00
5.350000000000036948e-01
3.875000000000000000e+00
2.322500000000005116e+00
5.274999999999963052e-01
6.375000000000028422e-01
3.900000000000005684e-01
4.799999999999968736e-01
2.499999999999857891e-02
5.320000000000000284e+00
1.884999999999998010e+00
2.147500000000000853e+00
1.259999999999998010e+00
9.299999999999997158e-01
1.634999999999998010e+00
1.115000000000001990e+00
3.599999999999994316e-01
1.724999999999994316e-01
4.399999999999977263e-01
4.225000000000065370e-01
1.047499999999999432e+00
2.500000000000000000e-01
1.067499999999995453e+00
9.699999999999988631e-01
2.899999999999991473e-01
1.824999999999974420e-01
5.949999999999988631e-01
4.224999999999994316e-01
6.000000000000227374e-02
1.049999999999968736e-01
7.925000000000039790e-01
1.155000000000001137e+00
1.562500000000000000e+00
1.500000000000056843e-02
8.750000000000000000e-01
8.074999999999974420e-01
7.650000000000005684e-01
4.500000000000170530e-02
9.250000000000113687e-02
2.445000000000000284e+00
1.670000000000001705e+00
6.150000000000019895e-01
6.250000000000000000e-01
1.245000000000004547e+00
1.002499999999997726e+00
8.875000000000028422e-01
3.299999999999982947e-01
6.524999999999963052e-01
5.002499999999997726e+00
6.075000000000017053e-01
5.049999999999954525e-01
1.652500000000003411e+00
1.174999999999997158e+00
1.027500000000003411e+00
1.552500000000001990e+00
2.849999999999965894e-01
6.500000000000483169e-02
1.034999999999996589e+00
4.900000000000019895e-01
4.999999999999715783e-02
2.824999999999988631e-01
1.112499999999997158e+00
1.954999999999998295e+00
7.025000000000005684e-01
1.687500000000000000e+00
1.314999999999997726e+00
1.700000000000017053e-01
1.797499999999999432e+00
3.897500000000000853e+00
1.842500000000001137e+00
1.025000000000005684e+00
2.749999999999630518e-02
2.617499999999999716e+00
8.200000000000002842e-01
2.602499999999999147e+00
1.667499999999996874e+00
1.925000000000025580e-01
1.347499999999996589e+00
6.225000000000022737e-01
7.650000000000005684e-01
4.525000000000005684e-01
1.419999999999994600e+00
6.425000000000054001e-01
4.174999999999968736e-01
2.199999999999988631e-01
9.774999999999991473e-01
2.625000000000028422e-01
7.449999999999974420e-01
2.700000000000031264e-01
2.362499999999997158e+00
1.717500000000001137e+00
3.464999999999996305e+00
1.325000000000002842e-01
2.365000000000001990e+00
1.007500000000000284e+00
1.085000000000000853e+00
3.350000000000008527e-01
2.124999999999985789e-01
6.749999999999971578e-01
4.699999999999988631e-01
3.617499999999999716e+00
9.250000000000113687e-02
2.100000000000008527e-01
1.332499999999996021e+00
2.147500000000000853e+00
4.350000000000022737e-01
3.049999999999997158e-01
7.424999999999997158e-01
1.707500000000003126e+00
1.887499999999995737e+00
8.224999999999980105e-01
1.392500000000005400e+00
1.247499999999995168e+00
3.575000000000017053e-01
1.792499999999996874e+00
2.575000000000002842e-01
2.999999999999971578e-01
1.152499999999996305e+00
1.187500000000000000e+00
2.925000000000039790e-01
1.899999999999977263e-01
7.725000000000008527e-01
1.204999999999998295e+00
1.374999999999957367e-01
2.850000000000036948e-01
5.250000000000198952e-02
6.024999999999991473e-01
1.350000000000001421e+00
2.749999999999985789e-01
2.650000000000005684e-01
1.100000000000001421e+00
3.049999999999997158e-01
5.775000000000005684e-01
8.400000000000034106e-01
2.824999999999988631e-01
5.700000000000002842e-01
9.499999999999886313e-02
1.777500000000003411e+00
1.625000000000014211e-01
1.500000000000056843e-02
3.500000000000014211e-01
3.924999999999982947e-01
2.674999999999982947e-01
3.650000000000019895e-01
5.650000000000048317e-01
5.999999999999516831e-02
9.375000000000000000e-01
1.292499999999996874e+00
2.274999999999991473e-01
4.425000000000025580e-01
1.579999999999998295e+00
1.000000000000014211e-01
1.824999999999974420e-01
3.325000000000031264e-01
1.122500000000002274e+00
6.150000000000019895e-01
2.137499999999995737e+00
4.150000000000062528e-01
9.749999999999658939e-02
1.409999999999996589e+00
1.837500000000005684e+00
1.750000000000000000e+00
8.975000000000008527e-01
1.000000000000014211e-01
1.542499999999996874e+00
1.287500000000001421e+00
3.699999999999974420e-01
2.002499999999997726e+00
1.530000000000001137e+00
2.100000000000008527e-01
6.450000000000031264e-01
1.429999999999999716e+00
3.352499999999999147e+00
1.092500000000001137e+00
2.750000000000341061e-02
8.174999999999954525e-01
1.190000000000004832e+00
8.649999999999948841e-01
1.552500000000001990e+00
1.182499999999997442e+00
8.325000000000031264e-01
1.104999999999996874e+00
7.049999999999982947e-01
8.200000000000002842e-01
6.925000000000025580e-01
1.854999999999996874e+00
2.375000000000042633e-01
5.450000000000017053e-01
6.124999999999971578e-01
6.000000000000227374e-02
2.872499999999995168e+00
7.124999999999985789e-01
9.900000000000019895e-01
3.325000000000031264e-01
2.757500000000000284e+00
3.999999999999914735e-02
1.562500000000000000e+00
3.949999999999960210e-01
1.950000000000002842e-01
2.749999999999985789e-01
2.160000000000003695e+00
2.502499999999997726e+00
3.857500000000001705e+00
4.825000000000017053e-01
3.949999999999960210e-01
2.925000000000039790e-01
9.699999999999988631e-01
1.674999999999968736e-01
1.175000000000068212e-01
1.559999999999995168e+00
1.549999999999997158e+00
3.075000000000045475e-01
1.549999999999940314e-01
3.725000000000022737e-01
4.500000000000170530e-02
1.099999999999994316e-01
1.017499999999998295e+00
1.450000000000031264e-01
8.924999999999982947e-01
5.399999999999991473e-01
1.604999999999996874e+00
8.375000000000056843e-01
5.099999999999980105e-01
1.567500000000002558e+00
6.950000000000002842e-01
4.849999999999994316e-01
2.824999999999988631e-01
2.575000000000002842e-01
1.075000000000002842e+00
3.725000000000022737e-01
1.875000000000000000e-01
4.299999999999997158e-01
2.120000000000004547e+00
1.300000000000025580e-01
3.049999999999997158e-01
5.000000000000000000e-01
2.637499999999995737e+00
1.762500000000002842e+00
9.525000000000005684e-01
5.750000000000454747e-02
1.289999999999999147e+00
7.824999999999988631e-01
2.202500000000000568e+00
2.682499999999997442e+00
3.200000000000002842e-01
1.092500000000001137e+00
7.100000000000008527e-01
1.350000000000051159e-01
5.374999999999943157e-01
4.749999999999943157e-02
3.075000000000045475e-01
6.724999999999994316e-01
3.900000000000005684e-01
6.950000000000002842e-01
4.375000000000000000e-01
1.844999999999998863e+00
1.147500000000000853e+00
2.047499999999999432e+00
5.000000000002557954e-03
2.682499999999997442e+00
3.250000000000028422e-01
7.924999999999968736e-01
8.250000000000312639e-02
2.432499999999997442e+00
1.024999999999991473e-01
2.499999999999857891e-02
2.974999999999994316e-01
1.502500000000004832e+00
1.839999999999996305e+00
2.882500000000000284e+00
3.749999999999431566e-02
2.550000000000025580e-01
1.162500000000001421e+00
1.149999999999948841e-01
1.547500000000006537e+00
9.499999999999886313e-02
2.622500000000002274e+00
6.000000000000227374e-02
5.024999999999977263e-01
2.100000000000008527e-01
3.299999999999982947e-01
1.657499999999998863e+00
1.300000000000025580e-01
1.012499999999995737e+00
8.200000000000002842e-01
5.549999999999997158e-01
5.250000000000056843e-01
1.499999999999985789e-01
5.649999999999977263e-01
6.000000000000227374e-02
7.925000000000039790e-01
3.449999999999988631e-01
3.499999999999658939e-02
2.674999999999982947e-01
8.975000000000008527e-01
7.250000000000014211e-01
8.125000000000000000e-01
5.499999999999971578e-02
5.199999999999960210e-01
1.507500000000000284e+00
1.092500000000001137e+00
4.237500000000004263e+00
9.675000000000011369e-01
2.000000000000312639e-02
2.799999999999940314e-01
1.017500000000005400e+00
8.324999999999960210e-01
9.350000000000022737e-01
2.997499999999995168e+00
4.574999999999960210e-01
1.215000000000003411e+00
7.499999999999573674e-02
1.002500000000004832e+00
5.724999999999980105e-01
2.199999999999988631e-01
2.000000000000312639e-02
3.480000000000003979e+00
3.924999999999982947e-01
1.625000000000014211e-01
9.574999999999960210e-01
2.220000000000005969e+00
6.399999999999934630e-01
1.100000000000065370e-01
1.169999999999994600e+00
3.849999999999980105e-01
1.067500000000002558e+00
4.899999999999948841e-01
6.200000000000045475e-01
7.500000000000284217e-03
8.650000000000019895e-01
2.424999999999997158e-01
1.974999999999980105e-01
3.550000000000039790e-01
4.074999999999988631e-01
1.765000000000000568e+00
1.289999999999999147e+00
2.924999999999968736e-01
1.017500000000005400e+00
4.349999999999951683e-01
1.250000000000284217e-02
6.599999999999965894e-01
1.900000000000048317e-01
1.749999999999829470e-02
2.250000000000014211e-01
4.662500000000001421e+00
1.024999999999991473e-01
2.929999999999999716e+00
1.372500000000002274e+00
1.509999999999998010e+00
1.325000000000002842e-01
1.320000000000000284e+00
8.224999999999980105e-01
2.034999999999996589e+00
3.950000000000031264e-01
2.322500000000005116e+00
1.349999999999980105e-01
3.274999999999998579e+00
1.590000000000003411e+00
9.475000000000051159e-01
3.249999999999886313e-02
1.002499999999997726e+00
1.155000000000001137e+00
3.149999999999977263e-01
2.932499999999997442e+00
3.024999999999998579e+00
1.822499999999998010e+00
3.350000000000008527e-01
6.675000000000039790e-01
1.050000000000039790e-01
2.942500000000002558e+00
4.499999999999459988e-02
2.072500000000005116e+00
4.025000000000034106e-01
1.984999999999999432e+00
3.674999999999997158e-01
4.249999999999971578e-01
3.750000000000142109e-02
1.524999999999963052e-01
6.274999999999977263e-01
1.007500000000000284e+00
1.574999999999988631e-01
5.625000000000000000e-01
2.075000000000031264e-01
1.374999999999957367e-01
1.387500000000002842e+00
2.259999999999998010e+00
1.124999999999971578e-01
1.170000000000001705e+00
3.025000000000019895e-01
5.450000000000017053e-01
1.004999999999995453e+00
7.750000000000056843e-02
1.649999999999998579e+00
8.250000000000312639e-02
3.524999999999991473e-01
1.679999999999999716e+00
6.799999999999997158e-01
3.524999999999991473e-01
2.177500000000001990e+00
1.582499999999996021e+00
2.600000000000051159e-01
2.199999999999988631e-01
4.999999999995452526e-03
1.140000000000000568e+00
5.750000000000028422e-01
4.900000000000019895e-01
3.152500000000003411e+00
1.179999999999999716e+00
2.349999999999994316e-01
1.244999999999997442e+00
3.287500000000001421e+00
4.350000000000022737e-01
1.792499999999996874e+00
1.850000000000022737e-01
6.999999999999317879e-02
7.900000000000062528e-01
1.024999999999998579e+00
1.150000000000019895e-01
2.174999999999940314e-01
1.225000000000022737e-01
1.119999999999997442e+00
4.607499999999994600e+00
6.449999999999960210e-01
3.275000000000005684e-01
8.150000000000048317e-01
2.615000000000001990e+00
1.300000000000025580e-01
1.127499999999997726e+00
7.850000000000036948e-01
1.549999999999940314e-01
1.062500000000000000e+00
6.150000000000019895e-01
1.325000000000002842e-01
9.800000000000039790e-01
1.507499999999993179e+00
4.175000000000039790e-01
2.520000000000003126e+00
2.025000000000005684e-01
1.100000000000001421e+00
1.837500000000005684e+00
2.074999999999960210e-01
4.924999999999997158e-01
3.025000000000019895e-01
1.537500000000001421e+00
5.675000000000025580e-01
1.549999999999940314e-01
2.022499999999993747e+00
9.450000000000002842e-01
5.875000000000056843e-01
1.269999999999996021e+00
1.857500000000001705e+00
1.097500000000003695e+00
4.749999999999943157e-02
2.575000000000002842e-01
3.152500000000003411e+00
1.439999999999997726e+00
1.215000000000003411e+00
2.362499999999997158e+00
9.050000000000011369e-01
1.049999999999968736e-01
2.725000000000008527e-01
1.035000000000003695e+00
1.124999999999971578e-01
1.340000000000003411e+00
7.374999999999971578e-01
9.050000000000011369e-01
2.300000000000039790e-01
3.949999999999960210e-01
6.250000000000000000e-02
7.725000000000008527e-01
7.875000000000014211e-01
1.747500000000002274e+00
2.669999999999994600e+00
1.467500000000001137e+00
1.767499999999998295e+00
1.350000000000001421e+00
2.210000000000000853e+00
1.447500000000005116e+00
1.999999999999957367e-01
2.737500000000004263e+00
1.167499999999996874e+00
8.374999999999985789e-01
1.155000000000001137e+00
2.677499999999994884e+00
1.195000000000000284e+00
3.200000000000002842e-01
8.074999999999974420e-01
6.600000000000036948e-01
4.724999999999965894e-01
2.899999999999991473e-01
1.074999999999995737e+00
2.512500000000002842e+00
1.732499999999994600e+00
3.325000000000031264e-01
1.347499999999996589e+00
1.400000000000005684e-01
9.150000000000062528e-01
3.524999999999991473e-01
5.225000000000008527e-01
6.974999999999980105e-01
1.625000000000000000e+00
9.500000000000596856e-02
2.599999999999980105e-01
2.025000000000005684e-01
1.224999999999951683e-01
5.374999999999943157e-01
3.049999999999997158e-01
2.500000000004831691e-03
1.844999999999998863e+00
7.250000000000014211e-01
2.100000000000008527e-01
4.749999999999943157e-02
2.265000000000000568e+00
1.932499999999997442e+00
3.812500000000000000e+00
8.125000000000000000e-01
5.730000000000003979e+00
1.199999999999995737e+00
3.224999999999980105e-01
8.250000000000312639e-02
1.142499999999998295e+00
6.000000000000227374e-02
2.749999999999985789e-01
6.475000000000008527e-01
6.274999999999977263e-01
2.624999999999957367e-01
1.424999999999982947e-01
1.400000000000005684e-01
6.750000000000255795e-02
2.255000000000002558e+00
5.775000000000005684e-01
2.550000000000025580e-01
1.850000000000022737e-01
4.999999999995452526e-03
5.750000000000028422e-01
8.049999999999997158e-01
3.750000000000142109e-02
2.924999999999968736e-01
8.449999999999988631e-01
2.052500000000001990e+00
2.049999999999997158e+00
8.399999999999963052e-01
9.624999999999985789e-01
1.812500000000000000e+00
4.474999999999980105e-01
3.100000000000022737e-01
1.547500000000006537e+00
4.524999999999934630e-01
7.424999999999997158e-01
1.842500000000001137e+00
3.249999999999886313e-02
7.725000000000008527e-01
1.024999999999991473e-01
1.999999999999602096e-02
1.905000000000001137e+00
1.400000000000005684e-01
2.092500000000001137e+00
5.274999999999963052e-01
2.100000000000008527e-01
3.575000000000017053e-01
1.172499999999999432e+00
2.157499999999998863e+00
4.025000000000034106e-01
4.427500000000001990e+00
9.824999999999945999e-01
4.224999999999994316e-01
1.230000000000003979e+00
1.960000000000000853e+00
4.624999999999985789e-01
7.750000000000056843e-02
4.250000000000397904e-02
1.082499999999996021e+00
7.800000000000011369e-01
1.375000000000028422e-01
4.899999999999948841e-01
1.520000000000003126e+00
4.874999999999971578e-01
4.050000000000011369e-01
3.750000000000000000e-01
6.250000000000000000e-02
3.224999999999980105e-01
4.299999999999997158e-01
6.750000000000255795e-02
4.090000000000003411e+00
4.774999999999991473e-01
6.375000000000028422e-01
2.499999999999857891e-02
1.492499999999999716e+00
9.975000000000022737e-01
1.842500000000001137e+00
8.724999999999951683e-01
2.500000000000568434e-02
1.524999999999963052e-01
7.249999999999801048e-02
3.650000000000019895e-01
1.519999999999996021e+00
4.200000000000017053e-01
8.724999999999951683e-01
5.775000000000005684e-01
3.075000000000045475e-01
1.899999999999998579e+00
3.800000000000025580e-01
6.574999999999988631e-01
1.424999999999982947e-01
3.374999999999985789e-01
6.250000000000000000e-02
2.674999999999982947e-01
7.875000000000014211e-01
2.775000000000034106e-01
8.750000000000000000e-01
4.774999999999991473e-01
1.924999999999954525e-01
5.525000000000019895e-01
1.124999999999971578e-01
1.665000000000006253e+00
1.307499999999997442e+00
9.499999999999886313e-02
2.775000000000034106e-01
3.175000000000025580e-01
9.499999999999886313e-02
1.379999999999995453e+00
1.050000000000039790e-01
1.899999999999977263e-01
3.125000000000000000e-01
8.250000000000312639e-02
3.759999999999998010e+00
4.525000000000005684e-01
1.567500000000002558e+00
8.800000000000025580e-01
1.537500000000001421e+00
3.592500000000001137e+00
1.799999999999997158e-01
1.137500000000002842e+00
1.437500000000000000e+00
1.400000000000005684e-01
2.774999999999963052e-01
3.025000000000019895e-01
5.174999999999982947e-01
7.349999999999994316e-01
4.274999999999948841e-01
7.500000000000284217e-02
1.494999999999997442e+00
4.000000000000056843e-01
2.974999999999994316e+00
1.079999999999998295e+00
1.155000000000001137e+00
3.060000000000002274e+00
2.189999999999997726e+00
2.300000000000039790e-01
1.457500000000003126e+00
5.975000000000036948e-01
9.499999999999957367e-01
1.344999999999998863e+00
7.575000000000002842e-01
7.225000000000036948e-01
8.549999999999968736e-01
7.325000000000017053e-01
5.275000000000034106e-01
1.630000000000002558e+00
1.144999999999996021e+00
2.967499999999994031e+00
1.157500000000005969e+00
9.849999999999994316e-01
2.609999999999999432e+00
4.074999999999988631e-01
3.575000000000017053e-01
1.274999999999977263e-01
5.300000000000011369e-01
1.374999999999957367e-01
2.179999999999999716e+00
2.524999999999977263e-01
1.420000000000001705e+00
1.424999999999982947e-01
5.949999999999988631e-01
1.174999999999997158e-01
7.025000000000005684e-01
1.164999999999999147e+00
1.799999999999997158e-01
2.297499999999999432e+00
4.537500000000001421e+00
7.075000000000031264e-01
1.009999999999998010e+00
8.924999999999982947e-01
7.599999999999980105e-01
3.699999999999974420e-01
7.625000000000028422e-01
5.000000000002557954e-03
1.780000000000001137e+00
1.550000000000011369e-01
2.824999999999988631e-01
8.800000000000025580e-01
8.924999999999982947e-01
2.412500000000001421e+00
1.554999999999999716e+00
4.175000000000039790e-01
1.699999999999945999e-01
5.474999999999994316e-01
2.982499999999994600e+00
3.950000000000031264e-01
2.924999999999968736e-01
9.775000000000062528e-01
1.664999999999999147e+00
1.000000000000014211e-01
5.024999999999977263e-01
4.750000000000014211e-01
1.274999999999977263e-01
6.349999999999980105e-01
9.275000000000019895e-01
1.977499999999999147e+00
5.225000000000008527e-01
3.900000000000005684e-01
1.089999999999996305e+00
7.500000000000284217e-03
9.874999999999971578e-01
5.050000000000025580e-01
5.899999999999963052e-01
5.975000000000036948e-01
6.699999999999945999e-01
1.457500000000003126e+00
4.474999999999980105e-01
5.000000000002557954e-03
1.162500000000001421e+00
4.292499999999996874e+00
6.000000000000227374e-02
9.749999999999658939e-02
2.499999999997726263e-03
1.822499999999998010e+00
1.850000000000022737e-01
9.849999999999994316e-01
4.277499999999996305e+00
8.500000000000085265e-02
6.450000000000031264e-01
8.999999999999985789e-01
3.500000000000014211e-01
1.799999999999997158e-01
4.015000000000000568e+00
5.925000000000011369e-01
2.384999999999998010e+00
2.325000000000002842e+00
3.362499999999997158e+00
8.324999999999960210e-01
3.450000000000059686e-01
1.789999999999999147e+00
4.999999999999715783e-02
8.449999999999988631e-01
5.750000000000028422e-01
9.774999999999991473e-01
1.749999999999829470e-02
8.475000000000036948e-01
2.350000000000001421e+00
2.174999999999997158e+00
1.449999999999960210e-01
2.899999999999991473e-01
5.500000000000682121e-02
6.824999999999974420e-01
1.599999999999965894e-01
1.442500000000002558e+00
3.374999999999985789e-01
3.500000000000369482e-02
1.722499999999996589e+00
1.297499999999999432e+00
1.750000000000000000e+00
3.249999999999886313e-02
9.650000000000034106e-01
8.749999999999857891e-02
1.015000000000000568e+00
3.037500000000001421e+00
1.115000000000001990e+00
6.699999999999945999e-01
1.530000000000001137e+00
3.482500000000001705e+00
7.925000000000039790e-01
3.174999999999954525e-01
2.297499999999999432e+00
1.107500000000001705e+00
6.250000000000000000e-02
6.749999999999545253e-02
1.924999999999997158e+00
2.099999999999937472e-01
6.675000000000039790e-01
1.700000000000017053e-01
6.250000000000000000e-02
2.002500000000004832e+00
1.692499999999995453e+00
6.325000000000002842e-01
2.359999999999999432e+00
9.500000000000028422e-01
8.224999999999980105e-01
1.400000000000005684e-01
1.252500000000004832e+00
5.649999999999977263e-01
1.009999999999998010e+00
8.400000000000034106e-01
4.799999999999968736e-01
1.627500000000004832e+00
3.999999999999914735e-02
7.225000000000036948e-01
1.269999999999996021e+00
2.902500000000003411e+00
6.675000000000039790e-01
2.199999999999995737e+00
2.685000000000002274e+00
7.775000000000034106e-01
2.037500000000001421e+00
1.859999999999999432e+00
3.822499999999998010e+00
2.725000000000008527e-01
8.749999999999857891e-02
5.949999999999988631e-01
8.224999999999980105e-01
3.130000000000002558e+00
6.000000000000227374e-02
5.999999999999516831e-02
8.550000000000039790e-01
3.399999999999963052e-01
1.550000000000011369e-01
3.425000000000011369e-01
6.649999999999991473e-01
5.775000000000005684e-01
7.400000000000019895e-01
8.849999999999980105e-01
1.062500000000000000e+00
6.649999999999991473e-01
1.129999999999995453e+00
1.272500000000000853e+00
3.725000000000022737e-01
1.022500000000000853e+00
6.099999999999994316e-01
2.650000000000005684e-01
1.594999999999998863e+00
5.799999999999982947e-01
3.630000000000002558e+00
2.099999999999937472e-01
2.609999999999999432e+00
2.380000000000002558e+00
2.112499999999997158e+00
1.700000000000017053e-01
2.075000000000031264e-01
1.474999999999937472e-01
4.325000000000045475e-01
8.975000000000008527e-01
2.049999999999982947e-01
3.400000000000034106e-01
3.249999999999957367e-01
5.225000000000008527e-01
9.825000000000017053e-01
2.102500000000006253e+00
9.749999999999658939e-02
1.602499999999999147e+00
2.300000000000039790e-01
2.149999999999963052e-01
2.500000000004831691e-03
3.099999999999951683e-01
3.225000000000051159e-01
2.849999999999965894e-01
1.432500000000004547e+00
3.492499999999999716e+00
7.275000000000062528e-01
1.099999999999994316e-01
6.224999999999951683e-01
2.650000000000005684e+00
5.274999999999963052e-01
2.547499999999999432e+00
4.074999999999988631e-01
1.477499999999999147e+00
1.302500000000001990e+00
1.052500000000001990e+00
7.800000000000011369e-01
1.524999999999998579e+00
4.675000000000011369e-01
2.157499999999998863e+00
6.750000000000255795e-02
2.049999999999982947e-01
1.134999999999998010e+00
1.335000000000000853e+00
2.044999999999994600e+00
7.500000000000284217e-03
4.624999999999985789e-01
4.999999999999715783e-02
1.524999999999998579e+00
7.500000000000284217e-02
5.574999999999974420e-01
3.875000000000028422e-01
2.499999999997726263e-03
1.917499999999996874e+00
9.675000000000011369e-01
1.475000000000008527e-01
7.875000000000014211e-01
1.314999999999997726e+00
3.449999999999988631e-01
4.749999999999943157e-02
1.007500000000000284e+00
6.024999999999991473e-01
4.500000000000028422e-01
3.882500000000000284e+00
7.849999999999965894e-01
1.299999999999997158e+00
2.850000000000036948e-01
9.074999999999988631e-01
6.924999999999954525e-01
2.310000000000002274e+00
2.822499999999998010e+00
1.720000000000005969e+00
4.690000000000004832e+00
2.125000000000056843e-01
3.299999999999982947e-01
4.500000000000028422e-01
5.949999999999988631e-01
1.222499999999996589e+00
2.695000000000000284e+00
1.325000000000002842e-01
2.775000000000034106e-01
3.200000000000002842e-01
2.100000000000008527e-01
2.449999999999974420e-01
1.325000000000002842e-01
4.774999999999991473e-01
1.724999999999994316e-01
3.924999999999982947e-01
1.017499999999998295e+00
8.749999999999857891e-02
2.275000000000062528e-01
1.304999999999999716e+00
1.572500000000005116e+00
2.482500000000001705e+00
4.249999999999687361e-02
1.195000000000000284e+00
1.585000000000000853e+00
1.017499999999998295e+00
1.645000000000003126e+00
3.732500000000001705e+00
1.339999999999996305e+00
4.299999999999997158e-01
3.664999999999999147e+00
4.600000000000008527e-01
1.894999999999996021e+00
5.574999999999974420e-01
3.382500000000000284e+00
8.474999999999965894e-01
1.799999999999997158e-01
5.099999999999980105e-01
2.424999999999997158e-01
1.170000000000001705e+00
3.047499999999999432e+00
1.015000000000000568e+00
3.149999999999977263e-01
1.650000000000062528e-01
2.822499999999998010e+00
4.750000000000014211e-01
8.575000000000017053e-01
2.274999999999991473e-01
2.849999999999965894e-01
1.710000000000000853e+00
1.160000000000003695e+00
7.249999999999943157e-01
1.425000000000054001e-01
8.049999999999997158e-01
5.524999999999948841e-01
2.875000000000014211e-01
1.332499999999996021e+00
4.474999999999980105e-01
8.500000000000085265e-02
9.999999999998010480e-03
7.175000000000011369e-01
9.849999999999994316e-01
3.700000000000002842e+00
4.475000000000051159e-01
2.800000000000011369e-01
4.724999999999965894e-01
2.135000000000005116e+00
1.434999999999995168e+00
3.275000000000005684e-01
3.412499999999994316e+00
4.399999999999998579e+00
2.562500000000000000e+00
2.375000000000042633e-01
1.374999999999957367e-01
9.449999999999931788e-01
1.252499999999997726e+00
3.924999999999982947e-01
1.350000000000051159e-01
4.750000000000014211e-01
8.525000000000062528e-01
2.575000000000002842e-01
1.445000000000000284e+00
1.505000000000002558e+00
1.704999999999998295e+00
8.225000000000051159e-01
3.249999999999886313e-02
1.625000000000000000e+00
6.000000000000014211e-01
2.172499999999999432e+00
2.704999999999998295e+00
1.195000000000000284e+00
2.549999999999997158e+00
2.375000000000000000e+00
1.527500000000003411e+00
9.924999999999997158e-01
1.030000000000001137e+00
2.100000000000008527e-01
5.824999999999960210e-01
1.824999999999974420e-01
5.900000000000034106e-01
4.999999999999715783e-02
4.575000000000031264e-01
3.000000000000113687e-02
3.344999999999998863e+00
2.599999999999980105e-01
3.775000000000048317e-01
4.149999999999991473e-01
5.199999999999960210e-01
1.785000000000003695e+00
1.405000000000001137e+00
1.237499999999997158e+00
1.074999999999995737e+00
1.400000000000005684e-01
5.775000000000005684e-01
1.075000000000017053e-01
1.422499999999999432e+00
3.975000000000001421e+00
3.975000000000008527e-01
1.349999999999980105e-01
4.117499999999999716e+00
1.340000000000003411e+00
8.875000000000028422e-01
2.999999999999971578e-01
4.525000000000005684e-01
6.124999999999971578e-01
4.592500000000001137e+00
1.380000000000002558e+00
5.949999999999988631e-01
1.500000000000056843e-01
9.050000000000011369e-01
4.999999999995452526e-03
5.704999999999998295e+00
4.749999999999943157e-02
3.100000000000022737e-01
2.545000000000001705e+00
1.897499999999993747e+00
2.539999999999999147e+00
1.724999999999994316e-01
2.532499999999998863e+00
2.419999999999994600e+00
1.022500000000000853e+00
1.624999999999943157e-01
1.600000000000036948e-01
9.675000000000011369e-01
3.512500000000002842e+00
2.424999999999997158e-01
7.075000000000031264e-01
7.599999999999980105e-01
4.275000000000019895e-01
4.324999999999974420e-01
8.500000000000085265e-02
2.922499999999999432e+00
3.409999999999996589e+00
9.199999999999945999e-01
1.435000000000002274e+00
2.335000000000000853e+00
3.900000000000005684e-01
7.549999999999954525e-01
2.862500000000004263e+00
9.949999999999974420e-01
3.975000000000008527e-01
3.200000000000002842e-01
7.224999999999965894e-01
2.642499999999998295e+00
3.247499999999995168e+00
4.600000000000008527e-01
1.977499999999999147e+00
1.295000000000001705e+00
1.499999999999985789e-01
4.500000000000028422e-01
2.687500000000000000e+00
1.000000000000014211e-01
2.250000000000014211e-01
6.250000000000000000e-02
2.074999999999960210e-01
9.000000000000341061e-02
6.749999999999971578e-01
1.174999999999997158e-01
6.750000000000255795e-02
5.675000000000025580e-01
4.275000000000019895e-01
4.974999999999951683e-01
6.174999999999997158e-01
7.999999999999971578e-01
1.225000000000022737e-01
1.265000000000000568e+00
4.162500000000001421e+00
2.249999999999374722e-02
1.344999999999998863e+00
1.247499999999995168e+00
9.000000000000341061e-02
1.349999999999980105e-01
5.574999999999974420e-01
7.349999999999994316e-01
4.200000000000017053e-01
1.824999999999974420e-01
1.349999999999980105e-01
2.250000000000014211e-01
2.500000000004831691e-03
6.574999999999988631e-01
7.500000000000284217e-03
2.725000000000008527e-01
6.475000000000008527e-01
1.875000000000000000e-01
1.412500000000001421e+00
4.299999999999997158e-01
2.537500000000001421e+00
8.774999999999977263e-01
2.210000000000000853e+00
1.417500000000003979e+00
1.530000000000001137e+00
1.512500000000002842e+00
7.375000000000042633e-01
1.357500000000001705e+00
2.052500000000001990e+00
2.800000000000011369e-01
5.000000000000000000e-01
1.265000000000000568e+00
1.164999999999999147e+00
3.725000000000022737e-01
1.507500000000000284e+00
4.249999999999971578e-01
9.050000000000011369e-01
7.849999999999965894e-01
8.950000000000031264e-01
4.200000000000017053e-01
6.000000000000227374e-02
4.624999999999985789e-01
1.169999999999994600e+00
1.950000000000002842e-01
8.750000000000000000e-01
2.324999999999945999e-01
1.304999999999999716e+00
1.610000000000006537e+00
1.349999999999980105e-01
3.825000000000002842e-01
5.349999999999965894e-01
2.842500000000001137e+00
2.637500000000002842e+00
1.149999999999998579e+00
7.800000000000011369e-01
3.197500000000005116e+00
1.002499999999997726e+00
1.092499999999994031e+00
5.900000000000034106e-01
7.500000000000284217e-03
3.685000000000002274e+00
8.500000000000085265e-02
8.449999999999988631e-01
7.424999999999997158e-01
1.259999999999998010e+00
2.744999999999997442e+00
4.325000000000045475e-01
3.025000000000019895e-01
3.577500000000000568e+00
2.599999999999980105e-01
6.499999999999772626e-02
2.090000000000003411e+00
3.999999999999985789e-01
3.499999999999658939e-02
2.977499999999999147e+00
1.842500000000001137e+00
3.474999999999965894e-01
