1.234999999999999432e+00
3.299999999999982947e-01
5.024999999999977263e-01
5.650000000000048317e-01
5.474999999999994316e-01
1.662500000000001421e+00
7.700000000000031264e-01
1.917499999999996874e+00
6.850000000000022737e-01
1.875000000000000000e-01
2.419999999999994600e+00
1.350000000000001421e+00
1.350000000000051159e-01
1.250000000000000000e-01
4.099999999999965894e-01
2.505000000000002558e+00
5.499999999999971578e-02
1.325000000000002842e-01
6.274999999999977263e-01
2.500000000000000000e-01
2.810000000000002274e+00
5.874999999999985789e-01
6.225000000000022737e-01
9.924999999999997158e-01
1.274999999999977263e-01
1.935000000000002274e+00
3.775000000000048317e-01
1.012499999999995737e+00
5.150000000000005684e-01
6.900000000000048317e-01
4.474999999999980105e-01
6.625000000000014211e-01
2.199999999999988631e-01
7.725000000000008527e-01
9.825000000000017053e-01
1.187500000000000000e+00
2.249999999999943157e-01
6.400000000000005684e-01
7.375000000000042633e-01
1.117499999999999716e+00
2.207500000000003126e+00
6.124999999999971578e-01
9.050000000000011369e-01
3.924999999999982947e-01
2.017500000000005400e+00
6.774999999999948841e-01
7.625000000000028422e-01
4.575000000000031264e-01
1.700000000000017053e-01
6.199999999999974420e-01
1.432499999999997442e+00
3.275000000000005684e-01
8.275000000000005684e-01
8.524999999999991473e-01
3.572500000000005116e+00
8.500000000000085265e-02
5.225000000000008527e-01
3.324999999999960210e-01
1.174999999999997158e+00
7.950000000000017053e-01
1.497500000000002274e+00
1.100000000000001421e+00
1.724999999999994316e-01
2.097500000000003695e+00
1.952500000000000568e+00
1.524999999999963052e-01
2.100000000000008527e-01
1.775000000000019895e-01
1.974999999999980105e-01
8.599999999999994316e-01
1.187500000000000000e+00
1.820000000000000284e+00
1.219999999999998863e+00
1.067500000000002558e+00
1.700000000000002842e+00
1.674999999999968736e-01
6.400000000000005684e-01
2.030000000000001137e+00
2.824999999999988631e-01
8.674999999999997158e-01
3.599999999999994316e-01
1.224999999999951683e-01
1.450000000000031264e-01
1.225000000000001421e+00
6.499999999999985789e-01
2.850000000000001421e+00
1.199999999999974420e-01
4.149999999999991473e-01
8.575000000000017053e-01
3.539999999999999147e+00
4.100000000000036948e-01
2.787499999999994316e+00
1.299999999999954525e-01
1.005000000000002558e+00
4.525000000000005684e-01
1.924999999999954525e-01
1.437500000000000000e+00
7.900000000000062528e-01
7.100000000000008527e-01
2.062500000000000000e+00
1.594999999999998863e+00
3.085000000000000853e+00
1.857500000000001705e+00
4.699999999999988631e-01
1.250000000000000000e-01
4.299999999999997158e-01
9.549999999999982947e-01
4.375000000000000000e-01
6.799999999999997158e-01
1.954999999999998295e+00
6.424999999999982947e-01
2.500000000000000000e-01
2.632500000000000284e+00
1.524999999999963052e-01
3.875000000000028422e-01
2.417499999999996874e+00
1.260000000000005116e+00
1.009999999999998010e+00
1.574999999999988631e-01
2.037500000000001421e+00
1.624999999999943157e-01
2.065000000000004832e+00
7.449999999999974420e-01
2.232499999999994600e+00
6.449999999999960210e-01
5.600000000000022737e-01
6.525000000000034106e-01
6.225000000000022737e-01
4.749999999999943157e-02
9.299999999999997158e-01
1.475000000000008527e-01
2.105000000000003979e+00
5.824999999999960210e-01
5.174999999999982947e-01
1.654999999999994031e+00
1.295000000000001705e+00
1.125000000000042633e-01
7.074999999999960210e-01
6.774999999999948841e-01
1.602499999999999147e+00
1.320000000000000284e+00
7.000000000000028422e-01
2.182499999999997442e+00
2.000000000000028422e-01
5.274999999999963052e-01
6.724999999999994316e-01
2.400000000000019895e-01
2.925000000000039790e-01
2.037500000000001421e+00
1.415000000000006253e+00
6.824999999999974420e-01
1.469999999999998863e+00
1.325000000000002842e-01
1.797499999999999432e+00
3.975000000000008527e-01
1.924999999999997158e+00
9.125000000000014211e-01
1.332500000000003126e+00
2.824999999999988631e-01
2.499999999999857891e-02
1.775000000000019895e-01
7.074999999999960210e-01
1.225000000000022737e-01
5.450000000000017053e-01
2.524999999999977263e-01
7.000000000000028422e-02
2.152500000000003411e+00
2.700000000000031264e-01
2.737499999999997158e+00
3.425000000000011369e-01
8.400000000000034106e-01
2.175000000000011369e-01
6.899999999999977263e-01
2.674999999999982947e-01
3.249999999999886313e-02
1.775000000000019895e-01
1.102499999999999147e+00
1.452500000000000568e+00
2.799999999999940314e-01
3.855000000000003979e+00
1.594999999999998863e+00
8.049999999999997158e-01
1.825000000000045475e-01
1.312500000000000000e+00
1.950000000000002842e-01
8.699999999999974420e-01
5.525000000000019895e-01
4.809999999999995168e+00
3.849999999999980105e-01
3.249999999999886313e-02
2.375000000000042633e-01
1.020000000000003126e+00
6.299999999999954525e-01
8.800000000000025580e-01
1.325000000000002842e-01
2.504999999999995453e+00
2.150000000000005684e+00
3.169999999999994600e+00
4.349999999999951683e-01
1.947500000000005116e+00
2.592500000000001137e+00
5.750000000000028422e-01
1.899999999999977263e-01
3.975000000000008527e-01
5.174999999999982947e-01
1.530000000000001137e+00
2.025000000000005684e-01
1.520000000000003126e+00
4.099999999999965894e-01
4.025000000000034106e-01
6.424999999999982947e-01
1.550000000000011369e-01
2.729999999999996874e+00
1.079999999999998295e+00
5.775000000000005684e-01
1.039999999999999147e+00
8.099999999999951683e-01
4.224999999999994316e-01
1.210000000000000853e+00
7.000000000000028422e-01
1.362500000000004263e+00
3.549999999999968736e-01
1.550000000000011369e-01
3.800000000000025580e-01
2.104999999999996874e+00
1.784999999999996589e+00
2.130000000000002558e+00
9.250000000000113687e-02
1.342500000000001137e+00
6.325000000000002842e-01
6.824999999999974420e-01
5.274999999999963052e-01
2.750000000000341061e-02
6.775000000000019895e-01
7.224999999999965894e-01
1.724999999999994316e-01
2.887500000000002842e+00
1.417499999999996874e+00
3.924999999999982947e-01
1.202500000000000568e+00
7.875000000000014211e-01
4.825000000000017053e-01
2.549999999999954525e-01
9.250000000000113687e-02
3.000000000000113687e-02
1.054999999999999716e+00
1.559999999999995168e+00
6.549999999999940314e-01
1.120000000000004547e+00
1.674999999999968736e-01
7.550000000000025580e-01
1.299999999999954525e-01
1.525000000000034106e-01
2.449999999999974420e-01
2.125000000000056843e-01
3.392499999999998295e+00
6.024999999999991473e-01
4.100000000000036948e-01
2.749999999999630518e-02
1.265000000000000568e+00
7.400000000000019895e-01
2.034999999999996589e+00
3.900000000000005684e-01
2.175000000000011369e-01
1.340000000000003411e+00
3.825000000000002842e-01
1.062500000000000000e+00
1.922500000000006537e+00
1.775000000000019895e-01
1.949999999999931788e-01
1.287500000000001421e+00
1.250000000000000000e-01
6.574999999999988631e-01
1.434999999999995168e+00
3.025000000000019895e-01
8.299999999999982947e-01
6.625000000000014211e-01
6.300000000000025580e-01
7.649999999999934630e-01
3.450000000000059686e-01
1.234999999999999432e+00
5.175000000000054001e-01
2.274999999999991473e-01
3.724999999999951683e-01
1.620000000000004547e+00
3.924999999999982947e-01
5.850000000000008527e-01
9.824999999999945999e-01
1.252499999999997726e+00
2.274999999999991473e-01
2.057500000000004547e+00
2.695000000000000284e+00
3.000000000000113687e-02
6.250000000000000000e-01
6.974999999999980105e-01
5.474999999999994316e-01
1.295000000000001705e+00
6.150000000000019895e-01
1.072499999999998010e+00
1.179999999999999716e+00
7.024999999999934630e-01
1.792499999999996874e+00
1.682500000000004547e+00
4.179999999999999716e+00
8.250000000000028422e-01
9.949999999999974420e-01
8.224999999999980105e-01
7.025000000000005684e-01
9.024999999999963052e-01
3.609999999999999432e+00
2.750000000000341061e-02
1.289999999999999147e+00
1.405000000000001137e+00
7.924999999999968736e-01
1.130000000000002558e+00
1.722499999999996589e+00
5.349999999999965894e-01
1.210000000000000853e+00
3.750000000000000000e-01
4.075000000000059686e-01
8.149999999999977263e-01
4.424999999999954525e-01
1.050000000000039790e-01
1.252499999999997726e+00
2.824999999999988631e-01
5.300000000000011369e-01
7.750000000000056843e-02
7.150000000000034106e-01
3.249999999999957367e-01
9.750000000000014211e-01
1.500000000000056843e-02
1.252500000000004832e+00
7.174999999999940314e-01
2.047500000000006537e+00
5.449999999999945999e-01
2.824999999999988631e-01
2.124999999999985789e-01
2.800000000000011369e-01
4.399999999999977263e-01
5.825000000000031264e-01
1.924999999999954525e-01
4.774999999999991473e-01
1.632500000000000284e+00
2.675000000000054001e-01
2.347499999999996589e+00
5.424999999999968736e-01
1.472500000000003695e+00
8.899999999999934630e-01
1.329999999999998295e+00
7.575000000000002842e-01
3.075000000000045475e-01
8.324999999999960210e-01
3.375000000000056843e-01
1.152499999999996305e+00
1.574999999999995737e+00
1.495000000000004547e+00
1.449999999999960210e-01
3.800000000000025580e-01
8.749999999999857891e-02
3.547499999999999432e+00
9.499999999999957367e-01
2.150000000000034106e-01
2.440000000000004832e+00
1.062500000000000000e+00
1.925000000000025580e-01
1.674999999999997158e+00
1.057500000000004547e+00
5.499999999999971578e-02
1.524999999999963052e-01
1.182500000000004547e+00
1.272500000000000853e+00
4.474999999999980105e-01
2.224999999999965894e-01
2.337499999999998579e+00
1.477499999999999147e+00
9.825000000000017053e-01
2.494999999999997442e+00
7.750000000000056843e-01
8.799999999999954525e-01
6.525000000000034106e-01
3.147500000000000853e+00
3.575000000000017053e-01
8.174999999999954525e-01
4.250000000000397904e-02
3.374999999999985789e-01
3.029999999999994031e+00
1.899999999999977263e-01
1.275000000000005684e+00
7.824999999999988631e-01
3.650000000000019895e-01
1.262499999999995737e+00
2.829999999999998295e+00
1.732500000000001705e+00
3.900000000000005684e-01
1.519999999999996021e+00
3.724999999999951683e-01
2.737500000000004263e+00
3.924999999999982947e-01
2.850000000000036948e-01
9.499999999999886313e-02
3.820000000000000284e+00
6.499999999999985789e-01
2.899999999999991473e-01
5.950000000000059686e-01
3.999999999999914735e-02
9.099999999999965894e-01
7.250000000000511591e-02
8.049999999999997158e-01
5.124999999999957367e-01
4.250000000000397904e-02
3.949999999999960210e-01
7.525000000000048317e-01
5.775000000000005684e-01
4.590000000000003411e+00
2.405000000000001137e+00
1.249999999999573674e-02
1.200000000000045475e-01
3.249999999999957367e-01
1.600000000000036948e-01
2.177500000000001990e+00
8.524999999999991473e-01
1.797499999999999432e+00
1.204999999999998295e+00
5.024999999999977263e-01
2.499999999999857891e-02
7.525000000000048317e-01
1.387499999999995737e+00
1.077500000000000568e+00
2.027500000000003411e+00
1.875000000000000000e+00
1.967500000000001137e+00
4.375000000000000000e-01
2.674999999999982947e-01
2.515000000000000568e+00
1.527499999999996305e+00
6.100000000000065370e-01
1.589999999999996305e+00
8.300000000000054001e-01
2.524999999999977263e-01
1.150000000000019895e-01
2.479999999999996874e+00
1.950000000000002842e-01
1.057499999999997442e+00
7.274999999999991473e-01
1.482499999999994600e+00
2.750000000000056843e-01
1.274999999999977263e-01
5.549999999999997158e-01
1.762500000000002842e+00
6.250000000000000000e-02
8.350000000000008527e-01
1.749999999999829470e-02
8.149999999999977263e-01
1.097500000000003695e+00
3.449999999999988631e-01
6.675000000000039790e-01
2.375000000000042633e-01
8.424999999999940314e-01
2.585000000000000853e+00
1.120000000000004547e+00
3.624999999999971578e-01
2.505000000000002558e+00
9.999999999999431566e-02
2.539999999999999147e+00
6.974999999999980105e-01
1.442500000000002558e+00
2.347500000000003695e+00
1.152499999999996305e+00
1.265000000000000568e+00
5.225000000000008527e-01
6.199999999999974420e-01
4.975000000000001421e+00
1.432499999999997442e+00
7.100000000000008527e-01
1.887500000000002842e+00
1.574999999999988631e-01
5.549999999999997158e-01
2.224999999999965894e-01
3.825000000000002842e-01
3.625000000000042633e-01
3.200000000000002842e-01
2.899999999999991473e-01
1.887500000000002842e+00
4.799999999999968736e-01
2.577500000000000568e+00
1.749999999999971578e-01
1.795000000000001705e+00
1.712499999999998579e+00
2.800000000000011369e-01
5.225000000000008527e-01
1.289999999999999147e+00
1.724999999999994316e-01
1.770000000000003126e+00
2.487499999999997158e+00
4.725000000000036948e-01
7.824999999999988631e-01
9.250000000000113687e-02
5.075000000000002842e-01
3.472499999999996589e+00
1.349999999999980105e-01
4.500000000000028422e-01
3.650000000000019895e-01
1.112499999999997158e+00
1.000000000000014211e-01
1.799999999999997158e-01
4.000000000000000000e+00
2.550000000000025580e-01
2.052499999999994884e+00
7.699999999999960210e-01
3.150000000000048317e-01
6.449999999999960210e-01
5.700000000000002842e-01
5.825000000000031264e-01
5.120000000000004547e+00
3.750000000000000000e-01
7.749999999999985789e-01
4.050000000000011369e-01
2.655000000000001137e+00
2.375000000000042633e-01
3.949999999999960210e-01
1.450000000000031264e-01
3.674999999999997158e-01
1.649999999999991473e-01
9.200000000000017053e-01
6.499999999999985789e-01
9.525000000000005684e-01
6.125000000000042633e-01
9.574999999999960210e-01
3.725000000000022737e-01
6.049999999999968736e-01
8.674999999999997158e-01
9.725000000000036948e-01
1.799999999999997158e-01
6.599999999999965894e-01
5.200000000000031264e-01
5.450000000000017053e-01
1.250000000000000000e+00
2.614999999999994884e+00
5.600000000000022737e-01
7.750000000000056843e-02
2.599999999999980105e-01
9.074999999999988631e-01
1.520000000000003126e+00
4.874999999999971578e-01
8.674999999999997158e-01
4.750000000000014211e-01
9.750000000000014211e-01
1.572499999999998010e+00
2.524999999999977263e-01
1.500000000000056843e-02
1.312500000000000000e+00
7.999999999999971578e-01
3.900000000000005684e-01
6.950000000000002842e-01
1.872500000000002274e+00
9.249999999999971578e-01
5.250000000000198952e-02
1.349999999999980105e-01
1.674999999999968736e-01
2.142500000000005400e+00
5.599999999999951683e-01
4.350000000000022737e-01
1.754999999999995453e+00
2.625000000000028422e-01
1.934999999999995168e+00
3.850000000000051159e-01
1.950000000000002842e-01
1.750000000000042633e-01
2.699999999999960210e-01
6.025000000000062528e-01
1.284999999999996589e+00
3.025000000000019895e-01
1.277499999999996305e+00
8.874999999999957367e-01
1.009999999999998010e+00
1.000000000000511591e-02
1.500000000000056843e-02
1.279999999999994031e+00
8.850000000000051159e-01
1.795000000000001705e+00
1.520000000000003126e+00
1.649999999999998579e+00
2.974999999999994316e-01
4.224999999999994316e-01
1.429999999999999716e+00
1.750000000000000000e+00
1.320000000000000284e+00
1.282500000000005969e+00
8.999999999999985789e-01
8.674999999999997158e-01
2.087499999999998579e+00
1.757500000000000284e+00
1.745000000000004547e+00
9.125000000000014211e-01
2.749999999999630518e-02
4.525000000000005684e-01
9.699999999999988631e-01
3.600000000000065370e-01
7.249999999999801048e-02
6.899999999999977263e-01
2.499999999999857891e-02
1.250000000000000000e-01
3.024999999999998579e+00
9.750000000000369482e-02
3.249999999999886313e-02
1.320000000000000284e+00
1.017499999999998295e+00
1.475000000000008527e-01
2.190000000000004832e+00
2.025000000000005684e-01
9.999999999998010480e-03
6.099999999999994316e-01
6.499999999999772626e-02
2.899999999999991473e-01
1.857500000000001705e+00
5.625000000000000000e-01
1.427500000000001990e+00
8.575000000000017053e-01
5.499999999999971578e-02
2.599999999999980105e-01
2.349999999999994316e-01
2.625000000000028422e-01
1.942499999999995453e+00
5.874999999999985789e-01
1.375000000000028422e-01
7.599999999999980105e-01
2.567500000000002558e+00
2.280000000000001137e+00
6.524999999999963052e-01
1.297499999999999432e+00
1.460000000000000853e+00
2.139999999999993463e+00
1.950000000000002842e-01
3.200000000000002842e-01
2.094999999999998863e+00
7.000000000000028422e-02
9.700000000000059686e-01
2.950000000000017053e-01
4.499999999999957367e-01
1.407499999999998863e+00
1.820000000000000284e+00
1.787500000000001421e+00
1.007500000000000284e+00
1.172499999999999432e+00
2.524999999999977263e-01
7.500000000000000000e-01
9.900000000000019895e-01
1.000000000000000000e+00
2.192500000000002558e+00
2.499999999999857891e-02
1.087499999999998579e+00
2.674999999999982947e-01
1.287500000000001421e+00
5.225000000000008527e-01
2.974999999999994316e-01
4.149999999999991473e-01
1.494999999999997442e+00
4.650000000000034106e-01
2.092500000000001137e+00
1.722499999999996589e+00
2.149999999999998579e+00
3.575000000000017053e-01
5.874999999999985789e-01
2.005000000000002558e+00
3.750000000000142109e-02
1.329999999999998295e+00
4.249999999999971578e-01
7.500000000000284217e-03
3.700000000000045475e-01
6.449999999999960210e-01
5.250000000000198952e-02
1.174999999999997158e-01
1.625000000000000000e+00
3.025000000000019895e-01
2.622500000000002274e+00
2.045000000000001705e+00
1.182499999999997442e+00
2.124999999999985789e-01
3.750000000000000000e-01
8.250000000000312639e-02
1.302499999999994884e+00
1.237499999999997158e+00
9.525000000000005684e-01
2.025000000000005684e-01
1.899999999999977263e-01
1.380000000000002558e+00
1.100000000000001421e+00
1.329999999999998295e+00
1.310000000000002274e+00
1.619999999999997442e+00
4.550000000000054001e-01
1.265000000000000568e+00
1.492499999999999716e+00
4.699999999999988631e-01
2.100000000000001421e+00
9.499999999999886313e-02
3.575000000000017053e-01
9.624999999999985789e-01
5.549999999999997158e-01
6.974999999999980105e-01
6.824999999999974420e-01
6.174999999999997158e-01
7.475000000000022737e-01
7.475000000000022737e-01
6.649999999999991473e-01
2.199999999999988631e-01
5.949999999999988631e-01
8.625000000000042633e-01
6.400000000000005684e-01
1.210000000000000853e+00
3.675000000000004263e+00
8.174999999999954525e-01
3.374999999999985789e-01
4.749999999999943157e-02
2.200000000000002842e+00
6.124999999999971578e-01
1.250000000000284217e-02
1.674999999999968736e-01
1.925000000000025580e-01
4.249999999999971578e-01
1.685000000000002274e+00
7.175000000000011369e-01
1.265000000000000568e+00
5.424999999999968736e-01
3.007500000000000284e+00
3.650000000000019895e-01
5.900000000000034106e-01
7.749999999999346301e-02
2.825000000000059686e-01
1.182499999999997442e+00
8.249999999999602096e-02
2.145000000000003126e+00
1.049999999999968736e-01
2.100000000000008527e-01
7.500000000000000000e-01
2.420000000000001705e+00
7.299999999999968736e-01
7.850000000000036948e-01
1.900000000000048317e-01
1.384999999999998010e+00
5.199999999999960210e-01
5.775000000000005684e-01
3.450000000000059686e-01
1.624999999999943157e-01
3.627499999999997726e+00
1.252499999999997726e+00
1.842500000000001137e+00
8.425000000000011369e-01
2.599999999999980105e-01
1.005000000000002558e+00
1.212499999999998579e+00
2.397500000000000853e+00
2.225000000000036948e-01
2.449999999999974420e-01
1.475000000000001421e+00
1.012499999999995737e+00
1.867499999999999716e+00
6.250000000000000000e-01
8.149999999999977263e-01
3.874999999999957367e-01
1.000000000000511591e-02
2.217500000000001137e+00
1.087499999999998579e+00
1.344999999999998863e+00
1.925000000000025580e-01
8.499999999999374722e-02
7.599999999999980105e-01
4.250000000000042633e-01
1.325000000000002842e-01
1.157499999999998863e+00
8.599999999999994316e-01
9.450000000000002842e-01
7.375000000000042633e-01
2.687500000000000000e+00
6.000000000000227374e-02
5.874999999999985789e-01
1.377500000000004832e+00
3.022500000000000853e+00
4.999999999999715783e-02
1.424999999999982947e-01
1.325000000000002842e-01
1.147500000000000853e+00
3.924999999999982947e-01
2.487500000000004263e+00
2.527500000000003411e+00
8.750000000000000000e-01
2.974999999999994316e-01
2.150000000000034106e-01
7.000000000000028422e-02
4.849999999999994316e-01
5.499999999999971578e-01
1.054999999999999716e+00
7.674999999999982947e-01
2.760000000000005116e+00
8.700000000000045475e-01
1.177499999999994884e+00
1.850000000000022737e-01
2.674999999999982947e-01
2.817500000000002558e+00
5.225000000000008527e-01
2.250000000000085265e-02
9.275000000000019895e-01
5.274999999999963052e-01
9.675000000000011369e-01
4.750000000000014211e-01
1.122499999999995168e+00
2.925000000000039790e-01
4.825000000000017053e-01
2.700000000000031264e-01
2.924999999999968736e-01
1.284999999999996589e+00
1.225000000000001421e+00
1.689999999999997726e+00
3.524999999999991473e-01
1.835000000000000853e+00
9.874999999999971578e-01
1.250000000000000000e+00
1.754999999999995453e+00
8.149999999999977263e-01
2.437500000000000000e+00
1.405000000000001137e+00
1.984999999999999432e+00
4.699999999999988631e-01
1.700000000000017053e-01
1.554999999999999716e+00
1.005000000000002558e+00
2.600000000000001421e+00
1.022500000000000853e+00
3.825000000000002842e-01
1.280000000000001137e+00
6.000000000000227374e-02
1.659999999999996589e+00
7.250000000000511591e-02
1.937500000000000000e+00
5.275000000000034106e-01
1.539999999999999147e+00
5.999999999999516831e-02
8.225000000000051159e-01
2.650000000000005684e-01
4.574999999999960210e-01
1.015000000000000568e+00
3.549999999999968736e-01
1.350000000000001421e+00
5.525000000000019895e-01
4.325000000000045475e-01
9.450000000000002842e-01
2.447499999999998010e+00
3.249999999999886313e-02
3.817500000000002558e+00
7.500000000000000000e-01
3.999999999999985789e-01
1.369999999999997442e+00
1.122500000000002274e+00
4.354999999999996874e+00
5.600000000000022737e-01
1.375000000000028422e-01
4.224999999999994316e-01
1.582499999999996021e+00
1.400000000000005684e-01
1.222500000000003695e+00
3.249999999999886313e-02
1.195000000000000284e+00
1.454999999999998295e+00
4.200000000000017053e-01
8.724999999999951683e-01
4.950000000000045475e-01
1.017499999999998295e+00
1.174999999999997158e-01
3.295000000000001705e+00
6.499999999999772626e-02
3.335000000000000853e+00
3.249999999999886313e-02
5.575000000000045475e-01
5.700000000000002842e-01
2.302500000000001990e+00
5.125000000000028422e-01
3.049999999999997158e-01
1.465000000000003411e+00
1.282499999999998863e+00
8.350000000000008527e-01
1.250000000000000000e-01
8.249999999999957367e-01
8.749999999999857891e-02
1.300000000000025580e-01
1.274999999999977263e-01
1.617499999999999716e+00
2.749999999999630518e-02
1.850000000000022737e-01
1.185000000000002274e+00
1.939999999999997726e+00
4.250000000000397904e-02
2.699999999999995737e+00
1.300000000000025580e-01
1.487500000000004263e+00
1.335000000000000853e+00
3.674999999999997158e-01
1.774999999999948841e-01
9.299999999999997158e-01
1.195000000000000284e+00
1.292499999999996874e+00
1.335000000000000853e+00
3.534999999999996589e+00
2.199999999999988631e-01
8.674999999999997158e-01
1.777499999999996305e+00
9.849999999999994316e-01
8.400000000000034106e-01
1.749999999999971578e-01
1.250000000000284217e-02
3.197500000000005116e+00
3.924999999999982947e-01
5.349999999999965894e-01
2.449999999999974420e-01
1.675000000000039790e-01
4.574999999999960210e-01
1.662500000000001421e+00
2.374999999999971578e-01
5.825000000000031264e-01
1.550000000000011369e-01
6.925000000000025580e-01
3.127499999999997726e+00
1.450000000000002842e+00
2.144999999999996021e+00
1.020000000000003126e+00
2.950000000000017053e-01
4.125000000000014211e-01
1.782499999999998863e+00
1.354999999999996874e+00
1.094999999999998863e+00
7.299999999999968736e-01
7.450000000000045475e-01
1.149999999999998579e+00
1.232500000000001705e+00
1.370000000000004547e+00
5.799999999999982947e-01
2.280000000000001137e+00
9.099999999999965894e-01
3.999999999999985789e-01
1.185000000000002274e+00
1.199999999999974420e-01
2.950000000000017053e-01
9.675000000000011369e-01
1.950000000000002842e-01
8.774999999999977263e-01
1.675000000000039790e-01
2.050000000000004263e+00
4.574999999999960210e-01
4.650000000000034106e-01
3.849999999999980105e-01
4.849999999999994316e-01
2.972500000000003695e+00
1.524999999999963052e-01
1.609999999999999432e+00
7.224999999999965894e-01
1.287500000000001421e+00
8.849999999999980105e-01
2.075000000000031264e-01
4.324999999999974420e-01
8.224999999999980105e-01
2.200000000000059686e-01
2.374999999999971578e-01
1.057499999999997442e+00
5.000000000002557954e-03
2.100000000000001421e+00
4.849999999999994316e-01
1.740000000000001990e+00
1.349999999999980105e-01
7.224999999999965894e-01
9.249999999999971578e-01
1.274999999999977263e-01
1.747500000000002274e+00
1.780000000000001137e+00
1.202499999999993463e+00
1.417500000000003979e+00
6.224999999999951683e-01
1.085000000000000853e+00
9.649999999999963052e-01
4.549999999999982947e-01
6.500000000000483169e-02
8.500000000000014211e-01
1.469999999999998863e+00
1.042500000000003979e+00
6.074999999999945999e-01
1.712500000000005684e+00
3.925000000000004263e+00
1.777500000000003411e+00
2.214999999999996305e+00
6.250000000000000000e-02
3.539999999999999147e+00
9.949999999999974420e-01
6.625000000000014211e-01
9.224999999999994316e-01
4.500000000000170530e-02
2.075000000000031264e-01
8.149999999999977263e-01
2.974999999999994316e-01
1.875000000000000000e-01
1.650000000000005684e+00
1.049999999999997158e+00
1.947499999999998010e+00
1.824999999999995737e+00
3.625000000000042633e-01
9.424999999999954525e-01
7.500000000000284217e-03
3.035000000000003695e+00
3.037500000000001421e+00
3.724999999999951683e-01
8.999999999999985789e-01
1.799999999999997158e-01
3.275000000000005684e-01
1.719999999999998863e+00
2.999999999999971578e-01
1.905000000000001137e+00
5.750000000000028422e-01
1.409999999999996589e+00
9.074999999999988631e-01
9.375000000000000000e-01
3.074999999999974420e-01
2.619999999999997442e+00
1.884999999999998010e+00
7.899999999999991473e-01
1.810000000000002274e+00
1.442500000000002558e+00
4.675000000000011369e-01
8.074999999999974420e-01
2.825000000000059686e-01
4.524999999999934630e-01
6.824999999999974420e-01
2.907500000000005969e+00
5.649999999999977263e-01
9.200000000000017053e-01
6.250000000000000000e-01
4.774999999999991473e-01
1.007500000000000284e+00
2.329999999999998295e+00
8.049999999999997158e-01
5.400000000000062528e-01
2.320000000000000284e+00
4.249999999999687361e-02
3.875000000000028422e-01
3.724999999999951683e-01
7.625000000000028422e-01
8.325000000000031264e-01
3.849999999999980105e-01
1.674999999999968736e-01
1.782499999999998863e+00
1.705000000000005400e+00
5.024999999999977263e-01
1.327500000000000568e+00
3.549999999999968736e-01
1.270000000000003126e+00
5.899999999999963052e-01
1.939999999999997726e+00
2.875000000000014211e-01
1.524999999999998579e+00
1.562500000000000000e+00
4.849999999999994316e-01
1.085000000000000853e+00
7.999999999999829470e-02
4.574999999999960210e-01
8.750000000000568434e-02
1.824999999999974420e-01
3.147500000000000853e+00
1.185000000000002274e+00
9.699999999999988631e-01
1.325000000000002842e-01
1.967500000000001137e+00
1.250000000000284217e-02
1.102499999999999147e+00
5.874999999999985789e-01
4.350000000000022737e-01
7.975000000000065370e-01
8.999999999999985789e-01
7.449999999999974420e-01
1.432499999999997442e+00
1.380000000000002558e+00
1.250000000000284217e-02
1.772500000000000853e+00
1.384999999999998010e+00
1.020000000000003126e+00
4.499999999999459988e-02
7.175000000000011369e-01
1.030000000000001137e+00
4.474999999999980105e-01
7.000000000000028422e-02
4.450000000000002842e-01
5.499999999999971578e-02
1.000000000000014211e-01
1.667500000000003979e+00
1.474999999999937472e-01
3.850000000000051159e-01
3.007500000000000284e+00
9.525000000000005684e-01
1.974999999999980105e-01
9.250000000000113687e-02
1.219999999999998863e+00
6.799999999999997158e-01
1.520000000000003126e+00
1.317500000000002558e+00
4.849999999999994316e-01
4.950000000000045475e-01
2.475000000000022737e-01
4.999999999995452526e-03
7.600000000000051159e-01
1.054999999999999716e+00
3.649999999999948841e-01
1.724999999999994316e-01
2.500000000000000000e-01
8.149999999999977263e-01
9.749999999999658939e-02
2.355000000000003979e+00
3.724999999999951683e-01
3.475000000000036948e-01
5.224999999999937472e-01
2.750000000000000000e+00
1.359999999999999432e+00
1.432499999999997442e+00
9.900000000000019895e-01
5.812500000000007105e+00
1.337499999999998579e+00
3.299999999999982947e-01
2.662500000000001421e+00
3.189999999999997726e+00
5.300000000000011369e-01
6.750000000000255795e-02
1.529999999999994031e+00
4.125000000000014211e-01
2.100000000000008527e-01
3.107500000000001705e+00
4.949999999999974420e-01
2.599999999999980105e-01
1.000000000000511591e-02
3.849999999999980105e-01
9.474999999999980105e-01
1.804999999999999716e+00
2.250000000000014211e-01
8.949999999999960210e-01
7.150000000000034106e-01
1.727499999999999147e+00
1.250000000000284217e-02
1.744999999999997442e+00
4.849999999999994316e-01
1.599999999999965894e-01
3.750000000000142109e-02
1.810000000000002274e+00
8.325000000000031264e-01
3.032499999999998863e+00
5.925000000000011369e-01
9.749999999999658939e-02
2.067500000000002558e+00
1.329999999999998295e+00
2.924999999999968736e-01
5.125000000000028422e-01
1.399999999999998579e+00
2.724999999999937472e-01
5.775000000000005684e-01
1.772500000000000853e+00
5.549999999999997158e-01
1.472499999999996589e+00
7.500000000000284217e-03
1.094999999999998863e+00
1.375000000000028422e-01
2.127499999999997726e+00
1.875000000000000000e-01
1.420000000000001705e+00
6.099999999999994316e-01
3.875000000000028422e-01
1.439999999999997726e+00
2.275000000000062528e-01
7.899999999999991473e-01
5.000000000000000000e-01
3.975000000000008527e-01
2.632500000000000284e+00
3.399999999999963052e-01
1.032499999999998863e+00
2.714999999999996305e+00
6.824999999999974420e-01
2.150000000000034106e-01
9.849999999999994316e-01
5.600000000000022737e-01
1.859999999999999432e+00
4.575000000000031264e-01
1.765000000000000568e+00
7.000000000000028422e-01
9.425000000000025580e-01
1.512500000000002842e+00
1.699999999999945999e-01
2.000000000000312639e-02
1.614999999999994884e+00
1.182500000000004547e+00
6.024999999999991473e-01
1.969999999999998863e+00
1.274999999999998579e+00
2.749999999999630518e-02
1.205000000000005400e+00
5.424999999999968736e-01
3.840000000000003411e+00
5.324999999999988631e-01
1.155000000000001137e+00
2.407499999999991758e+00
3.449999999999988631e-01
2.717500000000001137e+00
9.649999999999963052e-01
4.600000000000008527e-01
3.575000000000017053e-01
6.224999999999951683e-01
4.550000000000054001e-01
8.699999999999974420e-01
1.225000000000022737e-01
2.435000000000002274e+00
8.300000000000054001e-01
3.474999999999965894e-01
1.047499999999999432e+00
4.900000000000019895e-01
1.120000000000004547e+00
8.425000000000011369e-01
9.975000000000022737e-01
1.999999999999957367e-01
1.182499999999997442e+00
2.750000000000341061e-02
1.445000000000000284e+00
3.900000000000005684e-01
2.499999999999857891e-02
3.750000000000000000e-01
5.900000000000034106e-01
3.675000000000004263e+00
6.299999999999954525e-01
8.650000000000019895e-01
1.525000000000005684e+00
8.249999999999602096e-02
7.375000000000042633e-01
3.774999999999977263e-01
4.100000000000036948e-01
1.007500000000000284e+00
1.707499999999996021e+00
1.192499999999995453e+00
6.574999999999988631e-01
4.924999999999997158e-01
1.512500000000002842e+00
3.975000000000008527e-01
1.600000000000001421e+00
2.192499999999995453e+00
7.774999999999963052e-01
9.924999999999997158e-01
1.795000000000001705e+00
2.077500000000000568e+00
9.050000000000011369e-01
1.049999999999968736e-01
2.174999999999997158e+00
2.300000000000039790e-01
6.300000000000025580e-01
1.000000000000000000e+00
1.237499999999997158e+00
1.782500000000005969e+00
1.384999999999998010e+00
2.104999999999996874e+00
2.240000000000001990e+00
6.075000000000017053e-01
4.624999999999985789e-01
3.775000000000048317e-01
2.224999999999994316e+00
2.550000000000025580e-01
1.324999999999995737e+00
1.084999999999993747e+00
3.250000000000028422e-01
7.000000000000028422e-01
1.750000000000042633e-01
5.700000000000002842e-01
1.204999999999998295e+00
3.500000000000000000e+00
2.424999999999997158e-01
2.725000000000008527e-01
1.307499999999997442e+00
1.690000000000004832e+00
2.237500000000004263e+00
4.350000000000022737e-01
4.249999999999687361e-02
7.124999999999985789e-01
2.527499999999996305e+00
5.249999999999985789e-01
8.775000000000048317e-01
9.249999999999403144e-02
9.825000000000017053e-01
2.867499999999999716e+00
4.050000000000011369e-01
3.499999999999658939e-02
3.825000000000002842e-01
9.624999999999985789e-01
1.912500000000001421e+00
1.362499999999997158e+00
1.840000000000003411e+00
2.307499999999997442e+00
1.357500000000001705e+00
3.725000000000022737e-01
4.464999999999996305e+00
2.884999999999998010e+00
4.675000000000011369e-01
7.899999999999991473e-01
1.152499999999996305e+00
2.225000000000036948e-01
1.099999999999994316e+00
7.374999999999971578e-01
8.875000000000028422e-01
3.950000000000031264e-01
3.774999999999977263e-01
1.030000000000001137e+00
2.357500000000001705e+00
1.999999999999957367e-01
5.225000000000008527e-01
9.999999999998010480e-03
1.857500000000001705e+00
1.005000000000002558e+00
7.500000000000284217e-03
1.574999999999988631e-01
1.024999999999991473e-01
2.545000000000001705e+00
2.179999999999999716e+00
7.700000000000031264e-01
2.999999999999971578e-01
4.275000000000019895e-01
3.650000000000019895e-01
5.050000000000025580e-01
1.182499999999997442e+00
1.372500000000002274e+00
1.124999999999971578e-01
1.527500000000003411e+00
4.074999999999988631e-01
2.575000000000002842e-01
9.050000000000011369e-01
3.849999999999980105e-01
1.099999999999994316e-01
2.749999999999985789e-01
4.474999999999980105e-01
9.750000000000014211e-01
1.807499999999997442e+00
1.147500000000000853e+00
9.125000000000014211e-01
2.774999999999963052e-01
4.050000000000011369e-01
7.775000000000034106e-01
2.004999999999995453e+00
2.929999999999999716e+00
3.149999999999977263e-01
6.274999999999977263e-01
1.150000000000019895e-01
7.575000000000002842e-01
1.327500000000000568e+00
1.559999999999995168e+00
1.000000000000511591e-02
4.624999999999985789e-01
4.249999999999971578e-01
1.375000000000028422e-01
1.322499999999998010e+00
1.700000000000017053e-01
3.849999999999980105e-01
1.402499999999996305e+00
1.099999999999994316e-01
4.125000000000014211e-01
5.300000000000011369e-01
2.449999999999995737e+00
1.124999999999971578e-01
7.075000000000031264e-01
3.457500000000003126e+00
1.199999999999995737e+00
3.275000000000005684e+00
4.570000000000000284e+00
3.362500000000004263e+00
1.117499999999999716e+00
3.000000000000113687e-02
5.900000000000034106e-01
1.749999999999829470e-02
1.974999999999980105e-01
3.299999999999982947e-01
3.000000000000113687e-02
3.350000000000008527e-01
1.134999999999998010e+00
1.954999999999998295e+00
9.575000000000031264e-01
8.874999999999957367e-01
5.750000000000454747e-02
2.855000000000003979e+00
1.307500000000004547e+00
6.749999999999545253e-02
2.332500000000003126e+00
3.799999999999954525e-01
1.332500000000003126e+00
2.344999999999998863e+00
2.757500000000000284e+00
1.225000000000022737e-01
5.600000000000022737e-01
5.949999999999988631e-01
1.545000000000001705e+00
2.800000000000011369e-01
7.800000000000011369e-01
9.199999999999945999e-01
1.302500000000001990e+00
3.624999999999971578e-01
9.000000000000341061e-02
1.187500000000000000e+00
1.085000000000000853e+00
1.349999999999980105e-01
2.644999999999996021e+00
4.949999999999974420e-01
2.875000000000014211e-01
5.874999999999985789e-01
1.125000000000042633e-01
8.900000000000005684e-01
9.924999999999997158e-01
1.150000000000019895e-01
2.499999999997726263e-03
1.962499999999998579e+00
3.022500000000000853e+00
8.900000000000005684e-01
1.097499999999996589e+00
3.999999999999914735e-02
2.030000000000001137e+00
1.099999999999994316e-01
1.414999999999999147e+00
4.749999999999943157e-02
3.500000000000014211e-01
1.969999999999998863e+00
2.384999999999998010e+00
1.642499999999998295e+00
1.382500000000000284e+00
1.787500000000001421e+00
1.075000000000002842e+00
7.650000000000005684e-01
1.000000000000014211e-01
7.849999999999965894e-01
3.467500000000008242e+00
4.775000000000062528e-01
1.559999999999995168e+00
5.000000000000000000e-01
1.767500000000005400e+00
6.499999999999772626e-02
2.950000000000017053e-01
3.175000000000025580e-01
2.524999999999977263e-01
7.950000000000017053e-01
5.249999999999488409e-02
7.100000000000008527e-01
4.525000000000005684e-01
1.099999999999994316e-01
4.424999999999954525e-01
2.825000000000059686e-01
6.499999999999985789e-01
1.842500000000001137e+00
1.574999999999988631e-01
8.474999999999965894e-01
1.265000000000000568e+00
1.649999999999991473e-01
3.774999999999977263e-01
4.050000000000011369e-01
1.992499999999999716e+00
2.952500000000000568e+00
3.624999999999971578e-01
5.899999999999963052e-01
1.475000000000008527e-01
1.670000000000001705e+00
1.875000000000000000e-01
2.609999999999999432e+00
1.402499999999996305e+00
1.844999999999998863e+00
9.500000000000596856e-02
2.999999999999971578e-01
1.250000000000000000e-01
1.475000000000008527e-01
4.525000000000005684e-01
2.199999999999988631e-01
4.132499999999993179e+00
1.249999999999573674e-02
2.500000000000000000e-01
1.012500000000002842e+00
6.325000000000002842e-01
4.750000000000014211e-01
2.650000000000005684e-01
1.349999999999980105e-01
7.400000000000019895e-01
2.150000000000034106e-01
7.424999999999997158e-01
1.999999999999957367e-01
8.900000000000005684e-01
3.612499999999997158e+00
1.555000000000006821e+00
1.542499999999996874e+00
6.649999999999991473e-01
3.200000000000002842e+00
2.784999999999996589e+00
7.199999999999988631e-01
4.375000000000000000e-01
1.502500000000004832e+00
1.749999999999829470e-02
1.700000000000017053e-01
2.099999999999937472e-01
1.050000000000039790e-01
1.749999999999971578e-01
7.749999999999985789e-01
1.579999999999998295e+00
3.119999999999997442e+00
3.212500000000005684e+00
1.582500000000003126e+00
1.762500000000002842e+00
2.149999999999963052e-01
1.617499999999999716e+00
1.600000000000036948e-01
1.924999999999954525e-01
1.122500000000002274e+00
1.749999999999971578e-01
5.075000000000002842e-01
1.692499999999995453e+00
1.532499999999998863e+00
4.699999999999988631e-01
2.329999999999998295e+00
6.775000000000019895e-01
1.335000000000000853e+00
6.074999999999945999e-01
5.499999999999971578e-02
2.175000000000004263e+00
1.950000000000002842e-01
1.024999999999991473e-01
6.325000000000002842e-01
6.775000000000019895e-01
1.015000000000000568e+00
3.524999999999991473e-01
1.557500000000004547e+00
2.499999999997726263e-03
2.299999999999968736e-01
4.675000000000011369e-01
1.030000000000001137e+00
2.082499999999996021e+00
4.424999999999954525e-01
6.525000000000034106e-01
9.975000000000022737e-01
7.500000000000284217e-03
1.592500000000001137e+00
1.332499999999996021e+00
2.250000000000014211e-01
5.225000000000008527e-01
5.450000000000017053e-01
7.500000000000000000e-01
4.250000000000042633e-01
1.074999999999945999e-01
9.625000000000056843e-01
2.837500000000005684e+00
5.625000000000000000e-01
1.775000000000019895e-01
1.250000000000284217e-02
1.224999999999951683e-01
8.524999999999991473e-01
6.075000000000017053e-01
1.714999999999996305e+00
3.149999999999977263e-01
2.749999999999985789e-01
6.700000000000017053e-01
7.675000000000054001e-01
1.899999999999998579e+00
1.525000000000034106e-01
1.849999999999994316e+00
9.624999999999985789e-01
1.250000000000284217e-02
1.267499999999998295e+00
1.995000000000004547e+00
2.399999999999948841e-01
2.642499999999998295e+00
2.635000000000005116e+00
9.124999999999943157e-01
5.214999999999996305e+00
1.835000000000000853e+00
8.250000000000028422e-01
3.374999999999985789e-01
1.099999999999994316e-01
5.225000000000008527e-01
5.674999999999954525e-01
1.440000000000004832e+00
1.490000000000001990e+00
6.875000000000000000e-01
1.132500000000000284e+00
6.450000000000031264e-01
2.650000000000005684e-01
2.640000000000000568e+00
3.649999999999948841e-01
3.824999999999931788e-01
3.175000000000025580e-01
8.200000000000002842e-01
9.224999999999994316e-01
1.094999999999998863e+00
1.577500000000000568e+00
2.192499999999995453e+00
4.249999999999687361e-02
2.775000000000034106e-01
3.504999999999995453e+00
3.000000000000042633e-01
8.024999999999948841e-01
1.225000000000022737e-01
7.000000000000028422e-01
5.000000000000000000e-01
2.237500000000004263e+00
1.064999999999997726e+00
1.560000000000002274e+00
2.255000000000002558e+00
1.390000000000000568e+00
9.425000000000025580e-01
2.424999999999997158e-01
1.884999999999998010e+00
6.825000000000045475e-01
1.499999999999985789e-01
1.570000000000000284e+00
9.149999999999991473e-01
5.749999999999957367e-01
5.000000000000426326e-02
5.249999999999985789e-01
6.974999999999980105e-01
1.282499999999998863e+00
1.345000000000005969e+00
1.950000000000002842e-01
9.999999999998010480e-03
1.042499999999996874e+00
1.937500000000000000e+00
3.350000000000008527e-01
3.999999999999914735e-02
1.095000000000005969e+00
9.800000000000039790e-01
4.549999999999982947e-01
1.270000000000003126e+00
1.299999999999954525e-01
2.195000000000000284e+00
8.624999999999971578e-01
