1.252499999999997726e+00
6.099999999999994316e-01
3.049999999999997158e-01
1.950000000000002842e-01
3.074999999999974420e-01
1.250000000000000000e-01
2.424999999999997158e-01
7.524999999999977263e-01
7.425000000000068212e-01
7.500000000000000000e-01
1.357500000000001705e+00
3.299999999999982947e-01
2.550000000000025580e-01
1.339999999999996305e+00
1.475000000000008527e-01
3.849999999999980105e-01
2.675000000000054001e-01
4.799999999999968736e-01
6.499999999999772626e-02
8.025000000000019895e-01
6.225000000000022737e-01
1.509999999999998010e+00
2.657499999999998863e+00
3.099999999999951683e-01
1.800000000000004263e+00
1.352499999999999147e+00
5.099999999999980105e-01
6.350000000000051159e-01
1.054999999999999716e+00
1.377499999999997726e+00
1.032499999999998863e+00
2.650000000000005684e-01
1.472500000000003695e+00
1.164999999999999147e+00
1.850000000000001421e+00
1.757500000000000284e+00
1.307499999999997442e+00
3.474999999999965894e-01
1.225000000000022737e-01
7.000000000000028422e-01
1.367499999999999716e+00
8.524999999999991473e-01
1.619999999999997442e+00
4.375000000000000000e-01
1.645000000000003126e+00
4.734999999999999432e+00
5.500000000000042633e-01
6.899999999999977263e-01
4.675000000000011369e-01
8.074999999999974420e-01
8.999999999999630518e-02
1.382500000000000284e+00
1.350000000000001421e+00
1.732500000000001705e+00
5.225000000000008527e-01
4.574999999999960210e-01
5.500000000000042633e-01
1.950000000000002842e-01
2.167499999999996874e+00
1.685000000000002274e+00
1.925000000000025580e-01
2.122500000000002274e+00
3.724999999999951683e-01
8.449999999999988631e-01
2.160000000000003695e+00
3.574999999999945999e-01
4.125000000000014211e-01
7.999999999999829470e-02
2.450000000000045475e-01
1.197499999999998010e+00
5.649999999999977263e-01
4.294999999999994600e+00
5.250000000000198952e-02
9.349999999999951683e-01
1.750000000000042633e-01
3.162500000000001421e+00
3.999999999999985789e-01
1.337500000000005684e+00
6.799999999999997158e-01
2.424999999999997158e-01
2.224999999999965894e-01
8.175000000000025580e-01
1.000000000000511591e-02
1.117499999999999716e+00
1.637499999999995737e+00
1.179999999999999716e+00
5.250000000000198952e-02
2.247500000000002274e+00
1.504999999999995453e+00
1.375000000000000000e+00
1.642499999999998295e+00
1.179999999999999716e+00
1.067500000000002558e+00
5.749999999999744205e-02
1.505000000000002558e+00
2.832499999999996021e+00
9.450000000000002842e-01
1.475000000000008527e-01
1.767500000000005400e+00
5.835000000000000853e+00
4.475000000000001421e+00
8.575000000000017053e-01
4.074999999999988631e-01
7.500000000000000000e-01
4.425000000000025580e-01
1.127499999999997726e+00
9.274999999999948841e-01
1.997500000000002274e+00
5.625000000000000000e-01
3.000000000000113687e-02
3.095000000000005969e+00
1.765000000000000568e+00
2.042499999999996874e+00
2.155000000000001137e+00
3.500000000000014211e-01
9.999999999998010480e-03
2.400000000000005684e+00
1.174999999999997158e-01
1.267499999999998295e+00
1.749999999999829470e-02
1.640000000000000568e+00
3.799999999999954525e-01
1.080000000000005400e+00
2.104999999999996874e+00
1.342500000000001137e+00
1.924999999999954525e-01
5.650000000000048317e-01
6.250000000000000000e-02
2.500000000000000000e-01
1.649999999999991473e-01
2.137500000000002842e+00
2.715000000000003411e+00
7.999999999999829470e-02
3.699999999999995737e+00
7.524999999999977263e-01
1.850000000000022737e-01
1.777499999999996305e+00
5.525000000000019895e-01
2.274999999999998579e+00
3.924999999999982947e-01
9.750000000000369482e-02
3.599999999999994316e-01
7.025000000000005684e-01
8.125000000000000000e-01
1.464999999999996305e+00
5.075000000000002842e-01
9.250000000000113687e-02
8.624999999999971578e-01
4.425000000000025580e-01
5.099999999999980105e-01
5.175000000000054001e-01
3.849999999999980105e-01
1.162500000000001421e+00
5.249999999999985789e-01
6.174999999999997158e-01
1.875000000000000000e+00
3.412500000000001421e+00
3.900000000000005684e-01
1.600000000000036948e-01
9.999999999999431566e-02
1.185000000000002274e+00
1.295000000000001705e+00
5.024999999999977263e-01
5.450000000000017053e-01
1.402499999999996305e+00
4.817499999999995453e+00
1.274999999999998579e+00
1.047499999999999432e+00
2.350000000000065370e-01
8.049999999999997158e-01
6.324999999999931788e-01
1.150000000000019895e-01
5.300000000000011369e-01
8.624999999999971578e-01
7.250000000000014211e-01
8.725000000000022737e-01
1.445000000000000284e+00
3.000000000000113687e-02
2.147500000000000853e+00
4.899999999999948841e-01
2.550000000000025580e-01
1.587499999999998579e+00
2.170000000000001705e+00
3.650000000000019895e-01
1.054999999999999716e+00
4.174999999999968736e-01
3.519999999999996021e+00
1.370000000000004547e+00
2.120000000000004547e+00
1.475000000000008527e-01
2.109999999999999432e+00
2.449999999999974420e-01
1.649999999999991473e-01
2.749999999999985789e-01
1.892499999999998295e+00
4.224999999999994316e-01
2.700000000000031264e-01
2.679999999999999716e+00
7.499999999999573674e-02
3.000000000000113687e-02
2.950000000000017053e-01
6.275000000000048317e-01
3.999999999999985789e-01
6.649999999999991473e-01
1.732500000000001705e+00
3.799999999999954525e-01
9.399999999999977263e-01
1.030000000000001137e+00
3.799999999999954525e-01
2.155000000000001137e+00
2.449999999999974420e-01
7.000000000000028422e-02
2.750000000000341061e-02
2.499999999997726263e-03
5.249999999999985789e-01
1.997500000000002274e+00
8.649999999999948841e-01
1.250000000000000000e-01
7.000000000000028422e-02
1.825000000000045475e-01
1.737499999999997158e+00
3.725000000000022737e-01
2.499999999997726263e-03
1.750000000000042633e-01
1.625000000000014211e-01
1.674999999999968736e-01
1.310000000000002274e+00
7.674999999999982947e-01
2.750000000000341061e-02
1.157499999999998863e+00
9.224999999999994316e-01
1.150000000000019895e-01
9.424999999999954525e-01
8.449999999999988631e-01
2.042499999999996874e+00
2.270000000000003126e+00
5.999999999999943157e-01
3.325000000000031264e-01
4.249999999999971578e-01
2.625000000000028422e-01
4.350000000000022737e-01
3.275000000000005684e-01
1.067500000000002558e+00
7.274999999999991473e-01
1.117499999999999716e+00
3.999999999999914735e-02
2.525000000000048317e-01
3.149999999999977263e-01
4.657499999999998863e+00
9.650000000000034106e-01
2.365000000000001990e+00
1.265000000000000568e+00
5.549999999999997158e-01
1.500000000000056843e-02
6.625000000000014211e-01
8.500000000000085265e-02
1.424999999999982947e-01
8.474999999999965894e-01
5.599999999999951683e-01
1.127500000000004832e+00
1.407499999999998863e+00
2.250000000000014211e-01
2.280000000000001137e+00
2.674999999999982947e-01
1.817500000000002558e+00
3.999999999999985789e-01
1.942499999999995453e+00
7.300000000000039790e-01
7.749999999999985789e-01
2.274999999999991473e-01
4.650000000000034106e-01
1.172499999999999432e+00
1.052499999999994884e+00
3.049999999999997158e-01
5.300000000000011369e-01
2.300000000000039790e-01
6.950000000000002842e-01
3.874999999999957367e-01
1.502500000000004832e+00
2.175000000000011369e-01
5.424999999999968736e-01
2.282499999999998863e+00
4.447500000000005116e+00
2.799999999999940314e-01
1.274999999999977263e-01
3.149999999999977263e-01
5.300000000000011369e-01
1.067500000000002558e+00
2.124999999999985789e-01
4.099999999999965894e-01
1.850000000000022737e-01
5.024999999999977263e-01
4.475000000000051159e-01
2.417500000000003979e+00
2.949999999999995737e+00
5.087499999999998579e+00
1.162500000000001421e+00
1.662500000000001421e+00
6.749999999999545253e-02
1.667500000000003979e+00
3.024999999999948841e-01
4.875000000000042633e-01
8.825000000000002842e-01
5.850000000000008527e-01
6.374999999999957367e-01
7.349999999999994316e-01
1.429999999999999716e+00
5.009999999999998010e+00
7.000000000000028422e-01
5.524999999999948841e-01
3.125000000000000000e-01
5.000000000000426326e-02
5.250000000000198952e-02
8.074999999999974420e-01
1.507500000000000284e+00
9.250000000000113687e-02
1.850000000000022737e-01
8.325000000000031264e-01
2.047499999999999432e+00
4.649999999999963052e-01
1.024999999999991473e-01
7.224999999999965894e-01
4.974999999999951683e-01
3.750000000000142109e-02
2.685000000000002274e+00
6.250000000000000000e-02
1.695000000000000284e+00
1.037500000000001421e+00
9.649999999999963052e-01
4.875000000000042633e-01
1.039999999999999147e+00
2.224999999999965894e-01
2.475000000000022737e-01
3.525000000000062528e-01
1.464999999999996305e+00
1.757500000000000284e+00
7.500000000000284217e-02
2.224999999999965894e-01
2.862499999999997158e+00
2.000000000000000000e+00
3.224999999999980105e-01
5.249999999999985789e-01
6.574999999999988631e-01
3.250000000000028422e-01
2.609999999999999432e+00
1.280000000000001137e+00
2.400000000000005684e+00
4.699999999999988631e-01
9.549999999999982947e-01
3.620000000000004547e+00
4.274999999999948841e-01
1.317500000000002558e+00
1.749999999999829470e-02
3.832500000000003126e+00
2.899999999999991473e-01
2.450000000000045475e-01
6.674999999999968736e-01
1.312500000000000000e+00
2.660000000000003695e+00
1.749999999999829470e-02
1.354999999999996874e+00
1.472499999999996589e+00
1.542499999999996874e+00
1.225000000000022737e-01
1.200000000000002842e+00
6.749999999999545253e-02
4.725000000000036948e-01
1.132500000000000284e+00
2.199999999999988631e-01
1.225000000000022737e-01
4.050000000000011369e-01
4.074999999999988631e-01
1.917500000000003979e+00
2.499999999997726263e-03
2.612500000000004263e+00
6.749999999999545253e-02
1.304999999999999716e+00
9.500000000000028422e-01
1.075000000000017053e-01
4.499999999999957367e-01
8.975000000000008527e-01
5.099999999999980105e-01
8.500000000000014211e-01
4.750000000000014211e-01
1.689999999999997726e+00
1.274999999999998579e+00
6.550000000000011369e-01
9.575000000000031264e-01
3.554999999999999716e+00
6.424999999999982947e-01
4.099999999999965894e-01
7.500000000000284217e-03
4.025000000000034106e-01
6.499999999999985789e-01
5.200000000000031264e-01
1.195000000000000284e+00
1.062500000000000000e+00
6.925000000000025580e-01
9.375000000000000000e-01
5.349999999999965894e-01
8.150000000000048317e-01
4.249999999999971578e-01
2.000000000000312639e-02
1.730000000000003979e+00
1.325000000000002842e+00
1.150000000000019895e-01
1.382499999999993179e+00
6.204999999999998295e+00
8.374999999999985789e-01
2.300000000000039790e-01
2.757500000000000284e+00
6.625000000000014211e-01
6.250000000000000000e-02
1.182499999999997442e+00
5.549999999999997158e-01
2.849999999999965894e-01
1.917500000000003979e+00
1.217499999999994031e+00
3.472500000000003695e+00
2.025000000000005684e-01
7.000000000000028422e-01
3.575000000000017053e-01
2.824999999999988631e-01
2.367499999999999716e+00
1.357500000000001705e+00
3.177499999999994884e+00
1.535000000000003695e+00
4.450000000000002842e-01
1.450000000000002842e+00
1.692499999999995453e+00
2.212499999999998579e+00
1.162500000000001421e+00
6.450000000000031264e-01
7.750000000000056843e-02
3.575000000000002842e+00
1.429999999999999716e+00
7.100000000000008527e-01
8.074999999999974420e-01
6.499999999999985789e-01
8.725000000000022737e-01
1.447499999999998010e+00
7.675000000000054001e-01
2.624999999999957367e-01
4.325000000000045475e-01
3.624999999999971578e-01
1.227500000000006253e+00
1.099999999999994316e-01
2.250000000000085265e-02
8.250000000000312639e-02
7.000000000000028422e-02
3.524999999999991473e-01
9.774999999999991473e-01
3.425000000000011369e-01
6.475000000000008527e-01
7.000000000000028422e-02
7.399999999999948841e-01
8.300000000000054001e-01
1.060000000000002274e+00
1.250000000000000000e-01
3.074999999999974420e-01
3.125000000000000000e-01
1.994999999999997442e+00
5.282500000000005969e+00
1.404999999999994031e+00
4.002500000000004832e+00
1.724999999999994316e-01
3.642499999999998295e+00
1.227499999999999147e+00
5.999999999999516831e-02
2.690000000000004832e+00
1.999999999999602096e-02
5.350000000000036948e-01
4.375000000000000000e-01
1.050000000000004263e+00
2.424999999999997158e-01
1.150000000000019895e-01
1.624999999999943157e-01
1.297500000000006537e+00
1.272499999999993747e+00
5.924999999999940314e-01
8.250000000000028422e-01
5.525000000000019895e-01
1.352499999999999147e+00
6.400000000000005684e-01
8.925000000000054001e-01
6.200000000000045475e-01
1.014999999999993463e+00
4.650000000000034106e-01
1.237499999999997158e+00
5.749999999999957367e-01
5.924999999999940314e-01
3.275000000000005684e-01
4.250000000000397904e-02
5.000000000000000000e-01
8.999999999999630518e-02
1.385000000000005116e+00
3.599999999999994316e-01
9.875000000000042633e-01
1.017499999999998295e+00
2.700000000000031264e-01
1.627499999999997726e+00
2.625000000000028422e-01
3.249999999999886313e-02
4.699999999999988631e-01
2.749999999999630518e-02
1.045000000000001705e+00
1.147500000000000853e+00
4.725000000000036948e-01
6.474999999999937472e-01
5.875000000000056843e-01
4.274999999999948841e-01
6.675000000000039790e-01
1.195000000000000284e+00
4.125000000000014211e-01
4.325000000000045475e-01
1.427499999999994884e+00
1.987499999999997158e+00
2.394999999999996021e+00
4.175000000000039790e-01
2.679999999999999716e+00
2.575000000000002842e-01
1.482500000000001705e+00
7.449999999999974420e-01
3.202500000000000568e+00
2.800000000000011369e-01
7.199999999999988631e-01
2.575000000000002842e-01
7.849999999999965894e-01
4.074999999999988631e-01
8.924999999999982947e-01
9.675000000000011369e-01
5.174999999999982947e-01
5.425000000000039790e-01
7.374999999999971578e-01
4.500000000000170530e-02
1.289999999999999147e+00
9.224999999999994316e-01
1.247500000000002274e+00
2.175000000000011369e-01
1.542499999999996874e+00
6.500000000000483169e-02
2.424999999999997158e+00
4.575000000000031264e-01
3.747499999999995168e+00
2.225000000000036948e-01
1.609999999999999432e+00
1.420000000000001705e+00
7.250000000000014211e-01
6.400000000000005684e-01
1.307499999999997442e+00
1.375000000000000000e+00
8.624999999999971578e-01
2.035000000000003695e+00
4.624999999999985789e-01
2.599999999999980105e-01
1.749999999999829470e-02
1.272500000000000853e+00
1.824999999999974420e-01
3.650000000000019895e-01
2.725000000000008527e-01
1.332499999999996021e+00
1.032499999999998863e+00
9.749999999999658939e-02
1.380000000000002558e+00
4.522500000000000853e+00
3.875000000000028422e-01
1.325000000000002842e-01
4.024999999999963052e-01
1.234999999999999432e+00
5.250000000000198952e-02
1.974999999999980105e-01
7.750000000000056843e-02
6.950000000000002842e-01
7.949999999999945999e-01
3.999999999999914735e-02
7.250000000000014211e-01
3.950000000000031264e-01
1.099999999999994316e-01
1.197499999999998010e+00
1.575000000000002842e+00
9.799999999999968736e-01
1.857500000000001705e+00
2.199999999999988631e-01
6.850000000000022737e-01
4.750000000000014211e-01
7.500000000000284217e-03
2.085000000000000853e+00
1.249999999999573674e-02
3.700000000000045475e-01
1.195000000000000284e+00
1.032499999999998863e+00
8.749999999999857891e-02
3.575000000000017053e-01
1.047499999999999432e+00
4.549999999999982947e-01
1.899999999999998579e+00
6.374999999999957367e-01
2.955000000000005400e+00
1.352499999999999147e+00
1.527500000000003411e+00
4.125000000000014211e-01
8.524999999999991473e-01
1.832499999999996021e+00
4.049999999999940314e-01
2.102499999999999147e+00
5.475000000000065370e-01
2.775000000000005684e+00
9.325000000000045475e-01
1.999999999999957367e-01
3.674999999999997158e-01
3.125000000000000000e-01
5.900000000000034106e-01
8.574999999999945999e-01
4.527499999999996305e+00
7.275000000000062528e-01
1.409999999999996589e+00
1.042500000000003979e+00
1.262500000000002842e+00
2.899999999999991473e-01
6.274999999999977263e-01
1.105000000000003979e+00
7.025000000000005684e-01
1.299999999999954525e-01
9.250000000000113687e-02
3.350000000000001421e+00
5.499999999999971578e-02
2.052500000000001990e+00
2.550000000000025580e-01
1.469999999999998863e+00
2.049999999999982947e-01
8.725000000000022737e-01
2.040000000000006253e+00
1.174999999999997158e-01
2.475000000000022737e-01
8.025000000000019895e-01
1.207499999999996021e+00
1.649999999999998579e+00
5.174999999999982947e-01
1.635000000000005116e+00
8.424999999999940314e-01
5.575000000000045475e-01
3.000000000000113687e-02
9.500000000000028422e-01
5.750000000000028422e-01
2.447499999999998010e+00
6.649999999999991473e-01
2.122500000000002274e+00
1.400000000000005684e-01
8.200000000000002842e-01
4.699999999999988631e-01
2.374999999999971578e-01
7.124999999999985789e-01
1.052500000000001990e+00
4.774999999999991473e-01
1.612499999999997158e+00
3.374999999999985789e-01
8.875000000000028422e-01
2.449999999999974420e-01
3.125000000000000000e-01
2.020000000000003126e+00
1.424999999999997158e+00
1.507500000000000284e+00
3.210000000000000853e+00
2.999999999999971578e-01
1.647500000000000853e+00
3.224999999999980105e-01
5.025000000000048317e-01
6.700000000000017053e-01
2.224999999999965894e-01
1.767499999999998295e+00
3.850000000000051159e-01
5.274999999999963052e-01
5.275000000000034106e-01
1.892499999999998295e+00
1.390000000000000568e+00
3.699999999999974420e-01
8.249999999999602096e-02
3.950000000000031264e-01
2.924999999999968736e-01
1.282499999999998863e+00
4.975000000000022737e-01
1.724999999999994316e-01
2.700000000000031264e-01
6.649999999999991473e-01
3.999999999999914735e-02
1.747500000000002274e+00
5.250000000000198952e-02
1.304999999999999716e+00
9.349999999999951683e-01
1.577499999999993463e+00
5.299999999999940314e-01
6.000000000000014211e-01
9.499999999999886313e-02
3.700000000000045475e-01
1.085000000000000853e+00
2.867499999999999716e+00
1.560000000000002274e+00
4.649999999999963052e-01
2.699999999999960210e-01
1.352499999999999147e+00
1.295000000000001705e+00
3.800000000000025580e-01
1.054999999999999716e+00
2.300000000000004263e+00
1.274999999999977263e-01
2.299999999999968736e-01
4.400000000000048317e-01
2.362499999999997158e+00
3.549999999999968736e-01
3.750000000000000000e-01
1.332500000000003126e+00
1.924999999999954525e-01
1.600000000000036948e-01
4.024999999999963052e-01
3.775000000000048317e-01
9.949999999999974420e-01
2.957500000000003126e+00
2.100000000000008527e-01
2.262499999999995737e+00
2.750000000000056843e-01
1.212499999999998579e+00
4.999999999995452526e-03
1.067500000000002558e+00
8.800000000000025580e-01
1.174999999999997158e-01
2.374999999999971578e-01
1.274999999999977263e-01
5.350000000000036948e-01
1.300000000000025580e-01
5.099999999999980105e-01
2.097499999999996589e+00
1.397499999999993747e+00
1.849999999999951683e-01
5.600000000000022737e-01
1.199999999999974420e-01
6.825000000000045475e-01
1.950000000000002842e-01
6.625000000000014211e-01
2.282499999999998863e+00
7.500000000000284217e-02
3.175000000000025580e-01
1.950000000000002842e-01
1.334999999999993747e+00
9.849999999999994316e-01
2.925000000000039790e-01
1.004999999999995453e+00
5.974999999999965894e-01
4.800000000000039790e-01
8.574999999999945999e-01
1.437500000000000000e+00
1.000000000000511591e-02
1.214999999999996305e+00
4.350000000000022737e-01
5.949999999999988631e-01
7.725000000000008527e-01
2.074999999999960210e-01
7.150000000000034106e-01
4.624999999999985789e-01
1.424999999999997158e+00
2.025000000000005684e-01
1.914999999999999147e+00
1.267500000000005400e+00
2.700000000000031264e-01
1.357499999999994600e+00
1.080000000000005400e+00
2.749999999999630518e-02
2.700000000000031264e-01
6.749999999999971578e-01
2.035000000000003695e+00
1.134999999999998010e+00
1.649999999999991473e-01
4.399999999999977263e-01
1.172499999999999432e+00
6.274999999999977263e-01
3.125000000000000000e-01
8.999999999999985789e-01
4.100000000000036948e-01
2.250000000000014211e-01
5.950000000000059686e-01
3.250000000000000000e+00
5.999999999999516831e-02
2.445000000000000284e+00
1.424999999999982947e-01
1.594999999999998863e+00
3.125000000000000000e-01
1.512500000000002842e+00
1.884999999999998010e+00
8.500000000000085265e-02
6.999999999999957367e-01
6.750000000000042633e-01
6.250000000000000000e-02
1.765000000000000568e+00
1.175000000000004263e+00
3.125000000000000000e-01
1.422499999999999432e+00
1.655000000000001137e+00
2.049999999999982947e-01
1.420000000000001705e+00
1.970000000000005969e+00
2.774999999999963052e-01
2.355000000000003979e+00
9.499999999999886313e-02
1.024999999999991473e-01
3.034999999999996589e+00
2.027500000000003411e+00
1.884999999999998010e+00
1.422499999999999432e+00
1.195000000000000284e+00
3.524999999999991473e-01
1.052500000000001990e+00
2.375000000000042633e-01
2.674999999999997158e+00
1.424999999999997158e+00
1.717500000000001137e+00
2.850000000000001421e+00
2.575000000000002842e-01
1.397500000000000853e+00
3.049999999999997158e-01
3.524999999999991473e-01
1.675000000000039790e-01
1.749999999999829470e-02
5.949999999999988631e-01
1.972500000000003695e+00
4.500000000000170530e-02
7.325000000000017053e-01
1.374999999999957367e-01
4.825000000000017053e-01
2.575000000000002842e-01
9.624999999999985789e-01
1.299999999999997158e+00
8.400000000000034106e-01
7.650000000000005684e-01
5.900000000000034106e-01
2.750000000000056843e-01
8.024999999999948841e-01
4.500000000000028422e-01
1.250000000000284217e-02
1.544999999999994600e+00
1.460000000000000853e+00
4.924999999999997158e-01
7.025000000000005684e-01
3.924999999999982947e-01
1.009999999999998010e+00
2.175000000000011369e-01
1.097499999999996589e+00
3.625000000000042633e-01
2.202499999999993463e+00
2.800000000000011369e-01
2.150000000000034106e-01
3.524999999999991473e-01
1.075000000000017053e-01
5.719999999999998863e+00
6.050000000000039790e-01
2.734999999999999432e+00
1.025000000000062528e-01
2.652499999999996305e+00
3.125000000000000000e-01
5.150000000000005684e-01
5.999999999999516831e-02
2.500000000004831691e-03
2.422499999999999432e+00
2.549999999999954525e-01
1.277500000000003411e+00
1.199999999999974420e-01
1.325000000000002842e-01
4.250000000000397904e-02
5.625000000000000000e-01
3.825000000000002842e-01
1.924999999999954525e-01
1.515000000000000568e+00
1.564999999999997726e+00
4.900000000000019895e-01
6.675000000000039790e-01
1.517499999999998295e+00
8.125000000000000000e-01
2.175000000000011369e-01
8.599999999999994316e-01
3.750000000000142109e-02
3.999999999999985789e-01
3.425000000000011369e-01
1.087499999999998579e+00
7.700000000000031264e-01
2.757500000000000284e+00
9.749999999999658939e-02
1.335000000000000853e+00
7.475000000000022737e-01
1.324999999999995737e+00
4.924999999999997158e-01
5.507500000000000284e+00
1.604999999999996874e+00
4.009999999999998010e+00
4.050000000000011369e-01
9.799999999999968736e-01
9.674999999999940314e-01
1.104999999999996874e+00
4.975000000000022737e-01
8.249999999999957367e-01
8.850000000000051159e-01
2.129999999999995453e+00
5.499999999999971578e-02
1.410000000000003695e+00
4.450000000000002842e-01
1.722499999999996589e+00
2.450000000000002842e+00
1.950000000000002842e-01
5.125000000000028422e-01
1.902499999999996305e+00
1.800000000000004263e+00
5.385000000000005116e+00
9.499999999999886313e-02
3.175000000000025580e-01
1.525000000000034106e-01
9.350000000000022737e-01
2.749999999999630518e-02
5.474999999999994316e-01
2.674999999999982947e-01
5.450000000000017053e-01
8.200000000000002842e-01
5.249999999999985789e-01
4.200000000000017053e-01
1.574999999999988631e-01
1.927500000000001990e+00
6.174999999999997158e-01
2.709999999999993747e+00
5.425000000000039790e-01
2.274999999999991473e-01
3.800000000000025580e-01
3.299999999999982947e-01
1.249999999999573674e-02
1.205000000000005400e+00
6.974999999999980105e-01
1.250000000000000000e-01
4.500000000000170530e-02
1.332499999999996021e+00
1.039999999999999147e+00
1.000000000000014211e-01
4.950000000000045475e-01
1.704999999999998295e+00
7.075000000000031264e-01
1.000000000000014211e-01
6.499999999999985789e-01
8.799999999999954525e-01
4.650000000000034106e-01
3.750000000000000000e-01
2.952500000000000568e+00
1.322499999999998010e+00
1.082499999999996021e+00
3.700000000000045475e-01
3.749999999999431566e-02
1.530000000000001137e+00
1.100000000000001421e+00
7.999999999999829470e-02
1.275000000000048317e-01
1.119999999999997442e+00
2.024999999999934630e-01
2.925000000000004263e+00
2.237499999999997158e+00
7.424999999999997158e-01
5.424999999999968736e-01
2.775000000000034106e-01
1.765000000000000568e+00
2.170000000000001705e+00
4.749999999999943157e-02
9.499999999999886313e-02
5.422499999999999432e+00
5.675000000000025580e-01
2.217500000000001137e+00
7.549999999999954525e-01
3.100000000000022737e-01
1.022500000000000853e+00
5.749999999999744205e-02
2.450000000000045475e-01
2.124999999999985789e-01
4.360000000000006537e+00
1.802499999999994884e+00
1.300000000000004263e+00
3.000000000000113687e-02
1.807499999999997442e+00
1.494999999999997442e+00
1.687500000000000000e+00
5.974999999999965894e-01
8.250000000000312639e-02
2.354999999999996874e+00
1.507500000000000284e+00
5.700000000000002842e-01
5.700000000000002842e-01
4.099999999999965894e-01
4.400000000000048317e-01
1.475000000000001421e+00
2.484999999999999432e+00
1.200000000000045475e-01
1.607500000000001705e+00
4.375000000000000000e-01
1.112499999999997158e+00
1.250000000000000000e-01
1.939999999999997726e+00
3.999999999999985789e-01
3.800000000000025580e-01
1.047499999999999432e+00
5.249999999999985789e-01
2.412499999999994316e+00
5.000000000002557954e-03
9.675000000000011369e-01
8.549999999999968736e-01
1.182500000000004547e+00
2.250000000000000000e+00
9.099999999999965894e-01
2.499999999999857891e-02
3.250000000000028422e-01
4.072500000000005116e+00
3.900000000000005684e-01
6.074999999999945999e-01
2.575000000000002842e-01
1.070000000000000284e+00
1.257500000000000284e+00
3.299999999999982947e-01
2.500000000004831691e-03
1.674999999999997158e+00
1.170000000000001705e+00
2.199999999999988631e-01
6.950000000000002842e-01
2.499999999999857891e-02
1.457499999999996021e+00
6.724999999999994316e-01
3.212499999999998579e+00
8.899999999999934630e-01
5.300000000000011369e-01
7.399999999999948841e-01
1.672500000000006537e+00
1.712499999999998579e+00
9.999999999998010480e-03
2.140000000000000568e+00
2.830000000000005400e+00
1.625000000000014211e-01
2.349999999999994316e-01
4.224999999999994316e-01
3.900000000000005684e-01
6.875000000000000000e-01
7.449999999999974420e-01
1.992499999999999716e+00
1.425000000000054001e-01
1.349999999999980105e-01
1.172499999999999432e+00
2.092500000000001137e+00
4.375000000000000000e-01
1.875000000000000000e-01
1.177500000000001990e+00
2.824999999999988631e-01
2.482500000000001705e+00
1.887499999999995737e+00
1.219999999999998863e+00
1.550000000000011369e-01
3.007500000000000284e+00
1.775000000000019895e-01
6.375000000000028422e-01
2.332499999999996021e+00
6.099999999999994316e-01
2.052500000000001990e+00
1.687500000000000000e+00
5.150000000000005684e-01
1.400000000000005684e-01
8.250000000000312639e-02
3.249999999999886313e-02
1.022500000000000853e+00
1.250000000000000000e-01
1.474999999999937472e-01
1.525000000000034106e-01
1.824999999999995737e+00
1.099999999999994316e-01
2.292500000000003979e+00
3.674999999999997158e-01
1.120000000000004547e+00
8.924999999999982947e-01
7.999999999999971578e-01
1.525000000000034106e-01
7.500000000000284217e-02
1.149999999999948841e-01
1.969999999999998863e+00
6.750000000000255795e-02
2.859999999999999432e+00
2.499999999997726263e-03
1.765000000000000568e+00
4.750000000000014211e-01
1.157499999999998863e+00
1.700000000000017053e-01
5.749999999999744205e-02
4.325000000000045475e-01
9.650000000000034106e-01
6.349999999999980105e-01
1.140000000000000568e+00
1.039999999999999147e+00
2.657499999999998863e+00
1.799999999999997158e-01
1.179999999999999716e+00
3.575000000000017053e-01
2.175000000000011369e-01
3.437500000000000000e+00
1.117499999999999716e+00
3.162500000000001421e+00
1.524999999999963052e-01
1.097500000000003695e+00
1.749999999999971578e-01
5.775000000000005684e-01
8.875000000000028422e-01
1.122500000000002274e+00
1.252499999999997726e+00
5.925000000000011369e-01
1.159999999999996589e+00
2.049999999999982947e-01
1.472500000000003695e+00
4.849999999999994316e-01
1.220000000000005969e+00
1.845000000000005969e+00
1.824999999999974420e-01
4.799999999999968736e-01
8.575000000000017053e-01
9.250000000000113687e-02
3.149999999999977263e-01
7.250000000000511591e-02
1.562500000000000000e+00
1.824999999999974420e-01
5.150000000000005684e-01
2.575000000000002842e-01
2.725000000000001421e+00
2.567500000000002558e+00
2.005000000000002558e+00
2.175000000000011369e-01
1.824999999999974420e-01
2.674999999999982947e-01
1.007500000000000284e+00
1.715000000000003411e+00
1.117499999999999716e+00
7.725000000000008527e-01
1.115000000000001990e+00
1.599999999999965894e-01
3.394999999999996021e+00
3.160000000000003695e+00
1.727499999999999147e+00
4.049999999999940314e-01
1.245000000000004547e+00
1.250000000000000000e-01
1.199999999999974420e-01
5.675000000000025580e-01
5.282500000000005969e+00
2.500000000004831691e-03
1.549999999999940314e-01
2.750000000000341061e-02
1.464999999999996305e+00
1.527499999999996305e+00
6.300000000000025580e-01
1.362499999999997158e+00
1.962499999999998579e+00
5.424999999999968736e-01
1.104999999999996874e+00
4.749999999999943157e-02
5.750000000000028422e-01
1.032499999999998863e+00
2.549999999999954525e-01
2.362500000000004263e+00
3.197499999999998010e+00
6.499999999999772626e-02
8.025000000000019895e-01
1.280000000000001137e+00
2.062500000000000000e+00
3.849999999999980105e-01
7.624999999999957367e-01
2.225000000000036948e-01
1.584999999999993747e+00
9.075000000000059686e-01
7.599999999999980105e-01
1.407499999999998863e+00
7.575000000000002842e-01
2.175000000000011369e-01
3.550000000000004263e+00
9.625000000000056843e-01
5.999999999999943157e-01
8.475000000000036948e-01
4.499999999999957367e-01
1.622500000000002274e+00
6.875000000000000000e-01
8.924999999999982947e-01
3.624999999999971578e-01
1.827500000000000568e+00
1.422499999999999432e+00
3.402499999999996305e+00
1.047499999999999432e+00
1.125000000000000000e+00
2.175000000000011369e-01
4.125000000000014211e-01
2.224999999999965894e-01
1.150000000000019895e-01
1.049999999999968736e-01
2.582500000000003126e+00
3.527499999999996305e+00
3.249999999999957367e-01
5.250000000000198952e-02
4.725000000000036948e-01
2.474999999999951683e-01
2.725000000000008527e-01
1.750000000000042633e-01
3.145000000000003126e+00
6.224999999999951683e-01
3.972499999999996589e+00
1.175000000000004263e+00
8.999999999999630518e-02
9.074999999999988631e-01
7.675000000000054001e-01
3.065000000000004832e+00
4.125000000000014211e-01
1.512499999999995737e+00
8.449999999999988631e-01
7.600000000000051159e-01
4.299999999999997158e-01
1.449999999999960210e-01
8.950000000000031264e-01
6.174999999999997158e-01
1.707500000000003126e+00
6.150000000000019895e-01
3.974999999999937472e-01
2.799999999999997158e+00
2.714999999999996305e+00
7.600000000000051159e-01
4.774999999999991473e-01
1.007500000000000284e+00
1.064999999999997726e+00
1.195000000000000284e+00
1.460000000000000853e+00
5.850000000000008527e-01
1.422499999999999432e+00
2.075000000000031264e-01
4.825000000000017053e-01
9.825000000000017053e-01
1.074999999999945999e-01
1.250000000000284217e-02
1.107499999999994600e+00
3.599999999999994316e-01
3.449999999999988631e-01
3.699999999999974420e-01
1.300000000000025580e-01
7.850000000000036948e-01
5.149999999999998579e+00
5.525000000000019895e-01
1.802500000000001990e+00
1.862499999999997158e+00
1.587499999999998579e+00
9.000000000000056843e-01
1.050000000000039790e-01
5.374999999999943157e-01
2.210000000000000853e+00
4.875000000000042633e-01
1.527500000000003411e+00
1.344999999999998863e+00
6.499999999999772626e-02
3.655000000000001137e+00
4.050000000000011369e-01
9.250000000000042633e-01
3.795000000000001705e+00
1.929999999999999716e+00
3.900000000000005684e-01
1.612500000000004263e+00
1.047499999999999432e+00
3.644999999999996021e+00
4.224999999999994316e-01
2.049999999999982947e-01
7.550000000000025580e-01
2.195000000000000284e+00
1.149999999999998579e+00
1.452500000000000568e+00
2.424999999999997158e-01
4.699999999999988631e-01
2.102499999999999147e+00
3.087499999999998579e+00
1.085000000000000853e+00
1.454999999999998295e+00
1.275000000000048317e-01
9.999999999999431566e-02
5.150000000000005684e-01
6.675000000000039790e-01
8.249999999999957367e-01
3.875000000000028422e-01
9.299999999999997158e-01
1.029999999999994031e+00
1.015000000000000568e+00
1.729999999999996874e+00
1.722499999999996589e+00
2.000000000000028422e-01
2.564999999999997726e+00
2.375000000000042633e-01
1.999999999999957367e-01
1.197499999999998010e+00
6.250000000000000000e-01
5.250000000000056843e-01
4.130000000000002558e+00
2.640000000000000568e+00
3.224999999999980105e-01
7.374999999999971578e-01
2.225000000000036948e-01
7.250000000000014211e-01
6.400000000000005684e-01
1.749999999999971578e-01
6.000000000000014211e-01
2.250000000000014211e-01
2.070000000000000284e+00
6.000000000000014211e-01
8.500000000000085265e-02
2.150000000000034106e-01
5.649999999999977263e-01
1.267499999999998295e+00
5.125000000000028422e-01
4.042499999999996874e+00
9.249999999999971578e-01
3.325000000000031264e-01
2.354999999999996874e+00
1.204999999999998295e+00
6.374999999999957367e-01
2.049999999999982947e-01
3.100000000000022737e-01
1.550000000000011369e-01
2.624999999999957367e-01
6.400000000000005684e-01
6.250000000000000000e-02
8.950000000000031264e-01
3.750000000000142109e-02
1.085000000000000853e+00
2.220000000000005969e+00
5.949999999999988631e-01
3.774999999999998579e+00
1.064999999999997726e+00
9.350000000000022737e-01
3.049999999999997158e-01
8.500000000000085265e-02
5.749999999999744205e-02
5.925000000000011369e-01
5.225000000000008527e-01
3.825000000000002842e-01
2.545000000000001705e+00
2.897500000000000853e+00
2.435000000000002274e+00
1.030000000000001137e+00
1.164999999999999147e+00
2.874999999999943157e-01
1.347499999999996589e+00
7.750000000000056843e-02
1.270000000000003126e+00
2.774999999999998579e+00
4.949999999999974420e-01
5.499999999999971578e-02
2.475000000000022737e-01
1.269999999999996021e+00
4.267500000000005400e+00
4.600000000000008527e-01
1.174999999999997158e-01
1.070000000000000284e+00
3.750000000000000000e-01
3.717500000000001137e+00
8.324999999999960210e-01
3.825000000000002842e-01
3.400000000000034106e-01
1.700000000000017053e-01
4.724999999999965894e-01
1.399999999999998579e+00
1.750000000000042633e-01
2.249999999999943157e-01
4.425000000000025580e-01
1.240000000000001990e+00
1.977499999999999147e+00
9.750000000000014211e-01
5.749999999999744205e-02
2.750000000000341061e-02
4.999999999999715783e-02
1.775000000000019895e-01
1.400000000000005684e-01
1.280000000000001137e+00
9.849999999999994316e-01
4.525000000000005684e-01
7.400000000000019895e-01
3.965000000000003411e+00
2.824999999999988631e-01
1.250000000000000000e-01
7.224999999999965894e-01
9.499999999999886313e-02
2.525000000000048317e-01
5.874999999999985789e-01
2.500000000000000000e-01
8.674999999999997158e-01
4.275000000000019895e-01
5.450000000000017053e-01
8.549999999999968736e-01
5.250000000000198952e-02
8.724999999999951683e-01
1.725000000000065370e-01
5.974999999999965894e-01
2.939999999999997726e+00
1.382500000000000284e+00
2.327500000000000568e+00
2.349999999999994316e-01
8.475000000000036948e-01
9.174999999999968736e-01
1.250000000000000000e-01
1.434999999999995168e+00
9.774999999999991473e-01
1.500000000000056843e-01
2.250000000000014211e-01
1.775000000000019895e-01
1.369999999999997442e+00
1.017499999999998295e+00
1.070000000000000284e+00
1.640000000000000568e+00
1.954999999999998295e+00
3.524999999999991473e-01
1.674999999999968736e-01
5.850000000000008527e-01
2.899999999999991473e-01
2.099999999999937472e-01
1.717500000000001137e+00
7.000000000000028422e-02
7.100000000000008527e-01
9.399999999999977263e-01
1.835000000000000853e+00
3.077500000000000568e+00
8.299999999999982947e-01
9.250000000000113687e-02
3.000000000000113687e-02
1.102499999999999147e+00
1.717500000000001137e+00
4.299999999999997158e-01
1.604999999999996874e+00
1.612499999999997158e+00
4.800000000000039790e-01
6.400000000000005684e-01
5.399999999999991473e-01
7.500000000000284217e-03
1.249999999999573674e-02
2.000000000000028422e-01
2.575000000000002842e+00
6.424999999999982947e-01
4.125000000000000000e+00
1.464999999999996305e+00
6.000000000000014211e-01
8.500000000000085265e-02
3.774999999999977263e-01
8.500000000000085265e-02
4.424999999999954525e-01
1.472500000000003695e+00
1.017499999999998295e+00
2.310000000000002274e+00
1.817500000000002558e+00
7.174999999999940314e-01
1.082500000000003126e+00
3.215000000000003411e+00
2.424999999999997158e-01
1.225000000000022737e-01
1.475000000000008527e-01
1.199999999999995737e+00
7.675000000000054001e-01
2.622500000000002274e+00
2.072499999999998010e+00
4.075000000000059686e-01
4.949999999999974420e-01
2.875000000000000000e+00
8.699999999999974420e-01
1.687500000000000000e+00
2.700000000000031264e-01
8.274999999999934630e-01
8.449999999999988631e-01
3.424999999999940314e-01
1.020000000000003126e+00
6.075000000000017053e-01
4.980000000000003979e+00
7.750000000000056843e-02
1.077500000000000568e+00
1.550000000000004263e+00
1.695000000000000284e+00
3.099999999999951683e-01
1.089999999999996305e+00
1.274999999999977263e-01
6.500000000000056843e-01
3.299999999999982947e-01
1.502500000000004832e+00
1.900000000000048317e-01
4.249999999999971578e-01
7.500000000000284217e-02
2.074999999999960210e-01
1.022500000000000853e+00
2.625000000000028422e-01
4.100000000000036948e-01
1.352499999999999147e+00
4.224999999999994316e-01
3.414999999999999147e+00
9.249999999999971578e-01
1.094999999999998863e+00
8.674999999999997158e-01
9.749999999999658939e-02
1.715000000000003411e+00
3.872500000000002274e+00
7.899999999999991473e-01
5.799999999999982947e-01
3.999999999999914735e-02
8.850000000000051159e-01
1.417499999999996874e+00
1.640000000000000568e+00
2.204999999999998295e+00
1.037500000000001421e+00
1.377499999999997726e+00
1.700000000000017053e-01
4.115000000000001990e+00
1.250000000000284217e-02
1.189999999999997726e+00
1.704999999999998295e+00
1.759999999999998010e+00
4.600000000000008527e-01
6.725000000000065370e-01
1.414999999999999147e+00
1.125000000000000000e+00
1.330000000000005400e+00
5.899999999999963052e-01
1.375000000000028422e-01
1.924999999999954525e-01
1.822499999999998010e+00
3.962499999999998579e+00
8.500000000000014211e-01
3.750000000000000000e-01
3.002500000000004832e+00
1.349999999999980105e-01
1.270000000000003126e+00
2.749999999999630518e-02
2.210000000000000853e+00
3.999999999999985789e-01
2.927499999999994884e+00
9.175000000000039790e-01
3.599999999999994316e-01
1.432499999999997442e+00
5.600000000000022737e-01
1.717500000000001137e+00
1.857499999999994600e+00
1.019999999999996021e+00
7.000000000000028422e-01
1.394999999999996021e+00
1.207500000000003126e+00
2.349999999999994316e-01
9.825000000000017053e-01
3.250000000000028422e-01
1.292499999999996874e+00
2.374999999999971578e-01
1.412500000000001421e+00
1.229999999999996874e+00
2.250000000000085265e-02
8.149999999999977263e-01
8.749999999999857891e-02
6.375000000000028422e-01
5.324999999999988631e-01
3.500000000000369482e-02
1.174999999999997158e-01
5.164999999999999147e+00
3.759999999999998010e+00
4.687500000000000000e+00
1.280000000000001137e+00
5.349999999999965894e-01
1.000000000000511591e-02
1.299999999999954525e-01
9.574999999999960210e-01
1.052499999999994884e+00
1.850000000000022737e-01
2.250000000000014211e-01
1.057500000000004547e+00
1.234999999999999432e+00
1.839999999999996305e+00
6.225000000000022737e-01
9.399999999999977263e-01
1.127500000000004832e+00
1.602499999999999147e+00
8.575000000000017053e-01
3.900000000000005684e-01
7.700000000000031264e-01
1.424999999999982947e-01
1.559999999999995168e+00
4.749999999999943157e-02
1.215000000000003411e+00
4.750000000000014211e-01
1.074999999999945999e-01
5.200000000000031264e-01
4.600000000000008527e-01
5.599999999999951683e-01
1.827500000000000568e+00
8.449999999999988631e-01
9.825000000000017053e-01
5.399999999999991473e-01
1.045000000000001705e+00
4.450000000000002842e-01
2.950000000000017053e-01
1.824999999999974420e-01
5.250000000000198952e-02
9.149999999999991473e-01
1.804999999999999716e+00
3.524999999999991473e-01
4.924999999999997158e-01
4.799999999999968736e-01
2.257500000000000284e+00
6.074999999999945999e-01
4.900000000000019895e-01
3.350000000000008527e-01
1.867499999999999716e+00
1.520000000000003126e+00
7.175000000000011369e-01
3.325000000000031264e-01
1.249999999999573674e-02
4.375000000000000000e+00
1.090000000000003411e+00
5.199999999999960210e-01
8.825000000000002842e-01
4.050000000000011369e-01
1.647499999999993747e+00
1.750000000000540012e-02
1.852499999999999147e+00
2.124999999999985789e-01
3.750000000000000000e-01
2.547499999999999432e+00
3.224999999999980105e-01
9.574999999999960210e-01
2.100000000000001421e+00
1.282499999999998863e+00
3.150000000000048317e-01
1.625000000000014211e-01
1.174999999999997158e-01
1.749999999999829470e-02
4.549999999999982947e-01
2.742499999999999716e+00
2.590000000000003411e+00
1.227500000000006253e+00
3.875000000000000000e+00
1.204999999999998295e+00
8.975000000000008527e-01
4.325000000000045475e-01
5.050000000000025580e-01
1.274999999999977263e-01
4.224999999999994316e-01
1.374999999999957367e-01
1.775000000000019895e-01
1.102499999999999147e+00
