1.649999999999998579e+00
7.699999999999960210e-01
2.375000000000042633e-01
9.474999999999980105e-01
1.875000000000000000e-01
3.249999999999886313e-02
5.775000000000005684e-01
1.617499999999999716e+00
3.025000000000019895e-01
1.472499999999996589e+00
1.825000000000002842e+00
4.007500000000000284e+00
4.150000000000062528e-01
2.524999999999977263e-01
1.550000000000011369e-01
1.729999999999996874e+00
2.472499999999996589e+00
7.999999999999829470e-02
3.550000000000039790e-01
6.185000000000002274e+00
7.500000000000284217e-03
9.149999999999991473e-01
1.475000000000008527e-01
1.732499999999994600e+00
6.225000000000022737e-01
2.067500000000002558e+00
3.657499999999998863e+00
2.774999999999963052e-01
9.000000000000341061e-02
1.500000000000056843e-02
1.824999999999974420e-01
1.467500000000001137e+00
5.150000000000005684e-01
2.407499999999998863e+00
4.800000000000039790e-01
1.442499999999995453e+00
1.900000000000048317e-01
5.474999999999994316e-01
1.250000000000000000e-01
1.302499999999994884e+00
2.049999999999982947e-01
4.699999999999988631e-01
9.499999999999886313e-02
2.359999999999999432e+00
1.350000000000051159e-01
1.995000000000004547e+00
3.329999999999998295e+00
1.412500000000001421e+00
5.925000000000011369e-01
1.800000000000004263e+00
1.004999999999995453e+00
8.725000000000022737e-01
1.394999999999996021e+00
8.825000000000002842e-01
5.750000000000454747e-02
1.924999999999954525e-01
1.500000000000056843e-02
9.125000000000014211e-01
2.750000000000000000e+00
2.100000000000008527e-01
1.052500000000001990e+00
2.624999999999957367e-01
5.245000000000004547e+00
6.649999999999991473e-01
1.799999999999997158e-01
1.522500000000000853e+00
1.202500000000000568e+00
1.382499999999993179e+00
2.000000000000028422e-01
5.600000000000022737e-01
3.825000000000002842e-01
1.475000000000008527e-01
8.425000000000011369e-01
3.324999999999960210e-01
1.547499999999999432e+00
1.545000000000001705e+00
2.824999999999988631e-01
2.749999999999985789e-01
7.200000000000059686e-01
2.410000000000003695e+00
8.099999999999951683e-01
1.400000000000005684e-01
7.974999999999994316e-01
2.255000000000002558e+00
3.549999999999968736e-01
4.250000000000397904e-02
5.524999999999948841e-01
5.875000000000056843e-01
1.224999999999951683e-01
1.975000000000051159e-01
3.174999999999954525e-01
1.282499999999998863e+00
6.325000000000002842e-01
9.224999999999994316e-01
1.525000000000034106e-01
1.449999999999960210e-01
5.975000000000036948e-01
4.525000000000005684e-01
8.224999999999980105e-01
7.324999999999945999e-01
2.424999999999997158e-01
6.325000000000002842e-01
1.010000000000005116e+00
3.974999999999937472e-01
6.825000000000045475e-01
1.920000000000001705e+00
2.079999999999998295e+00
6.749999999999971578e-01
1.850000000000022737e-01
4.375000000000000000e-01
4.225000000000001421e+00
2.974999999999994316e-01
2.387500000000002842e+00
1.335000000000000853e+00
3.350000000000008527e-01
3.049999999999997158e-01
4.832499999999996021e+00
3.500000000000014211e-01
4.999999999995452526e-03
6.750000000000255795e-02
1.490000000000001990e+00
8.224999999999980105e-01
1.862500000000004263e+00
4.474999999999980105e-01
1.687500000000000000e+00
5.575000000000045475e-01
1.000000000000014211e-01
7.025000000000005684e-01
1.274999999999977263e-01
5.749999999999744205e-02
4.900000000000019895e-01
6.399999999999934630e-01
5.549999999999997158e-01
1.339999999999996305e+00
6.099999999999994316e-01
1.799999999999997158e-01
4.025000000000034106e-01
3.950000000000031264e-01
1.007500000000000284e+00
1.884999999999998010e+00
2.600000000000051159e-01
4.924999999999997158e-01
5.749999999999957367e-01
2.492499999999999716e+00
1.387500000000002842e+00
1.219999999999998863e+00
3.207499999999996021e+00
3.092500000000001137e+00
1.127499999999997726e+00
2.725000000000008527e-01
3.647500000000000853e+00
7.800000000000011369e-01
5.200000000000031264e-01
3.224999999999980105e-01
1.202500000000000568e+00
1.450000000000031264e-01
3.125000000000000000e-01
2.774999999999963052e-01
5.399999999999991473e-01
6.050000000000039790e-01
1.172499999999999432e+00
1.112499999999997158e+00
2.017499999999998295e+00
8.075000000000045475e-01
3.999999999999985789e-01
8.500000000000085265e-02
1.810000000000002274e+00
7.299999999999968736e-01
1.117499999999999716e+00
2.767499999999998295e+00
2.050000000000054001e-01
1.724999999999994316e+00
7.250000000000511591e-02
1.750000000000000000e+00
8.849999999999980105e-01
3.299999999999982947e-01
7.625000000000028422e-01
3.799999999999954525e-01
4.750000000000014211e-01
1.212499999999998579e+00
1.327500000000000568e+00
2.452500000000000568e+00
1.199999999999974420e-01
1.075000000000017053e-01
1.532500000000005969e+00
1.799999999999997158e-01
3.049999999999997158e-01
2.429999999999999716e+00
2.354999999999996874e+00
4.249999999999971578e-01
9.999999999998010480e-03
7.675000000000054001e-01
2.069999999999993179e+00
5.325000000000059686e-01
1.325000000000002842e-01
3.417500000000003979e+00
6.724999999999994316e-01
1.475000000000008527e-01
6.000000000000227374e-02
2.249999999999374722e-02
2.725000000000008527e-01
1.039999999999999147e+00
4.022500000000000853e+00
7.475000000000022737e-01
2.449999999999974420e-01
9.400000000000048317e-01
1.609999999999999432e+00
1.525000000000005684e+00
3.324999999999960210e-01
5.700000000000002842e-01
2.400000000000019895e-01
2.149999999999963052e-01
8.875000000000028422e-01
1.250000000000000000e-01
2.950000000000017053e-01
1.325000000000002842e-01
3.900000000000005684e-01
7.724999999999937472e-01
1.857500000000001705e+00
1.117499999999999716e+00
1.075000000000002842e+00
1.647499999999993747e+00
1.422499999999999432e+00
1.237500000000004263e+00
3.674999999999997158e-01
5.749999999999744205e-02
1.562500000000000000e+00
1.939999999999997726e+00
5.924999999999940314e-01
2.250000000000085265e-02
1.400000000000005684e-01
1.052500000000001990e+00
1.342500000000001137e+00
4.924999999999997158e-01
1.649999999999991473e-01
1.724999999999994316e-01
4.367499999999999716e+00
9.999999999998010480e-03
9.000000000000341061e-02
9.249999999999403144e-02
1.057500000000004547e+00
3.750000000000000000e-01
1.339999999999996305e+00
1.637500000000002842e+00
9.675000000000011369e-01
2.499999999997726263e-03
2.349999999999994316e-01
2.000000000000312639e-02
3.474999999999965894e-01
8.875000000000028422e-01
3.750000000000000000e-01
5.225000000000008527e-01
3.097500000000003695e+00
2.825000000000002842e+00
1.414999999999999147e+00
1.879999999999995453e+00
1.322500000000005116e+00
3.324999999999960210e-01
4.250000000000397904e-02
1.712499999999998579e+00
1.432500000000004547e+00
3.750000000000000000e-01
1.210000000000000853e+00
8.825000000000002842e-01
1.212499999999998579e+00
1.349999999999980105e-01
2.689999999999997726e+00
2.750000000000056843e-01
8.249999999999602096e-02
4.800000000000039790e-01
4.244999999999997442e+00
3.900000000000005684e-01
6.799999999999997158e-01
3.900000000000005684e-01
2.100000000000008527e-01
6.000000000000227374e-02
9.499999999999886313e-02
6.850000000000022737e-01
1.619999999999997442e+00
1.942500000000002558e+00
5.249999999999488409e-02
5.675000000000025580e-01
9.750000000000369482e-02
6.449999999999960210e-01
1.352499999999999147e+00
2.087500000000005684e+00
4.675000000000011369e-01
1.502499999999997726e+00
1.749999999999829470e-02
1.160000000000003695e+00
4.249999999999971578e-01
2.274999999999998579e+00
4.050000000000011369e-01
9.999999999998010480e-03
6.625000000000014211e-01
8.425000000000011369e-01
3.800000000000025580e-01
8.725000000000022737e-01
4.074999999999988631e-01
9.024999999999963052e-01
2.122500000000002274e+00
1.062500000000000000e+00
1.119999999999997442e+00
5.000000000000000000e-01
3.275000000000005684e-01
1.250000000000284217e-02
7.249999999999801048e-02
9.999999999998010480e-03
1.370000000000004547e+00
6.577500000000000568e+00
3.750000000000142109e-02
1.875000000000000000e-01
3.149999999999977263e-01
4.899999999999948841e-01
9.974999999999951683e-01
4.500000000000028422e-01
2.130000000000002558e+00
1.422500000000006537e+00
8.549999999999968736e-01
1.750000000000042633e-01
3.724999999999951683e-01
3.650000000000019895e-01
4.325000000000045475e-01
1.147499999999993747e+00
1.625000000000000000e+00
8.400000000000034106e-01
2.342500000000001137e+00
6.649999999999991473e-01
5.799999999999982947e-01
1.107500000000001705e+00
7.000000000000028422e-02
9.324999999999974420e-01
3.149999999999977263e-01
2.025000000000005684e-01
1.225000000000022737e-01
3.024999999999998579e+00
1.320000000000000284e+00
1.082499999999996021e+00
1.975000000000051159e-01
1.649999999999991473e-01
2.682500000000004547e+00
1.450000000000031264e-01
5.974999999999965894e-01
5.625000000000000000e-01
1.187500000000000000e+00
2.899999999999991473e-01
1.532499999999998863e+00
1.000000000000014211e-01
5.749999999999957367e-01
6.724999999999994316e-01
9.900000000000019895e-01
2.304999999999999716e+00
1.250000000000284217e-02
4.099999999999965894e-01
3.500000000000369482e-02
1.107500000000001705e+00
1.394999999999996021e+00
3.325000000000031264e-01
7.475000000000022737e-01
1.157499999999998863e+00
2.650000000000005684e-01
1.099999999999994316e-01
5.574999999999974420e-01
1.697499999999998010e+00
4.534999999999996589e+00
2.725000000000008527e-01
1.749999999999829470e-02
2.749999999999630518e-02
7.600000000000051159e-01
2.100000000000008527e-01
1.284999999999996589e+00
2.472500000000003695e+00
3.750000000000000000e-01
1.742499999999999716e+00
2.055000000000006821e+00
6.799999999999997158e-01
1.157499999999998863e+00
2.472500000000003695e+00
1.000000000000000000e+00
5.199999999999960210e-01
1.344999999999998863e+00
5.000000000002557954e-03
1.732500000000001705e+00
1.600000000000001421e+00
1.274999999999998579e+00
1.079999999999998295e+00
3.350000000000001421e+00
2.250000000000085265e-02
2.412499999999994316e+00
1.464999999999996305e+00
1.807500000000004547e+00
2.224999999999965894e-01
3.875000000000028422e-01
1.367499999999999716e+00
5.600000000000022737e-01
1.034999999999996589e+00
9.499999999999886313e-02
3.400000000000034106e-01
3.725000000000022737e-01
5.924999999999940314e-01
1.799999999999997158e-01
2.329999999999998295e+00
2.250000000000014211e-01
3.000000000000113687e-02
7.424999999999997158e-01
1.075000000000002842e+00
1.475000000000008527e-01
6.849999999999951683e-01
2.902499999999996305e+00
2.124999999999985789e-01
3.300000000000054001e-01
1.215000000000003411e+00
6.625000000000014211e-01
3.500000000000014211e-01
1.049999999999997158e+00
2.124999999999985789e-01
9.175000000000039790e-01
5.274999999999963052e-01
3.000000000000113687e-02
1.732500000000001705e+00
2.750000000000056843e-01
1.499999999999346301e-02
7.625000000000028422e-01
8.475000000000036948e-01
5.749999999999744205e-02
1.625000000000014211e-01
3.749999999999431566e-02
3.425000000000011369e-01
7.824999999999988631e-01
2.672499999999999432e+00
6.174999999999997158e-01
6.000000000000014211e-01
1.250000000000000000e+00
2.005000000000002558e+00
1.232500000000001705e+00
3.575000000000017053e-01
1.585000000000000853e+00
4.099999999999965894e-01
2.175000000000011369e-01
2.224999999999965894e-01
1.642499999999998295e+00
6.000000000000227374e-02
1.060000000000002274e+00
9.774999999999991473e-01
1.135000000000005116e+00
3.049999999999997158e-01
7.699999999999960210e-01
8.325000000000031264e-01
7.249999999999801048e-02
2.025000000000005684e-01
1.950000000000002842e+00
3.537499999999994316e+00
1.172499999999999432e+00
8.924999999999982947e-01
7.075000000000031264e-01
5.474999999999994316e-01
1.054999999999999716e+00
3.949999999999960210e-01
4.087499999999998579e+00
3.170000000000001705e+00
1.139999999999993463e+00
1.847500000000003695e+00
1.652499999999996305e+00
2.267499999999998295e+00
3.625000000000042633e-01
1.895000000000003126e+00
4.125000000000014211e-01
3.700000000000045475e-01
6.349999999999980105e-01
6.225000000000022737e-01
2.624999999999957367e-01
7.274999999999991473e-01
1.619999999999997442e+00
1.127499999999997726e+00
1.270000000000003126e+00
3.750000000000000000e-01
1.424999999999982947e-01
1.842500000000001137e+00
4.350000000000022737e-01
3.650000000000019895e-01
8.349999999999937472e-01
3.325000000000031264e-01
2.475000000000022737e-01
3.174999999999954525e-01
2.000000000000028422e-01
7.800000000000011369e-01
2.190000000000004832e+00
2.575000000000002842e-01
7.424999999999997158e-01
5.325000000000059686e-01
1.747499999999995168e+00
2.549999999999997158e+00
5.399999999999991473e-01
3.674999999999997158e-01
6.649999999999991473e-01
5.150000000000005684e-01
1.759999999999998010e+00
1.500000000000056843e-02
2.162500000000001421e+00
5.390000000000000568e+00
6.775000000000019895e-01
4.344999999999998863e+00
7.149999999999963052e-01
1.695000000000000284e+00
1.714999999999996305e+00
1.900000000000005684e+00
1.149999999999998579e+00
2.759999999999998010e+00
7.124999999999985789e-01
5.349999999999965894e-01
4.075000000000059686e-01
6.625000000000014211e-01
6.549999999999940314e-01
5.250000000000198952e-02
1.149999999999998579e+00
1.450000000000031264e-01
7.625000000000028422e-01
9.324999999999974420e-01
3.477499999999999147e+00
1.824999999999974420e-01
6.799999999999997158e-01
1.000000000000014211e-01
3.650000000000019895e-01
2.407499999999998863e+00
8.175000000000025580e-01
3.025000000000019895e-01
6.375000000000028422e-01
7.449999999999974420e-01
1.697499999999998010e+00
1.342500000000001137e+00
1.077500000000000568e+00
3.399999999999963052e-01
5.850000000000008527e-01
1.275000000000005684e+00
1.239999999999994884e+00
2.880000000000002558e+00
3.249999999999957367e-01
4.250000000000397904e-02
1.375000000000028422e-01
5.974999999999965894e-01
1.075000000000002842e+00
4.450000000000002842e-01
1.920000000000001705e+00
3.374999999999985789e-01
2.899999999999991473e-01
4.900000000000019895e-01
6.250000000000000000e-02
6.725000000000065370e-01
3.249999999999957367e-01
1.167500000000003979e+00
1.774999999999998579e+00
2.474999999999951683e-01
1.225000000000001421e+00
1.950000000000002842e-01
1.185000000000002274e+00
5.150000000000005684e-01
5.674999999999954525e-01
8.800000000000025580e-01
7.049999999999982947e-01
4.250000000000397904e-02
7.124999999999985789e-01
4.249999999999687361e-02
9.200000000000017053e-01
1.710000000000000853e+00
1.499999999999985789e-01
4.499999999999957367e-01
3.067500000000002558e+00
6.675000000000039790e-01
1.717500000000001137e+00
2.079999999999998295e+00
2.325000000000017053e-01
8.749999999999857891e-02
7.899999999999991473e-01
7.500000000000000000e-01
2.399999999999998579e+00
1.460000000000000853e+00
6.225000000000022737e-01
4.975000000000022737e-01
1.027499999999996305e+00
6.499999999999985789e-01
8.725000000000022737e-01
4.099999999999965894e-01
4.450000000000002842e-01
1.507500000000000284e+00
1.450000000000031264e-01
9.675000000000011369e-01
3.099999999999951683e-01
5.549999999999997158e-01
2.424999999999997158e-01
4.175000000000039790e-01
8.249999999999957367e-01
9.175000000000039790e-01
2.074999999999960210e-01
2.575000000000002842e-01
5.625000000000000000e-01
1.300000000000025580e-01
4.835000000000000853e+00
6.775000000000019895e-01
1.657499999999998863e+00
8.849999999999980105e-01
6.225000000000022737e-01
1.049999999999968736e-01
1.325000000000002842e-01
1.000000000000000000e+00
1.724999999999994316e-01
1.162500000000001421e+00
4.749999999999943157e-02
4.474999999999980105e-01
1.804999999999999716e+00
5.017500000000005400e+00
2.312500000000000000e+00
1.107499999999994600e+00
3.250000000000596856e-02
1.242499999999999716e+00
1.010000000000005116e+00
1.500000000000056843e-02
3.025000000000019895e-01
5.999999999999516831e-02
1.920000000000001705e+00
5.024999999999977263e-01
4.499999999999957367e-01
1.085000000000000853e+00
7.325000000000017053e-01
1.552500000000001990e+00
1.655000000000001137e+00
1.049999999999968736e-01
7.049999999999982947e-01
1.725000000000001421e+00
1.075000000000017053e-01
1.875000000000000000e-01
4.474999999999980105e-01
4.224999999999994316e-01
4.749999999999943157e-02
3.454999999999998295e+00
3.400000000000034106e-01
1.597499999999996589e+00
6.450000000000031264e-01
5.424999999999968736e-01
2.870000000000004547e+00
5.974999999999965894e-01
1.377499999999997726e+00
3.920000000000001705e+00
5.949999999999988631e-01
2.499999999999857891e-02
1.200000000000045475e-01
2.524999999999977263e-01
1.192500000000002558e+00
1.759999999999998010e+00
2.625000000000028422e-01
8.825000000000002842e-01
1.350000000000051159e-01
6.950000000000002842e-01
2.382500000000000284e+00
1.447499999999998010e+00
1.924999999999954525e-01
1.260000000000005116e+00
5.049999999999954525e-01
5.275000000000034106e-01
3.599999999999994316e-01
2.592500000000001137e+00
9.725000000000036948e-01
2.487499999999997158e+00
1.075000000000017053e-01
6.750000000000255795e-02
3.309999999999995168e+00
6.775000000000019895e-01
7.199999999999988631e-01
1.975000000000051159e-01
2.352499999999999147e+00
9.624999999999985789e-01
2.282499999999998863e+00
9.675000000000011369e-01
9.724999999999965894e-01
3.325000000000031264e-01
3.325000000000002842e+00
8.250000000000312639e-02
5.674999999999954525e-01
4.549999999999982947e-01
1.875000000000000000e-01
1.775000000000019895e-01
2.849999999999965894e-01
9.999999999998010480e-03
2.200000000000059686e-01
9.674999999999940314e-01
2.000000000000028422e-01
1.150000000000019895e-01
1.724999999999994316e-01
8.100000000000022737e-01
4.574999999999960210e-01
3.494999999999997442e+00
3.252499999999997726e+00
2.390000000000000568e+00
2.482500000000001705e+00
2.987500000000004263e+00
1.475000000000008527e-01
2.424999999999997158e-01
7.674999999999982947e-01
3.825000000000002842e-01
5.450000000000017053e-01
1.150000000000019895e-01
1.479999999999996874e+00
5.307499999999997442e+00
7.000000000000028422e-01
1.699999999999945999e-01
3.500000000000369482e-02
1.024999999999998579e+00
1.427500000000001990e+00
5.749999999999744205e-02
1.195000000000000284e+00
3.255000000000002558e+00
5.324999999999988631e-01
1.424999999999982947e-01
1.717500000000001137e+00
1.424999999999982947e-01
6.124999999999971578e-01
2.974999999999994316e-01
1.750000000000000000e+00
6.150000000000019895e-01
1.607499999999994600e+00
1.272500000000000853e+00
4.584999999999993747e+00
1.275000000000048317e-01
2.575000000000002842e-01
2.280000000000001137e+00
3.200000000000002842e-01
4.917500000000003979e+00
5.824999999999960210e-01
5.500000000000042633e-01
2.499999999999857891e-02
1.899999999999977263e-01
3.357500000000001705e+00
6.875000000000000000e-01
7.325000000000017053e-01
2.400000000000019895e-01
1.124999999999971578e-01
8.250000000000312639e-02
5.024999999999977263e-01
2.747500000000002274e+00
5.725000000000051159e-01
1.247499999999995168e+00
2.500000000000000000e-01
3.827500000000000568e+00
9.500000000000596856e-02
6.499999999999772626e-02
7.924999999999968736e-01
7.800000000000011369e-01
4.749999999999943157e-02
9.875000000000042633e-01
1.837499999999998579e+00
2.449999999999974420e-01
6.000000000000014211e-01
2.337499999999998579e+00
2.422499999999999432e+00
9.049999999999940314e-01
2.175000000000011369e-01
1.050000000000039790e-01
3.707500000000003126e+00
2.774999999999998579e+00
1.619999999999997442e+00
1.727499999999999147e+00
9.874999999999971578e-01
8.100000000000022737e-01
2.405000000000001137e+00
4.749999999999943157e-02
3.875000000000028422e-01
1.207499999999996021e+00
9.025000000000034106e-01
4.025000000000034106e-01
3.074999999999974420e-01
9.424999999999954525e-01
6.374999999999957367e-01
2.075000000000031264e-01
1.057499999999997442e+00
1.295000000000001705e+00
2.342500000000001137e+00
1.579999999999998295e+00
1.125000000000042633e-01
2.432500000000004547e+00
9.424999999999954525e-01
2.175000000000011369e-01
1.410000000000003695e+00
9.050000000000011369e-01
4.499999999999459988e-02
8.725000000000022737e-01
6.850000000000022737e-01
2.072499999999998010e+00
8.650000000000019895e-01
4.749999999999943157e-02
1.842500000000001137e+00
4.324999999999974420e-01
2.675000000000054001e-01
1.049999999999968736e-01
4.799999999999968736e-01
2.032499999999998863e+00
2.662500000000001421e+00
3.825000000000002842e-01
3.575000000000017053e-01
7.599999999999980105e-01
2.634999999999998010e+00
1.272500000000000853e+00
6.624999999999943157e-01
1.000000000000014211e-01
9.175000000000039790e-01
2.999999999999971578e-01
7.500000000000284217e-03
1.257500000000000284e+00
6.299999999999954525e-01
2.464999999999996305e+00
6.350000000000051159e-01
2.100000000000008527e-01
7.750000000000056843e-02
2.155000000000001137e+00
7.724999999999937472e-01
1.182500000000004547e+00
3.799999999999954525e-01
2.024999999999998579e+00
1.300000000000025580e-01
6.199999999999974420e-01
1.015000000000000568e+00
8.749999999999857891e-02
2.310000000000002274e+00
7.000000000000028422e-02
8.025000000000019895e-01
1.200000000000002842e+00
7.749999999999985789e-01
6.199999999999974420e-01
4.419999999999994600e+00
1.850000000000001421e+00
2.025000000000005684e-01
7.800000000000011369e-01
1.972499999999996589e+00
5.775000000000005684e-01
4.525000000000005684e-01
4.425000000000025580e-01
2.472500000000003695e+00
1.724999999999994316e-01
3.349999999999937472e-01
1.810000000000002274e+00
3.175000000000025580e-01
1.107499999999994600e+00
6.325000000000002842e-01
1.592500000000001137e+00
1.405000000000001137e+00
9.825000000000017053e-01
4.874999999999971578e-01
1.300000000000025580e-01
1.295000000000001705e+00
2.849999999999965894e-01
4.250000000000397904e-02
1.097499999999996589e+00
2.250000000000085265e-02
3.399999999999963052e-01
1.050000000000039790e-01
9.699999999999988631e-01
1.225000000000022737e-01
4.499999999999459988e-02
2.150000000000034106e-01
1.500000000000056843e-02
2.974999999999994316e-01
7.349999999999994316e-01
2.524999999999977263e-01
3.100000000000022737e-01
1.499999999999985789e-01
1.174999999999997158e-01
5.125000000000028422e-01
1.390000000000000568e+00
1.054999999999999716e+00
3.374999999999985789e-01
1.950000000000002842e-01
2.307499999999997442e+00
1.377499999999997726e+00
2.925000000000039790e-01
2.037499999999994316e+00
3.775000000000048317e-01
6.075000000000017053e-01
2.274999999999991473e-01
1.500000000000056843e-02
2.575000000000002842e-01
1.367499999999999716e+00
2.749999999999630518e-02
8.749999999999857891e-02
7.750000000000056843e-02
1.317500000000002558e+00
9.000000000000056843e-01
7.824999999999988631e-01
4.600000000000008527e-01
2.224999999999965894e-01
5.549999999999997158e-01
6.274999999999977263e-01
1.272500000000000853e+00
1.750000000000540012e-02
1.074999999999945999e-01
2.065000000000004832e+00
2.749999999999985789e-01
2.749999999999985789e-01
1.257499999999993179e+00
7.499999999999573674e-02
9.200000000000017053e-01
1.215000000000003411e+00
1.400000000000005684e-01
4.074999999999988631e-01
5.050000000000025580e-01
7.650000000000005684e-01
1.499999999999985789e-01
1.344999999999998863e+00
2.875000000000014211e-01
1.049999999999968736e-01
1.270000000000003126e+00
2.475000000000022737e-01
1.092500000000001137e+00
9.975000000000022737e-01
1.004999999999995453e+00
1.045000000000001705e+00
7.449999999999974420e-01
1.850000000000022737e-01
2.875000000000014211e-01
2.299999999999968736e-01
1.524999999999963052e-01
8.800000000000025580e-01
4.749999999999943157e-02
1.577500000000000568e+00
3.224999999999980105e-01
8.374999999999985789e-01
2.725000000000008527e-01
2.500000000000568434e-02
1.449999999999960210e-01
3.524999999999991473e-01
6.325000000000002842e-01
8.425000000000011369e-01
1.182500000000004547e+00
9.624999999999985789e-01
7.025000000000005684e-01
9.999999999998010480e-03
9.299999999999997158e-01
1.657499999999998863e+00
2.025000000000005684e-01
3.639999999999993463e+00
7.999999999999829470e-02
4.025000000000034106e-01
7.500000000000284217e-02
1.349999999999980105e-01
8.324999999999960210e-01
1.297499999999999432e+00
9.250000000000113687e-02
6.075000000000017053e-01
5.099999999999980105e-01
2.129999999999995453e+00
5.850000000000008527e-01
1.789999999999999147e+00
9.874999999999971578e-01
9.250000000000113687e-02
5.975000000000036948e-01
3.849999999999980105e-01
9.874999999999971578e-01
1.750000000000042633e-01
8.575000000000017053e-01
1.929999999999999716e+00
1.335000000000000853e+00
5.050000000000025580e-01
4.999999999995452526e-03
1.147500000000000853e+00
2.322499999999998010e+00
1.109999999999999432e+00
1.277500000000003411e+00
2.877499999999997726e+00
1.807499999999997442e+00
3.025000000000019895e-01
1.602499999999999147e+00
5.500000000000042633e-01
9.249999999999971578e-01
2.134999999999998010e+00
1.905000000000001137e+00
3.650000000000019895e-01
1.497499999999995168e+00
8.599999999999994316e-01
1.302499999999994884e+00
2.500000000000000000e-01
9.825000000000017053e-01
3.229999999999996874e+00
8.200000000000002842e-01
5.024999999999977263e-01
9.224999999999994316e-01
4.699999999999988631e-01
1.155000000000001137e+00
5.174999999999982947e-01
7.074999999999960210e-01
8.849999999999980105e-01
2.650000000000005684e-01
5.499999999999971578e-02
3.825000000000002842e-01
7.049999999999982947e-01
8.400000000000034106e-01
4.004999999999995453e+00
3.134999999999998010e+00
7.525000000000048317e-01
3.100000000000022737e-01
1.842500000000001137e+00
7.725000000000008527e-01
5.724999999999980105e-01
1.572499999999998010e+00
1.640000000000000568e+00
4.699999999999988631e-01
1.037499999999994316e+00
8.449999999999988631e-01
5.824999999999960210e-01
5.675000000000025580e-01
3.200000000000002842e-01
4.350000000000022737e-01
2.030000000000001137e+00
9.199999999999945999e-01
1.837500000000005684e+00
2.499999999997726263e-03
2.507500000000000284e+00
2.575000000000002842e-01
1.325000000000002842e-01
6.449999999999960210e-01
7.375000000000042633e-01
6.000000000000014211e-01
4.799999999999968736e-01
1.205000000000005400e+00
1.164999999999999147e+00
1.232499999999994600e+00
3.700000000000045475e-01
1.295000000000001705e+00
7.249999999999801048e-02
1.515000000000000568e+00
3.849999999999980105e-01
1.304999999999999716e+00
2.114999999999994884e+00
5.350000000000036948e-01
1.267499999999998295e+00
1.954999999999998295e+00
4.050000000000011369e-01
5.775000000000005684e-01
1.032499999999998863e+00
1.525000000000034106e-01
1.274999999999977263e-01
1.272500000000000853e+00
3.312500000000000000e+00
3.100000000000022737e-01
2.449999999999974420e-01
6.250000000000000000e-01
1.935000000000002274e+00
2.974999999999994316e-01
6.325000000000002842e-01
1.615000000000001990e+00
8.275000000000005684e-01
5.300000000000011369e-01
5.064999999999997726e+00
7.350000000000065370e-01
1.467500000000001137e+00
1.900000000000048317e-01
3.324999999999960210e-01
4.875000000000042633e-01
1.099999999999994316e-01
1.149999999999948841e-01
1.024999999999991473e-01
2.960000000000000853e+00
8.825000000000002842e-01
1.295000000000001705e+00
1.732500000000001705e+00
2.375000000000000000e+00
4.450000000000002842e-01
2.710000000000000853e+00
1.247500000000002274e+00
1.242499999999999716e+00
2.789999999999999147e+00
2.674999999999982947e-01
3.175000000000025580e-01
8.374999999999985789e-01
3.224999999999980105e-01
3.299999999999982947e-01
1.737500000000004263e+00
3.999999999999914735e-02
2.750000000000341061e-02
5.749999999999744205e-02
1.582500000000003126e+00
1.524999999999963052e-01
2.599999999999980105e-01
2.025000000000005684e-01
1.030000000000001137e+00
1.827500000000000568e+00
2.299999999999968736e-01
5.000000000002557954e-03
6.049999999999968736e-01
3.524999999999991473e-01
6.074999999999945999e-01
2.112499999999997158e+00
9.000000000000341061e-02
7.650000000000005684e-01
3.570000000000000284e+00
1.104999999999996874e+00
8.700000000000045475e-01
1.267499999999998295e+00
3.724999999999951683e-01
6.000000000000227374e-02
1.509999999999998010e+00
5.000000000000426326e-02
2.070000000000000284e+00
8.425000000000011369e-01
6.525000000000034106e-01
5.874999999999985789e-01
5.300000000000011369e-01
1.612499999999997158e+00
6.225000000000022737e-01
1.172499999999999432e+00
2.137500000000002842e+00
2.100000000000008527e-01
5.349999999999965894e-01
5.092500000000001137e+00
4.600000000000008527e-01
2.255000000000002558e+00
5.824999999999960210e-01
6.500000000000483169e-02
2.124999999999985789e-01
9.324999999999974420e-01
1.869999999999997442e+00
1.150000000000019895e-01
4.525000000000005684e-01
9.275000000000019895e-01
1.015000000000000568e+00
1.534999999999996589e+00
8.575000000000017053e-01
1.347500000000003695e+00
2.499999999999857891e-02
3.224999999999980105e-01
9.750000000000369482e-02
5.474999999999994316e-01
3.074999999999974420e-01
2.994999999999997442e+00
8.275000000000005684e-01
1.337499999999998579e+00
2.927499999999994884e+00
4.575000000000031264e-01
5.249999999999985789e-01
6.450000000000031264e-01
1.982500000000001705e+00
2.992499999999999716e+00
1.162500000000001421e+00
1.847500000000003695e+00
1.252499999999997726e+00
1.757500000000000284e+00
6.174999999999997158e-01
2.325000000000017053e-01
2.450000000000045475e-01
8.174999999999954525e-01
2.899999999999991473e-01
4.072499999999998010e+00
1.045000000000001705e+00
3.517499999999998295e+00
5.775000000000005684e-01
1.185000000000002274e+00
2.269999999999996021e+00
3.502499999999997726e+00
2.074999999999960210e-01
3.750000000000142109e-02
3.500000000000369482e-02
2.149999999999963052e-01
3.025000000000019895e-01
2.542500000000003979e+00
7.500000000000000000e-01
1.147500000000000853e+00
5.125000000000028422e-01
9.324999999999974420e-01
9.774999999999991473e-01
2.217500000000001137e+00
4.250000000000042633e-01
5.850000000000008527e-01
4.624999999999985789e-01
4.249999999999971578e-01
2.219999999999998863e+00
1.204999999999998295e+00
1.804999999999999716e+00
1.132500000000000284e+00
1.424999999999982947e-01
3.149999999999977263e-01
7.500000000000284217e-02
6.475000000000008527e-01
4.724999999999965894e-01
7.700000000000031264e-01
1.142499999999998295e+00
1.405000000000001137e+00
6.024999999999991473e-01
6.550000000000011369e-01
2.502499999999997726e+00
1.625000000000014211e-01
8.249999999999602096e-02
3.775000000000048317e-01
3.872500000000002274e+00
2.950000000000017053e-01
1.880000000000002558e+00
1.599999999999965894e-01
2.500000000000000000e-01
2.250000000000085265e-02
1.927499999999994884e+00
8.325000000000031264e-01
6.499999999999772626e-02
1.070000000000000284e+00
4.125000000000014211e-01
1.075000000000002842e+00
7.875000000000014211e-01
9.825000000000017053e-01
1.724999999999994316e-01
2.999999999999971578e-01
1.160000000000003695e+00
2.650000000000005684e-01
5.025000000000048317e-01
1.507500000000000284e+00
6.924999999999954525e-01
1.767499999999998295e+00
1.749999999999829470e-02
2.592500000000001137e+00
3.750000000000142109e-02
6.749999999999545253e-02
1.247499999999995168e+00
2.892500000000005400e+00
3.237499999999997158e+00
2.070000000000000284e+00
1.149999999999998579e+00
1.137500000000002842e+00
9.149999999999991473e-01
1.502499999999997726e+00
8.100000000000022737e-01
1.290000000000006253e+00
1.382500000000000284e+00
1.179999999999999716e+00
1.047499999999999432e+00
2.172499999999999432e+00
4.750000000000014211e-01
3.577500000000000568e+00
4.200000000000017053e-01
7.699999999999960210e-01
6.925000000000025580e-01
2.025000000000005684e+00
3.380000000000002558e+00
1.037500000000001421e+00
3.474999999999965894e-01
4.202500000000000568e+00
4.224999999999994316e-01
9.750000000000369482e-02
2.652500000000003411e+00
9.250000000000113687e-02
3.249999999999886313e-02
3.750000000000000000e-01
6.599999999999965894e-01
2.900000000000062528e-01
1.374999999999957367e-01
6.774999999999948841e-01
1.195000000000000284e+00
9.549999999999982947e-01
3.725000000000022737e-01
2.125000000000056843e-01
3.299999999999982947e-01
4.375000000000000000e-01
6.724999999999994316e-01
1.350000000000001421e+00
5.249999999999488409e-02
7.500000000000000000e-01
5.650000000000048317e-01
1.859999999999999432e+00
1.349999999999980105e-01
2.274999999999991473e-01
4.725000000000036948e-01
2.199999999999988631e-01
8.074999999999974420e-01
8.175000000000025580e-01
8.649999999999948841e-01
1.550000000000011369e-01
2.702500000000000568e+00
7.000000000000028422e-01
1.150000000000019895e-01
5.499999999999971578e-01
2.349999999999994316e-01
2.000000000000312639e-02
9.999999999999431566e-02
3.075000000000045475e-01
1.049999999999968736e-01
5.750000000000028422e-01
1.162499999999994316e+00
1.952499999999993463e+00
7.675000000000054001e-01
1.432499999999997442e+00
1.125000000000042633e-01
4.999999999999715783e-02
4.200000000000017053e-01
4.624999999999985789e-01
7.700000000000031264e-01
2.152499999999996305e+00
5.724999999999980105e-01
1.062500000000000000e+00
1.300000000000025580e-01
5.799999999999982947e-01
5.499999999999971578e-02
1.132500000000000284e+00
4.200000000000017053e-01
1.085000000000000853e+00
6.224999999999951683e-01
8.849999999999980105e-01
2.875000000000014211e-01
2.575000000000002842e-01
1.074999999999945999e-01
2.750000000000341061e-02
1.289999999999999147e+00
6.150000000000019895e-01
1.550000000000011369e-01
3.375000000000000000e+00
3.089999999999996305e+00
1.662500000000001421e+00
1.830000000000005400e+00
3.775000000000048317e-01
2.549999999999954525e-01
2.179999999999999716e+00
3.149999999999977263e-01
7.199999999999988631e-01
9.299999999999997158e-01
1.025000000000005684e+00
2.634999999999998010e+00
1.024999999999991473e-01
7.750000000000056843e-02
1.737500000000004263e+00
1.212500000000005684e+00
2.287499999999994316e+00
2.117499999999999716e+00
1.672499999999999432e+00
4.899999999999948841e-01
1.042500000000003979e+00
1.820000000000000284e+00
3.799999999999954525e-01
1.630000000000002558e+00
4.324999999999974420e-01
1.125000000000042633e-01
1.634999999999998010e+00
1.649999999999991473e-01
2.500000000000568434e-02
3.049999999999997158e-01
2.372499999999995168e+00
2.589999999999996305e+00
1.195000000000000284e+00
4.400000000000048317e-01
1.024999999999998579e+00
3.060000000000002274e+00
3.975000000000008527e-01
3.325000000000031264e-01
2.449999999999995737e+00
4.052500000000001990e+00
6.899999999999977263e-01
1.257500000000000284e+00
5.549999999999997158e-01
2.875000000000014211e-01
1.277499999999996305e+00
1.300000000000025580e-01
1.424999999999997158e+00
1.425000000000054001e-01
3.149999999999977263e-01
3.474999999999965894e-01
3.450000000000059686e-01
8.599999999999994316e-01
1.247500000000002274e+00
1.117499999999999716e+00
5.749999999999744205e-02
5.825000000000031264e-01
2.699999999999960210e-01
7.500000000000000000e-01
6.550000000000011369e-01
5.949999999999988631e-01
3.877499999999997726e+00
1.699999999999995737e+00
2.400000000000019895e-01
3.602499999999999147e+00
1.005000000000002558e+00
3.092500000000001137e+00
1.627499999999997726e+00
7.800000000000011369e-01
5.499999999999971578e-02
1.387499999999995737e+00
2.269999999999996021e+00
2.675000000000054001e-01
2.532499999999998863e+00
1.824999999999974420e-01
3.425000000000011369e-01
3.182500000000004547e+00
1.140000000000000568e+00
2.467499999999994031e+00
1.195000000000000284e+00
4.050000000000011369e-01
2.182500000000004547e+00
2.619999999999997442e+00
7.925000000000039790e-01
3.099999999999951683e-01
1.727499999999999147e+00
1.160000000000003695e+00
1.024999999999991473e-01
4.774999999999991473e-01
3.475000000000036948e-01
2.699999999999960210e-01
5.150000000000005684e-01
1.024999999999991473e-01
1.130000000000002558e+00
3.399999999999998579e+00
6.150000000000019895e-01
3.224999999999980105e-01
2.850000000000036948e-01
1.420000000000001705e+00
5.824999999999960210e-01
5.140000000000000568e+00
2.342500000000001137e+00
3.650000000000019895e-01
1.242499999999999716e+00
2.782499999999998863e+00
4.005000000000002558e+00
1.174999999999997158e+00
2.414999999999999147e+00
9.224999999999994316e-01
1.609999999999999432e+00
1.445000000000000284e+00
2.224999999999965894e-01
2.700000000000031264e-01
2.920000000000001705e+00
1.174999999999997158e-01
6.899999999999977263e-01
2.250000000000014211e-01
1.197499999999998010e+00
1.075000000000002842e+00
1.407500000000005969e+00
8.074999999999974420e-01
4.024999999999963052e-01
1.434999999999995168e+00
2.925000000000039790e-01
6.274999999999977263e-01
1.975000000000051159e-01
2.367499999999999716e+00
2.500000000004831691e-03
9.050000000000011369e-01
7.999999999999829470e-02
9.499999999999957367e-01
1.885000000000005116e+00
1.030000000000001137e+00
1.437500000000000000e+00
1.089999999999996305e+00
1.349999999999980105e-01
2.290000000000006253e+00
2.062500000000000000e+00
4.975000000000022737e-01
1.475000000000008527e-01
2.010000000000005116e+00
4.799999999999968736e-01
1.812500000000000000e+00
6.724999999999994316e-01
1.242499999999999716e+00
1.622500000000002274e+00
1.649999999999998579e+00
1.574999999999988631e-01
8.749999999999857891e-02
1.367499999999999716e+00
8.999999999999630518e-02
1.905000000000001137e+00
1.017499999999998295e+00
2.675000000000054001e-01
5.974999999999965894e-01
2.499999999997726263e-03
4.475000000000051159e-01
5.474999999999994316e-01
7.325000000000017053e-01
2.974999999999994316e-01
1.309999999999995168e+00
4.975000000000022737e-01
4.174999999999968736e-01
1.982500000000001705e+00
1.125000000000000000e+00
5.675000000000025580e-01
1.007500000000000284e+00
1.475000000000001421e+00
1.099999999999994316e-01
4.249999999999971578e-01
1.350000000000051159e-01
4.499999999999957367e-01
1.075000000000017053e-01
4.249999999999971578e-01
7.750000000000056843e-02
2.494999999999997442e+00
3.049999999999997158e-01
1.670000000000001705e+00
1.082500000000003126e+00
1.207499999999996021e+00
1.700000000000017053e-01
2.282499999999998863e+00
8.550000000000039790e-01
3.025000000000019895e-01
5.974999999999965894e-01
1.742499999999999716e+00
8.149999999999977263e-01
7.950000000000017053e-01
1.185000000000002274e+00
8.099999999999951683e-01
1.287500000000001421e+00
2.862499999999997158e+00
2.374999999999971578e-01
3.150000000000048317e-01
9.299999999999997158e-01
2.334999999999993747e+00
1.012500000000002842e+00
1.600000000000036948e-01
2.474999999999951683e-01
1.099999999999994316e-01
8.375000000000056843e-01
1.824999999999974420e-01
6.574999999999988631e-01
1.445000000000000284e+00
2.675000000000054001e-01
2.100000000000008527e-01
2.400000000000019895e-01
9.624999999999985789e-01
3.825000000000002842e-01
8.249999999999602096e-02
4.950000000000045475e-01
1.894999999999996021e+00
4.174999999999968736e-01
7.550000000000025580e-01
1.982500000000001705e+00
3.149999999999977263e-01
2.242499999999999716e+00
9.549999999999982947e-01
5.200000000000031264e-01
2.692500000000002558e+00
2.924999999999968736e-01
1.405000000000001137e+00
1.125000000000042633e-01
2.399999999999948841e-01
2.079999999999998295e+00
6.375000000000028422e-01
3.177500000000001990e+00
4.707499999999996021e+00
2.339999999999996305e+00
3.844999999999998863e+00
1.879999999999995453e+00
6.050000000000039790e-01
1.477499999999999147e+00
5.874999999999985789e-01
7.499999999999573674e-02
4.050000000000011369e-01
2.347500000000003695e+00
1.449999999999995737e+00
2.182500000000004547e+00
7.500000000000284217e-03
5.499999999999971578e-01
4.474999999999980105e-01
4.875000000000042633e-01
8.025000000000019895e-01
5.525000000000019895e-01
2.949999999999945999e-01
1.144999999999996021e+00
9.675000000000011369e-01
1.032500000000005969e+00
2.250000000000085265e-02
1.230000000000003979e+00
1.849999999999951683e-01
2.894999999999996021e+00
2.134999999999998010e+00
1.592500000000001137e+00
1.292500000000003979e+00
1.349999999999980105e-01
1.244999999999997442e+00
1.739999999999994884e+00
1.099999999999994316e-01
6.750000000000255795e-02
9.275000000000019895e-01
1.147499999999993747e+00
9.749999999999658939e-02
3.350000000000008527e-01
1.252500000000004832e+00
3.220000000000005969e+00
2.500000000000000000e-01
4.074999999999988631e-01
5.974999999999965894e-01
7.575000000000002842e-01
4.900000000000019895e-01
2.022500000000000853e+00
1.950000000000002842e-01
1.509999999999998010e+00
5.225000000000008527e-01
5.349999999999965894e-01
2.075000000000031264e-01
1.799999999999997158e-01
3.749999999999431566e-02
2.000000000000312639e-02
2.190000000000004832e+00
7.525000000000048317e-01
3.100000000000022737e-01
6.750000000000255795e-02
1.034999999999996589e+00
1.500000000000056843e-02
1.437500000000000000e+00
8.275000000000005684e-01
1.232499999999994600e+00
5.775000000000005684e-01
2.967500000000001137e+00
1.875000000000000000e-01
9.999999999999431566e-02
5.300000000000011369e-01
4.924999999999997158e-01
1.225000000000022737e-01
1.490000000000001990e+00
6.524999999999963052e-01
9.500000000000028422e-01
1.847500000000003695e+00
1.625000000000014211e-01
2.097500000000003695e+00
1.850000000000022737e-01
9.774999999999991473e-01
1.099999999999994316e-01
8.400000000000034106e-01
1.287499999999994316e+00
5.975000000000036948e-01
3.074999999999974420e-01
4.050000000000011369e-01
3.700000000000045475e-01
2.474999999999951683e-01
2.424999999999997158e-01
4.299999999999997158e-01
1.282499999999998863e+00
8.500000000000085265e-02
2.267499999999998295e+00
4.149999999999991473e-01
1.315000000000004832e+00
7.000000000000028422e-01
4.424999999999954525e-01
1.452500000000000568e+00
2.725000000000008527e-01
1.585000000000000853e+00
1.952500000000000568e+00
1.762499999999995737e+00
5.900000000000034106e-01
8.250000000000312639e-02
7.199999999999988631e-01
3.375000000000000000e+00
5.749999999999957367e-01
3.299999999999982947e-01
3.750000000000142109e-02
2.860000000000006537e+00
8.249999999999602096e-02
