3.741343745098885121e-01
2.534606446933669877e-01
2.476932829552160875e-01
2.287242386742796563e-01
2.139270320103866807e-01
2.064592277847924762e-01
1.979790208419493491e-01
1.817301071986425487e-01
1.844293011478346234e-01
1.408290458018366387e-01
1.548982127350418403e-01
1.353207409999457045e-01
1.517128926371095199e-01
1.501368089780943660e-01
1.280712832497515330e-01
1.220402670709610921e-01
1.228345628588640298e-01
1.230781483623955147e-01
1.218701290444004770e-01
1.281076157143872241e-01
1.237764771996883867e-01
1.276095331651827536e-01
1.321819923852974588e-01
1.194170096480826337e-01
1.292495740914744728e-01
1.462172168198279665e-01
1.738079005128637944e-01
1.898929989653318495e-01
2.134894056155885456e-01
2.799898770861402042e-01
3.912181574699798992e-01
6.598670064914493594e-01
8.832566023594194959e-01
