1.720006121374510408e-02 1.500000000000000031e-03
1.614788256977869874e-02 1.842105263157894912e-03
1.565456077821329728e-02 2.184210526315789359e-03
1.557569740115933958e-02 2.526315789473684240e-03
1.519036992442280437e-02 2.868421052631579121e-03
1.516902390066855559e-02 3.210526315789474002e-03
1.503243051120178517e-02 3.552631578947368449e-03
1.483503076644306778e-02 3.894736842105263330e-03
1.498932230671219147e-02 4.236842105263158645e-03
1.519530399215511009e-02 4.578947368421053092e-03
1.590671133627052231e-02 4.921052631578947539e-03
1.522545402097859324e-02 5.263157894736842854e-03
1.500538127530489686e-02 5.605263157894736434e-03
1.471782827355351542e-02 5.947368421052631748e-03
1.494013845159836672e-02 6.289473684210527063e-03
1.497722247657910961e-02 6.631578947368422378e-03
1.524334031750690377e-02 6.973684210526315957e-03
1.522701461716735941e-02 7.315789473684211272e-03
1.565909079934882375e-02 7.657894736842106587e-03
1.576198290936767568e-02 8.000000000000000167e-03
