3.038069668314052115e-03
6.030697709431184599e-03
8.508388512217416461e-03
1.086641576681479648e-02
1.309153271325200554e-02
1.527749782322334812e-02
1.732648862862070510e-02
1.923781671872842880e-02
2.093428457232470591e-02
2.250534836971464572e-02
2.394365935993040401e-02
2.529680309311466493e-02
2.653317501680777998e-02
2.772524678586096511e-02
2.882682226259129094e-02
2.989586214072422615e-02
3.089464422733269669e-02
3.186582715648816899e-02
3.279591938279006330e-02
3.369316746623154946e-02
3.456559936969163388e-02
3.540689948463976444e-02
3.622435728331930421e-02
3.702704831089292936e-02
3.780371216031047643e-02
3.858025082378402359e-02
3.934960051050610114e-02
4.015852304385580246e-02
4.101555583654451637e-02
4.192314427026504198e-02
4.293730363467997135e-02
4.420639886937236668e-02
4.630051014379438223e-02
