2.823290205131617422e-03
3.721168665526968563e-03
4.977894391739827278e-03
5.774432901350203158e-03
6.771172929685239164e-03
7.524647534318604745e-03
8.526069463647607122e-03
9.280228027536299371e-03
1.013336136442720067e-02
1.084381347605937670e-02
1.169701997843740869e-02
1.240221943630268921e-02
1.318152300203558579e-02
1.383621973248964562e-02
1.451810812888576843e-02
1.515309226709802420e-02
1.584160707381787950e-02
1.647675343985100654e-02
1.714546985894698297e-02
1.774364955019110471e-02
1.832038398819807110e-02
1.890081465866360819e-02
1.945981669470586359e-02
2.000837158513529487e-02
2.054085462814004073e-02
2.104203244098863668e-02
2.156927241146112603e-02
2.206469169820909210e-02
2.254914659297362761e-02
2.300118922899697591e-02
2.347715878474963477e-02
2.393439642436998721e-02
2.436437053834171820e-02
2.476823817834954838e-02
2.520483275583121005e-02
2.561249024318946327e-02
2.603408189159573879e-02
2.641886609717136736e-02
2.680806976732948502e-02
2.720321676464344113e-02
2.758153860603245605e-02
2.794777516504237322e-02
2.831432399739352429e-02
2.868484801872199508e-02
2.903248058372477278e-02
2.937755511452370960e-02
2.971994701146750059e-02
3.006911343133671088e-02
3.040503500275577170e-02
3.072446166262469275e-02
3.105042588489517752e-02
3.136982623507912626e-02
3.168093228347811097e-02
3.198419533041912954e-02
3.230143820403109239e-02
3.260339878607504405e-02
3.290911026835978415e-02
3.321040400165278100e-02
3.350821637457553070e-02
3.379149563565025938e-02
3.407894893701754468e-02
3.436359263136930242e-02
3.465339151986587124e-02
3.491815154505341356e-02
3.520013503216985751e-02
3.548843120696358600e-02
3.575410714521706085e-02
3.602009920949197919e-02
3.629037187388807484e-02
3.657472343967068523e-02
3.683012563335756606e-02
3.708963408767759762e-02
3.733865682838340139e-02
3.760196093697588254e-02
3.785579057464456831e-02
3.810729193709506968e-02
3.836010329574558037e-02
3.860724495029436987e-02
3.885859627327450244e-02
3.911285216282178734e-02
3.934325871244593459e-02
3.957943014742309334e-02
3.982111820173696998e-02
4.005872623444445974e-02
4.030498900811977508e-02
4.053375171014476225e-02
4.077322892253434222e-02
4.100715665318492575e-02
4.123691729644862747e-02
4.146266702932897147e-02
4.169620854646196445e-02
4.191761909456503260e-02
4.213643739161173490e-02
4.236619706065682806e-02
4.259656210625056144e-02
4.280994657941407378e-02
4.303014852238468829e-02
4.324950806991857688e-02
4.346526613844424458e-02
4.368463503815033649e-02
