7.599104170159763916e-01
9.024647296941243901e-01
9.341181824714364090e-01
9.420974155069582467e-01
9.519359745143597396e-01
9.558222951447937765e-01
9.846822678387506800e-01
9.707807372631680476e-01
9.663584756521114150e-01
9.877332391194998396e-01
9.968322594553162830e-01
9.988772186160148614e-01
1.003976143141153132e+00
9.803887518263910694e-01
1.004817480658219297e+00
9.986436800881457465e-01
9.960747562815874812e-01
9.968891470454382953e-01
1.006479197106517454e+00
9.948890991400991535e-01
1.002173704759395489e+00
9.996197513712902216e-01
9.980628278521641583e-01
9.981885793671704254e-01
9.848349661069726313e-01
9.594750772473592537e-01
8.926920405279168413e-01
8.493916021940645100e-01
7.889919519030396122e-01
6.849445495700495767e-01
5.773581403147380886e-01
4.122464011114038707e-01
1.916483029533641858e-01
