2.114457831325300852e+00
1.286144578313253461e+00
1.213855421686746983e+00
1.397590361445782747e+00
1.319277108433735357e+00
5.481927710843375046e-01
5.240963855421685302e-01
1.861445783132530174e+00
7.951807228915663828e-01
8.042168674698793041e-01
1.777108433734944093e-01
7.921686746987948169e-01
4.819277108433732693e-01
7.740963855421689743e-01
2.289156626506021475e-01
1.355421686746988374e+00
1.283132530120481896e+00
1.177710843373493965e+00
1.084337349397590522e-01
6.084337349397590522e-01
8.403614457831323215e-01
4.789156626506025916e-01
2.849397590361445687e+00
1.012048192771084487e+00
4.608433734939758608e-01
6.536144578313249909e-01
4.367469879518068865e-01
5.572289156626508699e-01
7.198795180722892262e-01
1.039156626506024583e+00
4.367469879518068865e-01
7.740963855421689743e-01
4.126506024096379122e-01
5.572289156626508699e-01
3.978915662650602147e+00
9.487951807228913736e-01
2.560240963855422436e-01
1.262048192771084487e+00
0.000000000000000000e+00
1.286144578313253017e+00
1.099397590361445687e+00
1.090361445783132766e+00
1.656626506024096557e+00
0.000000000000000000e+00
1.957831325301206959e-01
1.012048192771084043e+00
1.403614457831324991e+00
5.481927710843379487e-01
1.503012048192770678e+00
1.114457831325301740e-01
1.177710843373493965e+00
1.114457831325301740e+00
1.349397590361446131e+00
2.042168674698794817e+00
2.469879518072288782e+00
2.560240963855421548e+00
6.385542168674698260e-01
9.367469879518073306e-01
1.222891566265060348e+00
8.795180722891560166e-01
4.912650602409638800e+00
2.469879518072288782e-01
3.885542168674698260e-01
7.078313253012042949e-01
7.138554216867474267e-01
7.168674698795181044e-01
7.018072289156629395e-01
9.156626506024099221e-01
3.855421686746991483e-01
5.813253012048189561e-01
2.466867469879518104e+00
9.216867469879517216e-01
5.391566265060241392e-01
6.837349397590362088e-01
7.771084337349396520e-01
5.542168674698801922e-01
4.246987951807228434e-01
1.888554216867469826e+00
4.036144578313258791e-01
4.337349397590362088e-01
8.885542168674698260e-01
1.165662650602409478e+00
8.734939759036146611e-01
2.006024096385543132e+00
1.262048192771084043e+00
1.307228915662650870e+00
1.460843373493975861e+00
5.692771084337349130e-01
4.849397590361443910e-01
8.614457831325301740e-01
6.445783132530120696e-01
1.198795180722891374e+00
1.117469879518071973e+00
5.692771084337353571e-01
9.457831325301206959e-01
6.566265060240956686e-01
2.500000000000000000e-01
3.072289156626504258e-01
1.111445783132530618e+00
5.722891566265060348e-01
1.506024096385534250e-01
5.512048192771086264e-01
9.036144578313258791e-01
5.512048192771081823e-01
8.915662650602413919e-01
5.481927710843370605e-01
1.057228915662650870e+00
1.114457831325300852e+00
8.463855421686750091e-01
3.403614457831327655e-01
1.617469879518071529e+00
6.325301204819275824e-01
2.319277108433732693e-01
4.006024096385547573e-01
1.132530120481927582e+00
6.626506024096379122e-01
1.346385542168674121e+00
8.493975903614465750e-01
5.783132530120473902e-01
2.801204819277112179e-01
4.367469879518073306e-01
5.993975903614461309e-01
9.487951807228913736e-01
4.608433734939758608e-01
4.457831325301206959e-01
7.831325301204818956e-01
2.891566265060241392e-01
1.081325301204819400e+00
4.277108433734939652e-01
1.195783132530120696e+00
2.951807228915663828e-01
1.436746987951806886e+00
3.162650602409637912e-01
8.012048192771086264e-01
1.921686746987951722e+00
3.253012048192771566e-01
7.801204819277112179e-01
1.048192771084337060e+00
6.415662650602405037e-01
9.126506024096388003e-01
5.512048192771086264e-01
4.518072289156593868e-02
4.186746987951805998e-01
2.650602409638560530e-01
4.066265060240956686e-01
8.524096385542172527e-01
2.801204819277112179e-01
2.951807228915654946e-01
4.578313253012047390e-01
3.162650602409637912e-01
3.734939759036146611e-01
1.021084337349397408e+00
3.765060240963853389e-01
6.867469879518077747e-01
1.707831325301205183e+00
1.406626506024095669e+00
3.397590361445783191e+00
9.548192771084336172e-01
7.771084337349396520e-01
1.728915662650602592e+00
4.668674698795181044e-01
9.006024096385538691e-01
3.915662650602413919e-01
7.319277108433732693e-01
7.228915662650603480e-01
7.439759036144577564e-01
7.710843373493978525e-01
7.078313253012042949e-01
6.807228915662655311e-01
9.337349397590366529e-01
8.945783132530120696e-01
2.575301204819276712e+00
1.415662650602409478e+00
1.355421686746991483e-01
5.692771084337344689e-01
7.469879518072293223e-01
3.222891566265060348e-01
7.921686746987952610e-01
4.789156626506025916e-01
1.524096385542168974e+00
1.298192771084337060e+00
2.048192771084336172e-01
9.216867469879517216e-01
4.066265060240965568e-01
3.524096385542172527e-01
6.867469879518068865e-01
2.500000000000000000e-01
2.801204819277112179e-01
1.319277108433734913e+00
7.289156626506025916e-01
1.180722891566264643e+00
9.006024096385543132e-01
5.632530120481931135e-01
2.259036144578310257e-01
1.108433734939758608e+00
8.855421686746991483e-01
5.512048192771086264e-01
3.584337349397590522e-01
2.138554216867465385e-01
7.891566265060241392e-01
5.903614457831327655e-01
6.686746987951810439e-01
5.150602409638551649e-01
9.789156626506025916e-01
5.421686746987948169e-01
1.454819277108434505e+00
1.075301204819277157e+00
4.518072289156638277e-02
9.487951807228913736e-01
1.957831325301206959e-01
1.256024096385542244e+00
1.024096385542168086e-01
6.506024096385543132e-01
4.307228915662650870e-01
7.951807228915663828e-01
1.828313253012048278e+00
6.867469879518068865e-01
7.319277108433737133e-01
7.560240963855422436e-01
4.126506024096388003e-01
4.518072289156620513e-01
9.819277108433732693e-01
3.524096385542172527e-01
2.771084337349396520e-01
6.174698795180724176e-01
7.981927710843370605e-01
1.786144578313253461e+00
8.222891566265060348e-01
6.054216867469879304e-01
7.740963855421689743e-01
5.662650602409633471e-01
4.728915662650603480e-01
5.542168674698801922e-01
2.530120481927706777e-01
7.379518072289155128e-01
1.674698795180723288e+00
0.000000000000000000e+00
6.325301204819275824e-01
7.289156626506030356e-01
2.421686746987951722e+00
1.322289156626506035e+00
1.096385542168675009e+00
2.509036144578313809e+00
3.524096385542168086e-01
6.475903614457836355e-01
9.457831325301198078e-01
7.771084337349396520e-01
4.246987951807232875e-01
3.674698795180724176e-01
7.590361445783129213e-01
1.599397590361445687e+00
1.259036144578313809e+00
3.554216867469879304e-01
2.084337349397590078e+00
4.518072289156629395e-01
1.090361445783132766e+00
7.469879518072284341e-01
7.740963855421689743e-01
1.596385542168674121e+00
6.355421686746987042e-01
3.734939759036146611e-01
1.867469879518068865e-01
1.539156626506024139e+00
5.692771084337353571e-01
6.716867469879517216e-01
7.138554216867465385e-01
3.825301204819284706e-01
9.548192771084336172e-01
6.445783132530120696e-01
8.373493975903616438e-01
3.734939759036137730e-01
6.445783132530120696e-01
7.379518072289155128e-01
3.915662650602413919e-01
0.000000000000000000e+00
2.316265060240963791e+00
9.006024096385543132e-01
6.686746987951810439e-01
8.102409638554211035e-01
3.795180722891569047e-01
2.771084337349396520e-01
2.349397590361448351e-01
1.298192771084337060e+00
6.475903614457831914e-01
1.018072289156626287e+00
7.259036144578319139e-01
1.075301204819276712e+00
7.981927710843375046e-01
7.951807228915663828e-01
9.367469879518068865e-01
3.644578313253017399e-01
7.500000000000000000e-01
9.066265060240965568e-01
5.542168674698793041e-01
9.337349397590362088e-01
2.168674698795181044e-01
3.885542168674698260e-01
6.807228915662650870e-01
1.746987951807228434e+00
7.168674698795181044e-01
2.108433734939758608e-01
1.219879518072288782e+00
5.753012048192776007e-01
4.909638554216861905e-01
4.006024096385543132e-01
1.924698795180722843e+00
5.000000000000000000e-01
7.590361445783129213e-01
1.379518072289156905e+00
1.262048192771084487e+00
6.656626506024099221e-01
2.319277108433732693e-01
9.246987951807232875e-01
6.927710843373491301e-01
4.849397590361448351e-01
1.376506024096385339e+00
2.644578313253012070e+00
2.060240963855421548e+00
1.054216867469880192e+00
2.801204819277107738e-01
1.671686746987951722e+00
3.433734939759034432e-01
1.506024096385543132e-01
9.397590361445784524e-01
5.240963855421685302e-01
3.493975903614461309e-01
2.138554216867465385e-01
6.174698795180724176e-01
4.457831325301206959e-01
8.283132530120482784e-01
6.355421686746987042e-01
1.078313253012048278e+00
1.602409638554217253e+00
8.283132530120482784e-01
7.861445783132525733e-01
8.584337349397594963e-01
2.379518072289155128e-01
6.355421686746991483e-01
5.873493975903611997e-01
6.656626506024094780e-01
4.066265060240965568e-01
5.572289156626508699e-01
5.963855421686741209e-01
9.578313253012047390e-01
9.277108433734939652e-01
5.331325301204818956e-01
5.632530120481931135e-01
1.060240963855421548e+00
4.668674698795181044e-01
1.370481927710843095e+00
6.656626506024099221e-01
7.319277108433737133e-01
5.903614457831318774e-01
1.837349397590362088e-01
1.036144578313253461e+00
1.165662650602409922e+00
8.704819277108430953e-01
5.783132530120482784e-01
1.009036144578312921e+00
6.084337349397590522e-01
2.560240963855421992e+00
3.584337349397590522e-01
1.469879518072289670e+00
4.969879518072284341e-01
5.873493975903611997e-01
8.283132530120482784e-01
9.879518072289155128e-01
5.361445783132534615e-01
1.506024096385542244e+00
1.069277108433734913e+00
1.460843373493975861e+00
5.813253012048189561e-01
4.789156626506025916e-01
9.698795180722887821e-01
6.355421686746991483e-01
2.469879518072284341e-01
1.430722891566265531e+00
2.710843373493974084e-01
1.024096385542168530e+00
4.066265060240965568e-01
5.602409638554215476e-01
7.921686746987957051e-01
7.319277108433732693e-01
1.397590361445783635e+00
5.451807228915654946e-01
8.644578313253017399e-01
4.879518072289155128e-01
1.186746987951807331e+00
4.337349397590362088e-01
0.000000000000000000e+00
5.481927710843370605e-01
4.698795180722892262e-01
6.234939759036146611e-01
4.668674698795181044e-01
8.765060240963853389e-01
1.246987951807228878e+00
8.554216867469879304e-01
4.006024096385543132e-01
1.078313253012048278e+00
9.789156626506025916e-01
5.210843373493974084e-01
7.620481927710844872e-01
4.849397590361448351e-01
1.530120481927710774e+00
8.192771084337353571e-01
2.099397590361445687e+00
6.626506024096388003e-01
3.885542168674698260e-01
8.524096385542163645e-01
1.469879518072289670e+00
4.518072289156624954e-01
3.090361445783132766e+00
4.006024096385543132e-01
5.722891566265060348e-01
4.277108433734939652e-01
8.042168674698793041e-01
3.493975903614456868e-01
9.819277108433741574e-01
3.192771084337349130e-01
1.180722891566264643e+00
9.457831325301206959e-01
3.222891566265060348e-01
6.144578313253012958e-01
2.379518072289155128e-01
2.783132530120481896e+00
1.346385542168675009e+00
9.969879518072284341e-01
1.349397590361445687e+00
9.156626506024090340e-01
6.506024096385543132e-01
5.873493975903620878e-01
1.695783132530119808e+00
2.018072289156626731e+00
4.457831325301198078e-01
6.024096385542172527e-01
1.409638554216867679e+00
6.265060240963853389e-01
1.069277108433735357e+00
9.518072289156629395e-01
4.427710843373491301e-01
9.246987951807232875e-01
4.036144578313249909e-01
4.096385542168676785e-01
0.000000000000000000e+00
1.656626506024094780e-01
1.500000000000000000e+00
1.129518072289156905e+00
7.108433734939763049e-01
4.698795180722887821e-01
5.632530120481931135e-01
5.722891566265060348e-01
6.325301204819275824e-01
3.885542168674698260e-01
9.518072289156629395e-01
8.283132530120482784e-01
2.518072289156625843e+00
1.099397590361446131e+00
3.343373493975896338e-01
1.250000000000000000e+00
7.259036144578310257e-01
1.195783132530120696e+00
4.939759036144577564e-01
1.063253012048193114e+00
6.506024096385538691e-01
8.433734939759034432e-01
1.867469879518072418e+00
1.780120481927710330e+00
9.608433734939758608e-01
7.289156626506021475e-01
7.228915662650603480e-01
4.066265060240965568e-01
7.801204819277103297e-01
1.343373493975904331e+00
6.174698795180728617e-01
7.228915662650594598e-01
8.042168674698801922e-01
1.018072289156625843e+00
9.427710843373491301e-01
7.168674698795181044e-01
1.189759036144578452e+00
3.915662650602409478e-01
2.132530120481928027e+00
5.000000000000000000e-01
1.237951807228915957e+00
4.759036144578310257e-01
1.611445783132530174e+00
2.759036144578313365e+00
2.183734939759036209e+00
1.692771084337349130e+00
2.168674698795181044e-01
3.042168674698793041e-01
6.325301204819280265e-01
4.427710843373491301e-01
5.030120481927706777e-01
5.421686746987957051e-01
7.530120481927706777e-01
2.213855421686747427e+00
4.126506024096383562e-01
1.807228915662650870e+00
4.548192771084336172e-01
3.463855421686745650e-01
2.951807228915659387e-01
7.590361445783138095e-01
5.331325301204818956e-01
3.584337349397586081e-01
5.813253012048198443e-01
3.855421686746991483e-01
4.186746987951801557e-01
1.075301204819277601e+00
1.015060240963855165e+00
2.298192771084337505e+00
1.174698795180723288e+00
5.873493975903611997e-01
6.897590361445784524e-01
4.849397590361448351e-01
9.969879518072293223e-01
1.487951807228915957e+00
4.759036144578310257e-01
5.873493975903611997e-01
6.144578313253017399e-01
1.539156626506023695e+00
3.132530120481931135e-01
9.789156626506025916e-01
9.969879518072293223e-01
1.596385542168672345e-01
1.135542168674698260e+00
5.120481927710844872e-01
5.602409638554215476e-01
8.403614457831327655e-01
7.831325301204818956e-01
7.861445783132525733e-01
1.222891566265059904e+00
7.981927710843379487e-01
1.027108433734939652e+00
2.490963855421686191e+00
9.186746987951810439e-01
1.403614457831325435e+00
6.656626506024094780e-01
1.478915662650602592e+00
7.228915662650607921e-01
1.334337349397589634e+00
1.370481927710843983e+00
1.777108433734939652e+00
8.704819277108439834e-01
9.186746987951805998e-01
3.650602409638555201e+00
5.903614457831327655e-01
1.536144578313252573e+00
1.081325301204819844e+00
1.162650602409638356e+00
6.204819277108439834e-01
8.192771084337344689e-01
7.469879518072293223e-01
6.234939759036137730e-01
9.307228915662655311e-01
3.584337349397586081e-01
1.186746987951807331e+00
1.039156626506024139e+00
1.454819277108433617e+00
1.243975903614457756e+00
5.993975903614456868e-01
1.433734939759036209e+00
2.879518072289156461e+00
8.915662650602405037e-01
3.054216867469880192e+00
3.734939759036142171e-01
1.644578313253012070e+00
1.075301204819276712e+00
4.713855421686748315e+00
9.126506024096383562e-01
5.240963855421689743e-01
4.668674698795181044e-01
5.060240963855422436e-01
1.346385542168675009e+00
9.939759036144568682e-02
7.530120481927715659e-01
4.427710843373491301e-01
1.162650602409638800e+00
9.608433734939758608e-01
6.114457831325306181e-01
1.204819277108433617e+00
4.066265060240956686e-01
6.475903614457836355e-01
1.084337349397590522e+00
1.632530120481927582e+00
1.475903614457831914e-01
1.000000000000000000e+00
1.656626506024094780e-01
1.611445783132530174e+00
6.114457831325301740e-01
3.283132530120482784e-01
3.192771084337344689e-01
5.331325301204818956e-01
6.355421686746991483e-01
8.102409638554215476e-01
2.891566265060241392e-01
1.057228915662650426e+00
4.698795180722887821e-01
1.117469879518072418e+00
7.740963855421689743e-01
4.909638554216861905e-01
1.608433734939759496e+00
1.045180722891565939e+00
8.734939759036146611e-01
0.000000000000000000e+00
8.253012048192767125e-01
1.463855421686747427e+00
1.295180722891566383e+00
5.180722891566262867e-01
6.897590361445784524e-01
9.698795180722896703e-01
9.578313253012042949e-01
9.457831325301202519e-01
1.030120481927711218e+00
0.000000000000000000e+00
6.957831325301206959e-01
2.286144578313252573e+00
2.981927710843370605e-01
8.674698795180724176e-01
7.259036144578310257e-01
1.039156626506024139e+00
3.855421686746987042e-01
3.283132530120482784e-01
5.421686746987948169e-01
1.620481927710843983e+00
1.045180722891566827e+00
3.162650602409637912e-01
7.228915662650603480e-01
6.716867469879517216e-01
7.379518072289155128e-01
6.024096385542172527e-01
1.259036144578312921e+00
2.921686746987952610e-01
4.216867469879517216e-01
6.234939759036146611e-01
5.903614457831327655e-01
4.246987951807223993e-01
3.283132530120482784e-01
9.126506024096388003e-01
2.337349397590361200e+00
6.355421686746987042e-01
7.921686746987948169e-01
8.192771084337353571e-01
8.584337349397594963e-01
6.596385542168672345e-01
1.379518072289156905e+00
7.349397590361448351e-01
1.665662650602409478e+00
1.349397590361445687e+00
1.021084337349397408e+00
1.183734939759036209e+00
2.921686746987948169e-01
6.084337349397590522e-01
1.174698795180723288e+00
3.192771084337344689e-01
7.831325301204827838e-02
6.897590361445784524e-01
9.698795180722896703e-01
2.792168674698794817e+00
5.159638554216867234e+00
5.843373493975905220e-01
1.897590361445784524e-01
3.704819277108430953e-01
6.024096385542172527e-01
4.668674698795181044e-01
3.042168674698793041e-01
1.409638554216867679e+00
1.286144578313252573e+00
1.864457831325300852e+00
7.259036144578319139e-01
4.096385542168676785e-01
1.012048192771084487e+00
2.234939759036143947e+00
7.469879518072284341e-01
8.765060240963862270e-01
6.415662650602405037e-01
9.608433734939758608e-01
8.493975903614456868e-01
1.506024096385542244e+00
4.819277108433732693e-01
4.096385542168676785e-01
1.569277108433735357e+00
1.057228915662649982e+00
1.048192771084337505e+00
5.120481927710844872e-01
1.262048192771083599e+00
5.421686746987952610e-01
4.969879518072284341e-01
1.262048192771084487e+00
1.987951807228913736e-01
9.608433734939754167e-01
8.253012048192776007e-01
9.849397590361448351e-01
1.334337349397590522e+00
1.210843373493975861e+00
8.975903614457831914e-01
5.180722891566267307e-01
1.033132530120481896e+00
3.463855421686750091e-01
2.891566265060241392e-01
4.608433734939758608e-01
1.656626506024094780e-01
7.560240963855422436e-01
6.987951807228913736e-01
1.051204819277108182e+00
1.117469879518072418e+00
6.114457831325301740e-01
1.743975903614457756e+00
3.644578313253017399e-01
9.969879518072284341e-01
1.536144578313254350e-01
7.168674698795181044e-01
4.096385542168672345e-01
2.771084337349396520e-01
8.674698795180724176e-01
6.295180722891569047e-01
1.355421686746982601e-01
1.009036144578313809e+00
8.102409638554215476e-01
7.349397590361443910e-01
5.481927710843370605e-01
9.186746987951810439e-01
4.819277108433732693e-01
3.192771084337344689e-01
1.186746987951807775e+00
7.710843373493974084e-01
1.000000000000000000e+00
5.451807228915663828e-01
1.189759036144578452e+00
6.204819277108430953e-01
3.524096385542168086e-01
1.400602409638554313e+00
3.975903614457836355e-01
7.259036144578310257e-01
2.198795180722892262e-01
5.963855421686745650e-01
4.638554216867474267e-01
1.012048192771083599e+00
2.771084337349405402e-01
2.349397590361448351e-01
8.524096385542168086e-01
1.581325301204818956e+00
7.590361445783129213e-01
3.855421686746991483e-01
9.006024096385543132e-01
8.614457831325301740e-01
9.367469879518073306e-01
8.042168674698793041e-01
4.397590361445784524e-01
1.111445783132530174e+00
6.927710843373491301e-01
6.686746987951810439e-01
5.692771084337344689e-01
9.126506024096388003e-01
1.153614457831325435e+00
2.891566265060241392e-01
1.114457831325300852e+00
2.135542168674699148e+00
1.292168674698794817e+00
1.777108433734939652e-01
7.831325301204818956e-01
4.909638554216870787e-01
9.728915662650603480e-01
1.391566265060240948e+00
9.036144578313249909e-01
5.391566265060236951e-01
1.189759036144578452e+00
6.174698795180724176e-01
8.915662650602405037e-01
5.632530120481931135e-01
8.162650602409637912e-01
6.204819277108430953e-01
2.737951807228915069e+00
7.168674698795181044e-01
1.783132530120481896e+00
5.993975903614456868e-01
3.545180722891566383e+00
9.246987951807232875e-01
1.551204819277107738e+00
8.463855421686745650e-01
3.915662650602413919e-01
4.578313253012042949e-01
2.259036144578319139e-01
9.367469879518068865e-01
1.087349397590361200e+00
0.000000000000000000e+00
1.313253012048192669e+00
3.608433734939759496e+00
8.072289156626508699e-01
5.632530120481931135e-01
4.849397590361439470e-01
8.945783132530120696e-01
2.168674698795181044e-01
3.795180722891569047e-01
9.849397590361439470e-01
3.674698795180724176e-01
1.102409638554217253e+00
3.192771084337349130e-01
9.578313253012051831e-01
7.018072289156620513e-01
4.457831325301206959e-01
9.397590361445780083e-01
7.740963855421689743e-01
3.253012048192767125e-01
6.144578313253017399e-01
8.222891566265055907e-01
9.969879518072293223e-01
4.789156626506025916e-01
3.373493975903611997e-01
3.343373493975905220e-01
9.367469879518068865e-01
4.668674698795181044e-01
8.614457831325301740e-01
5.361445783132530174e-01
9.216867469879517216e-01
1.430722891566264643e+00
6.716867469879517216e-01
6.475903614457827473e-01
1.403614457831325879e+00
4.246987951807228434e-01
5.632530120481931135e-01
1.457831325301204295e+00
4.427710843373495742e-01
9.578313253012042949e-01
1.750000000000000000e+00
2.379518072289156905e+00
1.171686746987952166e+00
7.650602409638551649e-01
6.837349397590362088e-01
1.551204819277108182e+00
1.765060240963855165e+00
5.120481927710844872e-01
7.108433734939758608e-01
4.397590361445784524e-01
9.969879518072284341e-01
4.487951807228913736e-01
7.259036144578310257e-01
6.355421686746991483e-01
4.096385542168672345e-01
2.409638554216870787e-01
5.210843373493974084e-01
9.939759036144577564e-01
7.921686746987957051e-01
8.102409638554219917e-01
1.457831325301204295e+00
3.599397590361446131e+00
6.024096385542172527e-01
2.277108433734939652e+00
1.777108433734944093e-01
8.704819277108430953e-01
3.162650602409637912e-01
1.063253012048193114e+00
7.048192771084345054e-01
3.861445783132529286e+00
1.024096385542163645e-01
7.710843373493982966e-01
1.222891566265059460e+00
1.177710843373493965e+00
2.472891566265060348e+00
9.277108433734948534e-01
9.066265060240956686e-01
1.033132530120481896e+00
1.126506024096385339e+00
7.349397590361448351e-01
7.771084337349396520e-01
3.945783132530120696e-01
6.506024096385543132e-01
8.945783132530120696e-01
7.138554216867474267e-01
6.746987951807232875e-01
8.343373493975896338e-01
3.885542168674707142e-01
2.912650602409637912e+00
4.427710843373500182e-01
4.909638554216861905e-01
1.165662650602410366e+00
1.656626506024096557e+00
8.795180722891569047e-01
8.192771084337344689e-01
0.000000000000000000e+00
2.530120481927706777e-01
1.987951807228915513e+00
0.000000000000000000e+00
1.171686746987951722e+00
7.500000000000000000e-01
1.957831325301204295e+00
6.716867469879526098e-01
3.795180722891560166e-01
9.457831325301206959e-01
1.228915662650601703e+00
2.388554216867469826e+00
3.825301204819284706e-01
1.036144578313252573e+00
1.545180722891566383e+00
6.686746987951810439e-01
6.837349397590362088e-01
1.789156626506024139e+00
1.177710843373493965e+00
5.451807228915663828e-01
1.054216867469879304e+00
8.734939759036146611e-01
5.240963855421689743e-01
4.487951807228913736e-01
4.608433734939758608e-01
4.246987951807223993e-01
5.753012048192776007e-01
5.903614457831318774e-01
3.614457831325301740e-01
1.231927710843373269e+00
4.518072289156629395e-01
8.644578313253008517e-01
1.849397590361446575e+00
2.798192771084337949e+00
8.825301204819275824e-01
2.671686746987951722e+00
9.277108433734939652e-01
3.240963855421686191e+00
1.331325301204819844e+00
6.686746987951801557e-01
9.457831325301206959e-01
6.385542168674698260e-01
4.036144578313249909e-01
7.981927710843370605e-01
1.222891566265060348e+00
1.858433734939758608e+00
6.596385542168672345e-01
1.283132530120481896e+00
9.608433734939758608e-01
1.328313253012048278e+00
1.542168674698795705e+00
3.915662650602405037e-01
5.180722891566258426e-01
7.379518072289164010e-01
5.421686746987948169e-01
3.253012048192767125e-01
2.891566265060241392e-01
3.015060240963855165e+00
4.337349397590362088e-01
3.355421686746987930e+00
0.000000000000000000e+00
2.147590361445782747e+00
8.915662650602413919e-01
1.033132530120481896e+00
7.469879518072284341e-01
1.075301204819277601e+00
8.283132530120482784e-01
6.777108433734939652e-01
2.861445783132534615e-01
1.222891566265060348e+00
1.876506024096385339e+00
1.159638554216868123e+00
5.481927710843370605e-01
1.141566265060241392e+00
1.021084337349397408e+00
1.243975903614457756e+00
1.515060240963855165e+00
3.105421686746987930e+00
1.189759036144577564e+00
1.265060240963856053e+00
7.228915662650603480e-01
1.265060240963855165e+00
1.283132530120481896e+00
8.343373493975905220e-01
1.837349397590362088e-01
8.765060240963862270e-01
4.578313253012042949e-01
8.614457831325292858e-01
7.921686746987957051e-01
1.171686746987952610e+00
3.855421686746991483e-01
2.981927710843370605e-01
1.036144578313253461e+00
6.325301204819275824e-01
1.602409638554216365e+00
5.030120481927715659e-01
6.897590361445784524e-01
1.777108433734939652e+00
1.012048192771084487e+00
9.186746987951801557e-01
1.000000000000000000e+00
5.451807228915663828e-01
1.081325301204819844e+00
1.445783132530119808e+00
0.000000000000000000e+00
9.216867469879517216e-01
1.864457831325300852e+00
2.108433734939759496e+00
6.987951807228913736e-01
2.668674698795181044e+00
9.759036144578310257e-01
3.493975903614456868e-01
1.099397590361445687e+00
2.861445783132525733e-01
1.894578313253012070e+00
1.506024096385542244e+00
7.831325301204818956e-01
7.530120481927706777e-01
5.331325301204818956e-01
5.030120481927706777e-01
1.584337349397590522e+00
1.237951807228915513e+00
6.385542168674698260e-01
2.409638554216867234e+00
2.909638554216868123e+00
6.867469879518077747e-01
7.951807228915654946e-01
