6.265060240963853389e-01
8.102409638554215476e-01
7.680722891566258426e-01
1.566265060240965568e-01
4.728915662650603480e-01
2.012048192771084487e+00
4.668674698795181044e-01
6.204819277108430953e-01
7.530120481927715659e-01
7.168674698795172162e-01
2.771084337349396520e-01
6.566265060240965568e-01
6.265060240963853389e-01
2.114457831325301740e+00
3.162650602409637912e-01
7.530120481927706777e-01
5.873493975903620878e-01
5.602409638554215476e-01
1.307228915662649982e+00
4.701807228915662940e+00
1.198795180722891374e+00
4.849397590361448351e-01
5.783132530120482784e-01
1.295180722891565495e+00
7.500000000000000000e-01
8.192771084337353571e-01
8.343373493975905220e-01
5.090361445783138095e-01
3.644578313252999635e-01
7.078313253012042949e-01
2.442771084337350018e+00
3.855421686746991483e-01
1.063253012048192225e+00
1.777108433734948534e-01
6.957831325301198078e-01
1.701807228915662051e+00
1.415662650602409478e+00
5.813253012048198443e-01
1.626506024096384451e+00
1.891566265060241392e+00
2.740963855421689743e-01
5.602409638554206595e-01
9.668674698795189926e-01
5.072289156626506035e+00
8.162650602409637912e-01
1.957831325301206959e-01
5.602409638554215476e-01
5.150602409638551649e-01
2.078313253012051831e-01
4.698795180722896703e-01
1.234939759036137730e-01
7.379518072289155128e-01
3.963855421686746539e+00
4.608433734939758608e-01
2.454819277108434505e+00
9.939759036144568682e-01
6.295180722891569047e-01
5.120481927710844872e-01
2.530120481927706777e-01
8.463855421686758973e-01
8.132530120481895608e-02
8.313253012048189561e-01
9.216867469879517216e-01
6.144578313253008517e-01
3.313253012048198443e-01
9.879518072289146247e-01
9.036144578313258791e-01
1.442771084337350018e+00
2.620481927710844872e-01
6.897590361445784524e-01
1.768072289156625843e+00
1.000000000000000000e+00
6.385542168674698260e-01
1.129518072289156017e+00
5.692771084337362453e-01
7.981927710843379487e-01
4.638554216867465385e-01
8.283132530120482784e-01
4.487951807228913736e-01
6.867469879518068865e-01
1.192771084337349130e+00
1.301204819277108626e+00
9.728915662650603480e-01
1.045180722891566383e+00
1.027108433734939652e+00
2.590361445783138095e-01
8.162650602409637912e-01
3.918674698795181044e+00
3.945783132530120696e-01
4.427710843373491301e-01
7.590361445783138095e-01
6.445783132530111814e-01
4.246987951807241757e-01
4.487951807228913736e-01
6.445783132530120696e-01
1.159638554216867234e+00
1.207831325301204295e+00
7.078313253012051831e-01
1.376506024096385339e+00
1.087349397590362088e+00
5.632530120481922253e-01
7.168674698795181044e-01
3.765060240963853389e-01
6.536144578313249909e-01
6.626506024096396885e-01
1.069277108433735357e+00
4.006024096385534250e-01
1.090361445783133654e+00
3.765060240963844507e-01
4.518072289156638277e-01
9.728915662650603480e-01
1.334337349397591410e+00
1.346385542168674121e+00
2.045180722891566383e+00
2.771084337349396520e-01
1.186746987951806886e+00
9.277108433734939652e-01
5.361445783132534615e-01
5.632530120481931135e-01
4.337349397590362088e-01
4.638554216867465385e-01
1.138554216867468938e+00
1.644578313253012070e+00
8.975903614457827473e-01
1.716867469879517216e-01
1.313253012048193114e+00
4.277108433734939652e-01
8.584337349397594963e-01
1.358433734939758608e+00
5.753012048192776007e-01
2.861445783132525733e-01
7.018072289156629395e-01
3.945783132530120696e-01
1.075301204819276712e+00
1.000000000000000000e+00
8.162650602409637912e-01
3.072289156626508699e-01
3.915662650602405037e-01
8.584337349397594963e-01
4.638554216867465385e-01
8.524096385542172527e-01
2.174698795180722399e+00
3.945783132530120696e-01
6.716867469879517216e-01
7.228915662650603480e-02
6.265060240963853389e-01
1.373493975903615549e+00
1.078313253012046502e+00
8.644578313253008517e-01
1.740963855421686191e+00
2.831325301204827838e-01
1.442771084337348242e+00
1.108433734939758608e+00
7.801204819277112179e-01
6.927710843373446892e-02
8.433734939759034432e-01
6.054216867469879304e-01
1.030120481927711218e+00
5.000000000000000000e-01
9.518072289156620513e-01
1.626506024096386227e+00
9.216867469879517216e-01
1.415662650602410366e+00
5.150602409638551649e-01
8.463855421686741209e-01
8.373493975903620878e-01
1.388554216867468938e+00
8.584337349397603845e-01
4.189759036144578452e+00
4.277108433734939652e-01
8.463855421686750091e-01
8.373493975903611997e-01
6.415662650602413919e-01
9.307228915662655311e-01
1.153614457831324991e+00
1.066265060240964679e+00
7.018072289156620513e-01
1.066265060240963791e+00
4.246987951807232875e-01
1.165662650602409478e+00
7.891566265060241392e-01
3.463855421686741209e-01
5.662650602409637912e-01
7.560240963855422436e-01
5.933734939759034432e-01
3.367469879518072418e+00
1.156626506024096557e+00
4.156626506024094780e-01
1.039156626506024139e+00
4.096385542168672345e-01
1.036144578313252573e+00
1.415662650602413919e-01
7.981927710843370605e-01
1.355421686746982601e-01
5.572289156626517581e-01
4.307228915662637547e-01
8.584337349397594963e-01
5.662650602409637912e-01
5.843373493975905220e-01
1.533132530120481007e+00
5.271084337349396520e-01
1.000000000000000000e+00
2.349397590361439470e-01
3.524096385542172527e-01
3.493975903614465750e-01
6.867469879518068865e-01
3.042168674698793041e-01
2.292168674698795705e+00
8.614457831325292858e-01
4.066265060240965568e-01
4.518072289156629395e-01
7.680722891566267307e-01
3.283132530120473902e-01
8.072289156626517581e-01
1.183734939759036209e+00
4.487951807228913736e-01
2.560240963855422436e-01
3.313253012048189561e-01
5.000000000000000000e-01
5.421686746987957051e-01
5.000000000000000000e-01
6.867469879518068865e-01
2.560240963855422436e-01
1.487951807228915513e+00
1.325301204819284706e-01
1.222891566265060348e+00
1.123493975903614661e+00
1.198795180722891374e+00
1.274096385542168974e+00
1.262048192771084487e+00
2.298192771084337060e+00
8.072289156626499818e-01
8.885542168674698260e-01
1.033132530120481896e+00
5.813253012048189561e-01
7.771084337349396520e-01
9.397590361445784524e-01
1.626506024096385339e+00
2.740963855421680861e-01
1.006024096385542244e+00
5.512048192771077382e-01
7.108433734939776372e-01
1.198795180722891374e+00
5.933734939759034432e-01
6.987951807228913736e-01
4.608433734939758608e-01
1.370481927710843095e+00
2.765060240963855165e+00
1.849397590361446575e+00
4.337349397590362088e-01
6.867469879518077747e-01
3.765060240963853389e-01
2.168674698795181044e-01
8.855421686746991483e-01
1.987951807228913736e-01
9.096385542168672345e-01
8.162650602409637912e-01
2.530120481927706777e-01
8.072289156626508699e-01
1.105421686746987930e+00
1.969879518072288782e+00
1.635542168674700036e+00
2.951807228915663828e-01
1.054216867469879304e+00
8.584337349397594963e-01
3.734939759036137730e-01
8.674698795180724176e-01
6.987951807228922618e-01
2.430722891566264643e+00
3.222891566265060348e-01
1.334337349397590522e+00
7.469879518072284341e-01
6.415662650602413919e-01
1.298192771084337949e+00
2.063253012048192225e+00
6.325301204819275824e-01
3.493975903614456868e-01
3.765060240963853389e-01
2.439759036144577564e-01
8.795180722891560166e-01
5.030120481927724541e-01
8.644578313253017399e-01
1.262048192771084487e+00
1.102409638554215476e+00
1.867469879518071529e+00
9.638554216867465385e-01
6.144578313253008517e-01
4.789156626506025916e-01
5.873493975903620878e-01
6.897590361445784524e-01
6.506024096385534250e-01
7.259036144578319139e-01
1.253012048192770678e+00
1.162650602409639689e+00
1.596385542168675009e+00
3.554216867469870422e-01
8.644578313253017399e-01
5.421686746987957051e-01
8.584337349397586081e-01
2.951807228915663828e-01
7.650602409638551649e-01
6.957831325301206959e-01
1.749999999999999112e+00
2.993975903614458645e+00
4.759036144578319139e-01
5.692771084337344689e-01
1.012048192771084487e+00
4.789156626506017034e-01
1.969879518072289670e+00
7.018072289156620513e-01
4.216867469879526098e-01
7.409638554216870787e-01
6.054216867469879304e-01
1.204819277108432729e+00
1.207831325301205183e+00
6.415662650602413919e-01
7.500000000000000000e-01
6.445783132530120696e-01
1.870481927710843983e+00
1.746987951807227546e+00
2.620481927710844872e-01
2.695783132530119808e+00
9.849397590361439470e-01
4.397590361445784524e-01
4.759036144578310257e-01
1.716867469879517216e-01
1.280120481927712106e+00
1.180722891566265531e+00
0.000000000000000000e+00
3.343373493975896338e-01
4.457831325301206959e-01
7.801204819277112179e-01
1.280120481927710330e+00
5.150602409638551649e-01
7.469879518072293223e-01
7.078313253012042949e-01
6.506024096385552014e-01
3.975903614457827473e-01
6.626506024096388003e-01
8.343373493975905220e-01
8.102409638554215476e-01
4.126506024096379122e-01
7.740963855421689743e-01
2.346385542168674121e+00
9.427710843373500182e-01
1.177710843373493965e+00
2.882530120481928471e+00
8.433734939759034432e-01
9.518072289156629395e-01
5.210843373493965203e-01
7.168674698795189926e-01
1.099397590361445687e+00
4.909638554216870787e-01
1.867469879518071529e+00
1.506024096385543132e-01
5.030120481927706777e-01
6.656626506024094780e-01
2.620481927710844872e-01
6.656626506024103662e-01
1.584337349397589634e+00
7.861445783132534615e-01
1.147590361445782747e+00
7.198795180722896703e-01
8.373493975903603115e-01
7.469879518072284341e-01
9.457831325301206959e-01
9.337349397590362088e-01
6.295180722891569047e-01
6.355421686746991483e-01
9.638554216867465385e-01
3.463855421686741209e-01
1.427710843373494853e+00
2.921686746987948169e-01
1.626506024096386227e+00
7.560240963855413554e-01
7.620481927710844872e-01
8.313253012048189561e-01
6.054216867469879304e-01
1.496987951807229322e+00
1.921686746987951722e+00
5.783132530120482784e-01
1.638554216867470714e+00
2.861445783132525733e-01
5.692771084337353571e-01
8.042168674698801922e-01
7.530120481927706777e-01
7.048192771084327291e-01
3.975903614457836355e-01
9.608433734939758608e-01
1.364457831325301740e+00
1.557228915662649982e+00
7.409638554216861905e-01
2.921686746987957051e-01
1.364457831325300852e+00
1.000000000000000000e+00
9.246987951807232875e-01
1.201807228915662940e+00
3.253012048192758243e-01
3.674698795180724176e-01
4.789156626506025916e-01
1.746987951807223993e-01
3.373493975903611997e-01
5.240963855421689743e-01
5.722891566265060348e-01
5.783132530120482784e-01
6.415662650602413919e-01
5.843373493975905220e-01
6.656626506024094780e-01
5.753012048192767125e-01
5.331325301204827838e-01
1.496987951807229322e+00
2.572289156626505147e+00
1.225903614457832802e+00
6.656626506024094780e-01
5.000000000000000000e-01
1.566265060240965568e-01
3.623493975903614661e+00
5.903614457831318774e-01
1.424698795180722399e+00
7.018072289156638277e-01
3.539156626506025027e+00
2.277108433734939652e+00
1.355421686746987930e+00
2.650602409638551649e-01
8.734939759036146611e-01
6.295180722891560166e-01
8.493975903614465750e-01
5.572289156626499818e-01
9.367469879518077747e-01
6.114457831325301740e-01
7.018072289156620513e-01
4.006024096385552014e-01
4.427710843373482419e-01
6.656626506024094780e-01
7.861445783132534615e-01
4.337349397590362088e-01
1.340361445783132766e+00
4.186746987951810439e-01
6.204819277108430953e-01
3.231927710843373269e+00
3.493975903614456868e-01
6.927710843373491301e-01
6.927710843373500182e-01
1.762048192771084487e+00
7.469879518072293223e-01
8.012048192771086264e-01
5.180722891566258426e-01
7.319277108433741574e-01
8.614457831325301740e-01
6.777108433734939652e-01
1.234939759036146611e-01
4.909638554216861905e-01
4.096385542168672345e-01
8.373493975903620878e-01
1.656626506024094780e-01
1.000000000000000000e+00
6.355421686746982601e-01
3.945783132530120696e-01
5.240963855421689743e-01
7.891566265060241392e-01
4.216867469879517216e-01
1.301204819277108626e+00
5.271084337349396520e-01
4.367469879518068865e-01
8.674698795180724176e-01
6.957831325301206959e-01
1.277108433734939652e+00
7.981927710843370605e-01
1.024096385542168974e+00
1.325301204819275824e-01
7.138554216867465385e-01
1.174698795180723288e+00
1.831325301204818956e+00
1.268072289156626731e+00
5.993975903614465750e-01
1.087349397590360311e+00
7.710843373493974084e-01
1.743975903614457756e+00
1.246987951807229322e+00
7.439759036144577564e-01
3.795180722891569047e-01
7.861445783132525733e-01
7.138554216867483149e-01
7.620481927710827108e-01
3.313253012048189561e-01
1.123493975903614661e+00
2.259036144578310257e-01
4.277108433734948534e-01
8.132530120481913372e-01
3.704819277108439834e-01
6.415662650602405037e-01
5.813253012048198443e-01
5.903614457831327655e-01
4.397590361445775642e-01
6.897590361445775642e-01
1.222891566265060348e+00
8.493975903614447986e-01
9.759036144578328020e-01
4.084337349397590522e+00
1.189759036144578452e+00
2.042168674698794817e+00
8.102409638554215476e-01
4.759036144578310257e-01
1.346385542168675009e+00
1.307228915662649982e+00
1.222891566265060348e+00
5.512048192771086264e-01
3.632530120481927582e+00
4.789156626506017034e-01
5.451807228915663828e-01
1.084337349397589634e+00
3.012048192771086264e-01
9.578313253012051831e-01
2.801204819277112179e-01
2.728915662650601703e+00
3.795180722891569047e-01
1.256024096385542244e+00
1.837349397590362088e-01
4.036144578313258791e-01
7.891566265060241392e-01
6.716867469879517216e-01
1.584337349397591410e+00
1.506024096385534250e-01
1.548192771084337949e+00
4.548192771084336172e-01
1.180722891566265531e+00
4.668674698795172162e-01
4.909638554216861905e-01
9.126506024096396885e-01
9.216867469879517216e-01
2.611445783132529286e+00
6.144578313253017399e-01
1.539156626506024139e+00
0.000000000000000000e+00
3.692771084337349130e+00
2.271084337349396520e+00
1.084337349397591410e+00
9.819277108433732693e-01
3.283132530120482784e-01
1.274096385542168086e+00
4.819277108433794865e-02
2.762048192771084487e+00
1.036144578313252573e+00
2.159638554216867234e+00
3.734939759036146611e-01
8.192771084337353571e-01
6.234939759036146611e-01
2.108433734939758608e-01
6.566265060240965568e-01
2.921686746987948169e-01
5.361445783132534615e-01
5.090361445783129213e-01
5.210843373493974084e-01
8.253012048192776007e-01
8.192771084337344689e-01
3.584337349397594963e-01
4.487951807228913736e-01
3.825301204819275824e-01
8.072289156626499818e-01
4.849397590361439470e-01
8.825301204819284706e-01
5.271084337349396520e-01
5.180722891566258426e-01
1.325301204819277601e+00
7.891566265060241392e-01
1.078313253012047390e+00
4.487951807228913736e-01
7.951807228915672709e-01
6.265060240963862270e-01
4.900602409638554313e+00
1.629518072289156905e+00
7.198795180722896703e-01
1.174698795180722399e+00
8.674698795180724176e-01
6.445783132530120696e-01
5.512048192771086264e-01
5.361445783132534615e-01
1.397590361445782747e+00
1.695783132530121584e+00
6.144578313253008517e-01
0.000000000000000000e+00
1.234939759036144835e+00
6.385542168674707142e-01
1.430722891566263755e+00
4.608433734939758608e-01
6.867469879518077747e-01
1.566265060240956686e-01
5.753012048192767125e-01
6.024096385542172527e-01
7.289156626506034797e-01
5.240963855421680861e-01
4.307228915662655311e-01
5.120481927710835990e-01
9.096385542168672345e-01
3.433734939759052196e-01
3.674698795180715294e-01
3.945783132530120696e-01
7.861445783132534615e-01
8.012048192771086264e-01
6.686746987951810439e-01
6.536144578313258791e-01
5.240963855421680861e-01
8.042168674698793041e-01
4.277108433734948534e-01
4.216867469879517216e-01
6.626506024096388003e-01
7.650602409638542767e-01
5.722891566265069230e-01
5.512048192771086264e-01
8.795180722891569047e-01
2.228915662650594598e-01
1.924698795180722399e+00
4.246987951807232875e-01
4.608433734939758608e-01
8.524096385542163645e-01
8.132530120481931135e-01
9.578313253012042949e-01
2.500000000000000000e-01
6.837349397590362088e-01
7.289156626506017034e-01
1.216867469879518104e+00
8.795180722891569047e-01
6.536144578313258791e-01
2.358433734939758608e+00
0.000000000000000000e+00
3.463855421686750091e-01
1.942771084337349130e+00
1.493975903614458645e+00
8.433734939759043314e-01
1.039156626506023251e+00
1.277108433734939652e+00
3.105421686746987042e+00
7.740963855421689743e-01
3.463855421686750091e-01
7.469879518072293223e-01
2.774096385542167198e+00
7.620481927710844872e-01
3.885542168674698260e-01
1.189759036144578452e+00
1.123493975903613773e+00
1.039156626506024139e+00
9.307228915662646429e-01
1.090361445783132766e+00
1.361445783132530174e+00
4.518072289156629395e-01
1.234939759036144835e+00
1.927710843373494853e+00
1.135542168674698260e+00
1.626506024096379122e-01
3.915662650602413919e-01
7.198795180722887821e-01
2.620481927710844872e-01
4.367469879518068865e-01
3.042168674698793041e-01
5.271084337349396520e-01
1.864457831325300852e+00
9.006024096385552014e-01
1.792168674698794817e+00
2.518072289156625843e+00
5.963855421686750091e-01
3.253012048192767125e-01
3.433734939759035321e+00
9.066265060240965568e-01
4.548192771084327291e-01
5.120481927710844872e-01
6.204819277108430953e-01
9.156626506024094780e-01
7.289156626506017034e-01
8.734939759036155493e-01
2.563253012048192225e+00
1.506024096385543132e-01
9.638554216867465385e-01
9.668674698795181044e-01
9.849397590361448351e-01
9.216867469879517216e-01
1.117469879518071529e+00
1.006024096385543132e+00
6.054216867469879304e-01
5.602409638554215476e-01
3.945783132530120696e-01
4.638554216867465385e-01
4.186746987951810439e-01
3.825301204819284706e-01
7.439759036144577564e-01
3.433734939759025551e-01
1.051204819277108626e+00
6.385542168674698260e-01
5.331325301204818956e-01
7.801204819277103297e-01
4.186746987951810439e-01
8.253012048192776007e-01
6.626506024096388003e-01
9.548192771084345054e-01
9.849397590361430588e-01
1.295180722891569047e-01
1.213855421686746539e+00
2.171686746987951722e+00
2.421686746987950833e+00
2.409638554216808615e-02
5.060240963855422436e-01
1.018072289156625843e+00
2.560240963855431318e-01
3.373493975903620878e-01
3.162650602409637912e-01
1.605421686746987930e+00
2.231927710843374157e+00
4.457831325301198078e-01
6.144578313253017399e-01
1.650602409638553425e+00
7.740963855421689743e-01
1.608433734939759496e+00
4.759036144578319139e-01
5.512048192771086264e-01
1.090361445783132766e+00
4.909638554216861905e-01
1.259036144578312921e+00
1.216867469879518104e+00
4.006024096385543132e-01
0.000000000000000000e+00
1.144578313253012070e+00
1.222891566265059460e+00
6.837349397590362088e-01
1.837349397590360311e+00
1.069277108433735357e+00
7.198795180722896703e-01
1.042168674698794817e+00
1.262048192771084487e+00
1.403614457831325879e+00
6.746987951807232875e-01
1.500000000000000888e+00
5.361445783132516851e-01
1.268072289156626731e+00
8.795180722891569047e-01
1.611445783132529286e+00
4.698795180722896703e-01
6.234939759036137730e-01
8.614457831325310622e-01
4.909638554216861905e-01
7.018072289156620513e-01
1.975903614457831914e+00
5.813253012048189561e-01
5.572289156626508699e-01
5.301204819277112179e-01
7.680722891566258426e-01
8.403614457831327655e-01
4.397590361445784524e-01
6.445783132530120696e-01
5.240963855421689743e-01
1.237951807228916401e+00
6.144578313253017399e-01
9.759036144578310257e-01
1.810240963855422436e+00
3.222891566265051466e-01
0.000000000000000000e+00
7.289156626506025916e-01
1.957831325301198078e-01
6.144578313253008517e-01
5.903614457831327655e-01
1.430722891566265531e+00
3.271084337349396520e+00
1.599397590361445687e+00
8.343373493975896338e-01
4.969879518072293223e-01
4.096385542168672345e-01
9.728915662650594598e-01
2.777108433734939652e+00
4.156626506024094780e-01
4.246987951807232875e-01
1.120481927710843095e+00
4.728915662650603480e-01
4.277108433734939652e-01
8.524096385542163645e-01
5.331325301204827838e-01
6.987951807228913736e-01
1.406626506024096557e+00
1.259036144578313809e+00
5.060240963855422436e-01
1.358433734939758608e+00
7.048192771084345054e-01
7.228915662650603480e-01
5.692771084337353571e-01
1.406626506024096557e+00
6.596385542168672345e-01
1.183734939759036209e+00
7.861445783132534615e-01
9.608433734939758608e-01
3.704819277108439834e-01
1.048192771084336172e+00
1.060240963855421548e+00
4.246987951807223993e-01
1.783132530120482784e+00
5.361445783132525733e-01
9.518072289156629395e-01
7.078313253012051831e-01
8.403614457831327655e-01
6.445783132530120696e-01
9.638554216867474267e-01
1.825301204819275824e+00
7.168674698795181044e-01
2.620481927710844872e-01
4.909638554216861905e-01
6.114457831325310622e-01
7.349397590361448351e-01
4.216867469879517216e-01
2.951807228915654946e-01
1.180722891566265531e+00
5.542168674698793041e-01
5.662650602409637912e-01
1.539156626506024139e+00
7.740963855421689743e-01
4.457831325301206959e-01
3.072289156626499818e-01
8.614457831325301740e-01
4.397590361445793405e-01
5.120481927710827108e-01
1.322289156626506035e+00
9.277108433734948534e-01
7.289156626506025916e-01
1.539156626506025027e+00
3.132530120481922253e-01
8.674698795180724176e-01
2.939759036144579341e+00
1.454819277108434505e+00
3.855421686746982601e-01
4.608433734939758608e-01
1.716867469879517216e-01
9.126506024096388003e-01
1.153614457831324103e+00
7.439759036144586446e-01
1.132530120481926694e+00
2.301204819277108626e+00
8.975903614457827473e-01
1.367469879518073306e+00
8.343373493975905220e-01
1.756024096385542244e+00
6.506024096385543132e-01
2.072289156626506035e+00
2.075301204819276712e+00
2.780120481927712106e+00
8.674698795180715294e-01
8.975903614457836355e-01
3.343373493975896338e-01
1.725903614457832802e+00
8.945783132530120696e-01
2.499999999999991118e-01
1.888554216867470714e+00
4.593373493975903443e+00
3.915662650602405037e-01
3.614457831325301740e-01
1.060240963855421548e+00
2.771084337349396520e-01
6.897590361445793405e-01
1.400602409638554313e+00
1.975903614457831026e+00
1.081325301204818956e+00
1.448795180722891374e+00
1.126506024096386227e+00
7.409638554216861905e-01
0.000000000000000000e+00
3.975903614457827473e-01
4.939759036144577564e-01
6.867469879518068865e-01
1.307228915662651758e+00
5.210843373493974084e-01
1.165662650602408590e+00
1.795180722891567271e+00
1.463855421686747427e+00
5.090361445783138095e-01
3.915662650602396155e-01
1.319277108433735357e+00
3.617469879518072418e+00
1.695783132530120696e+00
1.777108433734939652e+00
1.487951807228915513e+00
7.560240963855431318e-01
1.409638554216866346e+00
1.126506024096386227e+00
1.328313253012049167e+00
2.460843373493975861e+00
7.650602409638560530e-01
1.192771084337350018e+00
1.798192771084336172e+00
3.885542168674698260e-01
9.638554216867465385e-01
2.500000000000000000e-01
8.554216867469879304e-01
1.069277108433734469e+00
1.213855421686746539e+00
4.518072289156620513e-01
9.698795180722887821e-01
2.801204819277121061e-01
5.722891566265051466e-01
2.186746987951806886e+00
1.608433734939759496e+00
4.126506024096379122e-01
6.927710843373491301e-01
6.475903614457827473e-01
1.039156626506024139e+00
7.680722891566267307e-01
6.626506024096388003e-01
2.560240963855413554e-01
3.524096385542172527e-01
3.144578313253012070e+00
1.015060240963854277e+00
1.102409638554217253e+00
1.557228915662649982e+00
0.000000000000000000e+00
1.057228915662650870e+00
1.310240963855422436e+00
8.915662650602413919e-01
1.563253012048193114e+00
6.807228915662646429e-01
9.789156626506017034e-01
8.825301204819293588e-01
4.006024096385543132e-01
7.018072289156620513e-01
3.584337349397603845e-01
7.710843373493965203e-01
8.162650602409637912e-01
1.737951807228915513e+00
2.530120481927706777e-01
5.361445783132534615e-01
5.391566265060241392e-01
4.337349397590362088e-01
1.054216867469879304e+00
1.888554216867469826e+00
2.120481927710843095e+00
1.343373493975903443e+00
3.734939759036137730e-01
1.015060240963856941e+00
3.373493975903620878e-01
2.090361445783132766e+00
1.027108433734940540e+00
8.343373493975896338e-01
9.849397590361448351e-01
6.024096385542172527e-01
4.367469879518068865e-01
1.204819277108432729e+00
4.096385542168672345e-01
5.451807228915672709e-01
6.626506024096379122e-01
1.885542168674700036e+00
1.156626506024096557e+00
1.367469879518072418e+00
3.343373493975905220e-01
1.021084337349398297e+00
1.054216867469879304e+00
7.590361445783138095e-01
5.361445783132516851e-01
7.560240963855431318e-01
2.653614457831324991e+00
7.500000000000000000e-01
3.277108433734939652e+00
8.072289156626517581e-01
2.024096385542167198e+00
5.993975903614447986e-01
8.493975903614465750e-01
1.743975903614458645e+00
3.524096385542172527e-01
4.337349397590362088e-01
1.765060240963855165e+00
1.695783132530120696e+00
1.286144578313253461e+00
8.132530120481931135e-01
1.225903614457831914e+00
1.984939759036144835e+00
2.228915662650603480e-01
9.397590361445784524e-01
8.283132530120482784e-01
2.762048192771085375e+00
2.060240963855421548e+00
1.987951807228916401e+00
8.373493975903620878e-01
7.228915662650603480e-01
6.204819277108439834e-01
1.313253012048193114e+00
1.310240963855422436e+00
6.415662650602413919e-01
7.891566265060241392e-01
3.668674698795180156e+00
3.855421686746982601e-01
1.000000000000000000e+00
1.216867469879518993e+00
8.132530120481931135e-01
7.500000000000000000e-01
4.728915662650585716e-01
9.126506024096396885e-01
1.268072289156625843e+00
1.114457831325299964e+00
9.096385542168672345e-01
1.063253012048193114e+00
1.746987951807229322e+00
1.337349397590360311e+00
1.078313253012048278e+00
1.484939759036143059e+00
1.144578313253012070e+00
1.301204819277108626e+00
4.096385542168672345e-01
8.825301204819275824e-01
1.060240963855422436e+00
2.060240963855420659e+00
7.319277108433741574e-01
7.078313253012051831e-01
6.626506024096379122e-01
1.256024096385543132e+00
6.957831325301206959e-01
