1.102272727272726627e+00
7.585227272727266268e-01
6.619318181818201197e-01
1.076704545454543194e+00
5.795454545454532536e-01
1.428977272727273373e+00
5.000000000000000000e-01
1.369318181818179880e+00
1.616477272727273373e+00
8.863636363636366866e-01
1.025568181818183433e+00
1.411931818181820120e+00
1.522727272727269821e+00
9.403409090909100598e-01
6.164772727272733732e-01
1.764204545454543194e+00
2.613636363636366866e-01
1.036931818181820120e+00
1.258522727272726627e+00
9.204545454545431937e-01
5.795454545454568063e-01
1.502840909090906507e+00
1.190340909090910060e+00
8.892045454545467464e-01
1.278409090909089940e+00
6.306818181818165669e-01
4.744318181818201197e-01
8.551136363636366866e-01
1.525568181818179880e+00
6.562500000000000000e-01
1.000000000000000000e+00
1.926136363636363313e+00
1.068181818181820120e+00
9.715909090909100598e-01
1.250000000000000000e+00
9.545454545454568063e-01
6.022727272727266268e-01
1.247159090909089940e+00
6.363636363636366866e-01
2.000000000000000000e+00
6.534090909090899402e-01
5.397727272727266268e-01
1.286931818181816567e+00
9.204545454545467464e-01
1.315340909090906507e+00
1.482954545454546746e+00
6.193181818181834331e-01
3.522727272727266268e-01
1.531250000000000000e+00
6.306818181818201197e-01
9.971590909090899402e-01
1.011363636363636687e+00
9.545454545454532536e-01
1.022727272727273373e+00
7.301136363636366866e-01
1.093750000000000000e+00
1.076704545454543194e+00
8.352272727272698205e-01
8.778409090909100598e-01
1.161931818181820120e+00
3.323863636363633134e-01
6.562500000000000000e-01
1.005681818181820120e+00
1.204545454545453254e+00
1.090909090909089940e+00
7.272727272727266268e-01
1.142045454545456806e+00
2.840909090909065071e-01
1.284090909090910060e+00
9.659090909090899402e-01
9.261363636363633134e-01
1.411931818181820120e+00
7.784090909090934929e-01
3.238636363636366866e-01
1.437500000000000000e+00
1.071022727272726627e+00
8.238636363636366866e-01
8.153409090909100598e-01
1.303977272727273373e+00
1.343750000000000000e+00
1.610795454545453254e+00
2.252840909090910060e+00
1.764204545454543194e+00
1.798295454545456806e+00
1.045454545454546746e+00
9.119318181818165669e-01
1.079545454545456806e+00
2.840909090909100598e-01
1.633522727272726627e+00
1.167613636363636687e+00
2.116477272727273373e+00
7.329545454545431937e-01
1.031250000000000000e+00
1.579545454545453254e+00
9.431818181818165669e-01
6.051136363636366866e-01
1.690340909090910060e+00
1.250000000000000000e+00
5.511363636363633134e-01
9.147727272727266268e-01
1.204545454545456806e+00
1.272727272727269821e+00
9.431818181818165669e-01
8.267045454545467464e-01
9.715909090909100598e-01
1.252840909090906507e+00
8.068181818181834331e-01
1.096590909090910060e+00
1.676136363636366866e-01
2.136363636363636687e+00
1.332386363636363313e+00
8.494318181818201197e-01
1.872159090909089940e+00
6.960227272727266268e-01
1.187500000000000000e+00
1.076704545454546746e+00
1.900568181818179880e+00
5.738636363636366866e-01
1.786931818181820120e+00
1.071022727272730179e+00
1.511363636363633134e+00
1.605113636363636687e+00
5.994318181818201197e-01
1.130681818181816567e+00
5.511363636363633134e-01
1.903409090909100598e-01
8.863636363636366866e-01
1.079545454545453254e+00
6.079545454545467464e-01
8.778409090909100598e-01
8.579545454545431937e-01
1.022727272727269821e+00
8.409090909090934929e-01
5.340909090909065071e-01
1.321022727272730179e+00
5.426136363636366866e-01
1.309659090909089940e+00
8.380681818181834331e-01
5.255681818181834331e-01
2.474431818181816567e+00
6.505681818181834331e-01
3.778409090909065071e-01
1.056818181818183433e+00
1.232954545454546746e+00
1.014204545454543194e+00
1.539772727272730179e+00
1.661931818181816567e+00
4.488636363636366866e-01
1.747159090909089940e+00
9.005681818181834331e-01
4.829545454545467464e-01
1.025568181818179880e+00
5.340909090909100598e-01
5.852272727272733732e-01
1.775568181818179880e+00
9.090909090909065071e-01
8.068181818181834331e-01
7.187500000000000000e-01
7.869318181818165669e-01
1.247159090909093493e+00
9.460227272727266268e-01
3.920454545454532536e-01
9.772727272727266268e-01
9.517045454545467464e-01
6.676136363636366866e-01
7.897727272727266268e-01
9.573863636363633134e-01
5.539772727272733732e-01
8.465909090909065071e-01
7.755681818181834331e-01
1.593750000000000000e+00
1.744318181818179880e+00
1.286931818181820120e+00
1.863636363636363313e+00
5.142045454545467464e-01
1.289772727272726627e+00
6.477272727272733732e-01
1.292613636363636687e+00
1.380681818181816567e+00
1.269886363636363313e+00
1.122159090909089940e+00
3.011363636363633134e-01
1.630681818181820120e+00
1.789772727272733732e-01
1.710227272727273373e+00
9.403409090909100598e-01
4.659090909090899402e-01
9.176136363636366866e-01
1.232954545454546746e+00
7.954545454545431937e-01
6.647727272727266268e-01
1.133522727272726627e+00
6.676136363636366866e-01
5.198863636363633134e-01
1.784090909090906507e+00
1.136363636363636687e+00
6.761363636363633134e-01
5.909090909090934929e-01
1.380681818181816567e+00
1.059659090909089940e+00
9.744318181818201197e-01
6.051136363636331339e-01
1.693181818181820120e+00
1.090909090909089940e+00
6.590909090909100598e-01
1.295454545454543194e+00
1.113636363636363313e+00
5.880681818181798803e-01
1.096590909090910060e+00
4.119318181818165669e-01
1.107954545454546746e+00
1.051136363636363313e+00
1.190340909090910060e+00
5.340909090909100598e-01
1.224431818181816567e+00
1.076704545454546746e+00
5.681818181818165669e-01
1.000000000000000000e+00
9.488636363636366866e-01
1.088068181818179880e+00
8.494318181818201197e-01
2.147727272727273373e+00
1.227272727272726627e+00
8.863636363636366866e-01
9.772727272727266268e-01
8.068181818181798803e-01
1.539772727272730179e+00
1.519886363636363313e+00
1.014204545454543194e+00
1.801136363636363313e+00
7.386363636363633134e-01
1.571022727272730179e+00
7.642045454545431937e-01
1.954545454545456806e+00
1.167613636363636687e+00
7.585227272727266268e-01
1.215909090909089940e+00
1.130681818181816567e+00
4.431818181818201197e-01
6.363636363636366866e-01
1.363636363636363313e+00
1.122159090909089940e+00
1.107954545454543194e+00
3.096590909090934929e-01
1.556818181818179880e+00
7.215909090909100598e-01
3.806818181818165669e-01
7.443181818181834331e-01
1.431818181818183433e+00
8.607954545454532536e-01
1.681818181818183433e+00
7.301136363636366866e-01
6.562500000000000000e-01
6.562500000000000000e-01
1.252840909090906507e+00
1.465909090909093493e+00
1.139204545454546746e+00
1.164772727272726627e+00
1.460227272727273373e+00
1.789772727272733732e-01
1.235795454545453254e+00
1.826704545454546746e+00
5.681818181818165669e-01
1.803977272727273373e+00
3.181818181818201197e-01
1.463068181818179880e+00
6.761363636363633134e-01
5.852272727272733732e-01
9.829545454545431937e-01
3.863636363636366866e-01
1.363636363636363313e+00
7.215909090909100598e-01
1.343750000000000000e+00
6.107954545454532536e-01
1.565340909090910060e+00
1.866477272727273373e+00
8.125000000000000000e-01
1.659090909090910060e+00
4.034090909090899402e-01
1.903409090909089940e+00
6.363636363636366866e-01
6.392045454545431937e-01
7.982954545454568063e-01
9.857954545454532536e-01
1.281250000000000000e+00
1.221590909090910060e+00
7.301136363636366866e-01
6.676136363636366866e-01
9.261363636363633134e-01
9.034090909090899402e-01
1.482954545454546746e+00
1.295454545454546746e+00
6.818181818181798803e-01
1.286931818181820120e+00
2.036931818181816567e+00
9.176136363636366866e-01
7.982954545454568063e-01
4.289772727272733732e-01
2.071022727272726627e+00
9.801136363636366866e-01
1.619318181818183433e+00
9.829545454545431937e-01
1.238636363636363313e+00
1.150568181818183433e+00
5.000000000000000000e-01
1.213068181818179880e+00
9.943181818181834331e-01
4.914772727272733732e-01
9.090909090909065071e-01
1.392045454545456806e+00
3.693181818181798803e-01
1.968750000000000000e+00
1.031250000000000000e+00
1.224431818181820120e+00
1.633522727272726627e+00
8.181818181818165669e-01
1.340909090909093493e+00
8.721590909090899402e-01
1.178977272727269821e+00
8.125000000000000000e-01
8.607954545454568063e-01
8.323863636363633134e-01
5.653409090909100598e-01
5.852272727272733732e-01
6.676136363636366866e-01
2.017045454545431937e-01
1.156250000000000000e+00
8.494318181818165669e-01
1.451704545454546746e+00
1.031250000000000000e+00
1.414772727272726627e+00
5.426136363636366866e-01
1.426136363636366866e+00
5.596590909090899402e-01
1.298295454545453254e+00
1.218750000000000000e+00
4.034090909090899402e-01
1.349431818181820120e+00
4.630681818181798803e-01
1.619318181818183433e+00
3.011363636363633134e-01
1.764204545454546746e+00
7.329545454545431937e-01
1.389204545454546746e+00
8.721590909090899402e-01
2.897727272727301795e-01
1.005681818181816567e+00
9.943181818181834331e-01
1.011363636363633134e+00
1.241477272727273373e+00
5.227272727272733732e-01
1.343750000000000000e+00
5.397727272727266268e-01
1.420454545454546746e+00
7.982954545454532536e-01
7.187500000000000000e-01
1.127840909090906507e+00
8.835227272727266268e-01
1.000000000000000000e+00
1.392045454545467464e-01
1.900568181818179880e+00
4.403409090909100598e-01
1.110795454545456806e+00
1.426136363636363313e+00
1.360795454545453254e+00
9.943181818181798803e-01
7.443181818181834331e-01
4.204545454545431937e-01
1.431818181818183433e+00
1.301136363636366866e+00
7.528409090909065071e-01
2.181818181818183433e+00
1.539772727272726627e+00
4.431818181818201197e-01
1.326704545454543194e+00
1.150568181818179880e+00
5.738636363636366866e-01
1.661931818181820120e+00
6.164772727272698205e-01
1.349431818181820120e+00
1.000000000000000000e+00
7.215909090909100598e-01
5.965909090909100598e-01
1.619318181818165669e-01
1.392045454545456806e+00
7.613636363636366866e-01
3.636363636363633134e-01
6.789772727272733732e-01
9.659090909091005983e-02
1.079545454545453254e+00
1.278409090909089940e+00
1.099431818181820120e+00
6.392045454545431937e-01
9.744318181818165669e-01
4.176136363636366866e-01
1.272727272727273373e+00
8.579545454545431937e-01
1.147727272727273373e+00
7.045454545454532536e-01
1.423295454545456806e+00
8.465909090909065071e-01
1.372159090909093493e+00
7.414772727272733732e-01
9.886363636363668661e-01
8.068181818181798803e-01
1.093750000000000000e+00
1.127840909090910060e+00
1.136363636363636687e+00
1.142045454545453254e+00
7.471590909090899402e-01
1.127840909090910060e+00
6.164772727272733732e-01
9.318181818181798803e-01
9.034090909090899402e-01
3.465909090909100598e-01
1.971590909090906507e+00
5.426136363636366866e-01
2.431818181818183433e+00
9.829545454545467464e-01
5.454545454545431937e-01
9.857954545454568063e-01
4.403409090909065071e-01
6.107954545454532536e-01
1.664772727272726627e+00
8.295454545454532536e-01
1.377840909090910060e+00
8.125000000000000000e-01
1.156250000000000000e+00
8.579545454545467464e-01
1.426136363636363313e+00
4.147727272727266268e-01
1.065340909090906507e+00
9.034090909090934929e-01
1.142045454545453254e+00
8.181818181818201197e-01
1.522727272727273373e+00
1.448863636363636687e+00
1.377840909090910060e+00
1.190340909090910060e+00
8.210227272727266268e-01
1.278409090909089940e+00
4.943181818181834331e-01
5.397727272727266268e-01
6.761363636363633134e-01
1.710227272727269821e+00
1.042613636363636687e+00
4.744318181818201197e-01
6.448863636363633134e-01
8.522727272727266268e-01
6.931818181818201197e-01
1.159090909090910060e+00
1.269886363636363313e+00
1.005681818181816567e+00
1.968750000000000000e+00
8.210227272727266268e-01
8.352272727272698205e-01
1.178977272727273373e+00
4.545454545454568063e-01
8.977272727272698205e-01
9.772727272727266268e-01
7.812500000000000000e-01
5.852272727272733732e-01
1.926136363636363313e+00
1.017045454545453254e+00
8.636363636363633134e-01
1.625000000000000000e+00
1.039772727272730179e+00
1.116477272727269821e+00
1.235795454545456806e+00
5.681818181818201197e-01
8.693181818181798803e-01
6.477272727272733732e-01
1.230113636363636687e+00
1.335227272727273373e+00
1.386363636363636687e+00
9.034090909090899402e-01
3.267045454545467464e-01
1.326704545454543194e+00
4.659090909090899402e-01
9.346590909090934929e-01
5.596590909090899402e-01
1.482954545454546746e+00
1.292613636363636687e+00
6.136363636363633134e-01
1.383522727272726627e+00
1.457386363636363313e+00
1.318181818181816567e+00
4.829545454545431937e-01
9.659090909090899402e-01
7.414772727272733732e-01
5.482954545454568063e-01
9.715909090909100598e-01
1.349431818181816567e+00
1.656250000000000000e+00
1.267045454545453254e+00
7.244318181818201197e-01
6.164772727272733732e-01
9.517045454545431937e-01
2.002840909090910060e+00
6.562500000000000000e-01
4.914772727272733732e-01
1.295454545454546746e+00
1.329545454545453254e+00
2.036931818181820120e+00
4.829545454545431937e-01
1.107954545454546746e+00
9.488636363636366866e-01
6.562500000000000000e-01
1.267045454545453254e+00
9.232954545454568063e-01
1.000000000000000000e+00
9.630681818181798803e-01
5.454545454545467464e-01
1.803977272727273373e+00
8.011363636363633134e-01
1.107954545454543194e+00
8.551136363636366866e-01
1.690340909090910060e+00
1.849431818181816567e+00
1.338068181818183433e+00
1.772727272727273373e+00
4.176136363636366866e-01
1.823863636363636687e+00
1.500000000000000000e+00
1.210227272727273373e+00
9.232954545454532536e-01
6.363636363636366866e-01
1.315340909090910060e+00
3.607954545454568063e-01
8.806818181818165669e-01
1.420454545454546746e+00
5.426136363636366866e-01
1.073863636363636687e+00
7.869318181818165669e-01
1.454545454545456806e+00
1.034090909090910060e+00
7.556818181818165669e-01
1.281250000000000000e+00
1.954545454545453254e+00
9.943181818181834331e-01
6.306818181818201197e-01
8.181818181818165669e-01
8.835227272727266268e-01
1.210227272727273373e+00
1.329545454545453254e+00
1.193181818181820120e+00
7.017045454545467464e-01
1.386363636363636687e+00
8.892045454545431937e-01
1.159090909090910060e+00
7.159090909090899402e-01
1.886363636363636687e+00
9.147727272727266268e-01
7.727272727272733732e-01
7.045454545454568063e-01
2.443181818181816567e+00
9.034090909090899402e-01
8.238636363636366866e-01
1.792613636363636687e+00
4.375000000000000000e-01
1.079545454545453254e+00
1.485795454545453254e+00
9.630681818181834331e-01
1.431818181818179880e+00
1.201704545454546746e+00
7.954545454545467464e-01
4.375000000000000000e-01
1.340909090909089940e+00
1.627840909090906507e+00
1.417613636363636687e+00
8.806818181818201197e-01
6.846590909090899402e-01
1.082386363636363313e+00
1.369318181818183433e+00
7.414772727272698205e-01
5.767045454545467464e-01
1.735795454545453254e+00
9.545454545454568063e-01
7.301136363636331339e-01
1.750000000000000000e+00
1.122159090909093493e+00
4.318181818181834331e-01
6.193181818181798803e-01
6.079545454545467464e-01
7.215909090909100598e-01
7.500000000000000000e-01
1.420454545454546746e+00
1.485795454545453254e+00
8.210227272727266268e-01
5.880681818181798803e-01
7.954545454545467464e-01
4.232954545454532536e-01
5.852272727272733732e-01
9.232954545454568063e-01
1.048295454545453254e+00
1.062500000000000000e+00
8.068181818181834331e-01
9.687500000000000000e-01
1.397727272727273373e+00
8.607954545454532536e-01
1.528409090909089940e+00
1.369318181818179880e+00
8.039772727272733732e-01
9.687500000000000000e-01
7.329545454545467464e-01
5.340909090909100598e-01
5.909090909090899402e-01
8.522727272727266268e-01
4.176136363636366866e-01
1.536931818181816567e+00
3.863636363636366866e-01
1.463068181818183433e+00
7.500000000000000000e-01
1.187500000000000000e+00
1.051136363636363313e+00
7.698863636363633134e-01
4.318181818181798803e-01
2.059659090909089940e+00
1.465909090909093493e+00
1.025568181818179880e+00
1.059659090909089940e+00
6.022727272727266268e-01
7.500000000000000000e-01
2.252840909090910060e+00
1.235795454545453254e+00
2.110795454545453254e+00
1.369318181818183433e+00
3.693181818181834331e-01
3.551136363636331339e-01
9.261363636363668661e-01
1.275568181818183433e+00
6.477272727272733732e-01
9.034090909090899402e-01
2.897727272727266268e-01
1.750000000000000000e+00
1.107954545454546746e+00
5.568181818181798803e-01
6.789772727272733732e-01
1.335227272727273373e+00
4.943181818181834331e-01
1.036931818181816567e+00
1.133522727272730179e+00
1.363636363636363313e+00
6.278409090909100598e-01
8.750000000000000000e-01
8.551136363636366866e-01
7.982954545454568063e-01
1.215909090909089940e+00
2.926136363636366866e-01
1.170454545454543194e+00
1.113636363636363313e+00
6.988636363636366866e-01
2.670454545454568063e-01
1.463068181818179880e+00
4.914772727272733732e-01
1.852272727272726627e+00
1.107954545454546746e+00
2.528409090909100598e-01
1.392045454545453254e+00
1.164772727272726627e+00
1.099431818181816567e+00
1.375000000000000000e+00
3.181818181818201197e-01
8.664772727272733732e-01
1.045454545454543194e+00
9.005681818181834331e-01
5.539772727272733732e-01
1.159090909090910060e+00
1.102272727272726627e+00
6.704545454545431937e-01
1.511363636363636687e+00
2.011363636363636687e+00
3.778409090909100598e-01
1.360795454545453254e+00
7.443181818181834331e-01
4.346590909090899402e-01
9.176136363636366866e-01
1.607954545454546746e+00
1.099431818181816567e+00
1.210227272727273373e+00
6.846590909090899402e-01
6.590909090909100598e-01
1.303977272727273373e+00
3.125000000000000000e-01
1.531250000000000000e+00
7.329545454545467464e-01
7.045454545454532536e-01
7.784090909090899402e-01
1.028409090909093493e+00
7.073863636363633134e-01
8.210227272727266268e-01
1.500000000000000000e+00
6.875000000000000000e-01
1.988636363636366866e-01
1.207386363636363313e+00
1.264204545454546746e+00
1.443181818181816567e+00
8.948863636363633134e-01
1.213068181818183433e+00
7.670454545454532536e-01
1.207386363636363313e+00
9.062500000000000000e-01
9.062500000000000000e-01
6.079545454545467464e-01
2.082386363636363313e+00
3.210227272727266268e-01
1.971590909090910060e+00
8.977272727272733732e-01
1.178977272727273373e+00
6.732954545454532536e-01
9.062500000000000000e-01
1.846590909090899402e-01
1.633522727272726627e+00
8.977272727272733732e-01
7.954545454545431937e-01
7.159090909090934929e-01
1.508522727272726627e+00
8.636363636363633134e-01
1.965909090909093493e+00
1.090909090909089940e+00
6.448863636363633134e-01
1.221590909090910060e+00
1.690340909090910060e+00
7.102272727272698205e-01
1.775568181818183433e+00
6.534090909090899402e-01
4.573863636363633134e-01
1.843750000000000000e+00
1.022727272727273373e+00
1.423295454545456806e+00
3.522727272727266268e-01
9.573863636363633134e-01
1.005681818181820120e+00
8.948863636363633134e-01
9.318181818181798803e-01
1.164772727272726627e+00
6.931818181818201197e-01
1.943181818181816567e+00
1.380681818181820120e+00
1.210227272727273373e+00
1.034090909090910060e+00
1.451704545454543194e+00
1.681818181818179880e+00
3.892045454545467464e-01
1.221590909090910060e+00
1.079545454545453254e+00
6.903409090909100598e-01
1.485795454545453254e+00
1.022727272727273373e+00
9.630681818181834331e-01
1.482954545454543194e+00
6.221590909090899402e-01
1.002840909090910060e+00
1.002840909090910060e+00
8.153409090909100598e-01
7.926136363636366866e-01
1.068181818181816567e+00
1.125000000000000000e+00
1.196022727272726627e+00
1.474431818181820120e+00
7.045454545454532536e-01
7.784090909090899402e-01
1.539772727272726627e+00
5.767045454545467464e-01
1.599431818181816567e+00
9.545454545454532536e-01
9.090909090909100598e-01
4.375000000000000000e-01
1.761363636363633134e-01
2.025568181818179880e+00
8.863636363636366866e-01
8.892045454545467464e-01
5.369318181818165669e-01
1.073863636363636687e+00
1.210227272727273373e+00
7.812500000000000000e-01
4.687500000000000000e-01
1.076704545454543194e+00
9.857954545454568063e-01
3.096590909090899402e-01
7.982954545454568063e-01
1.022727272727269821e+00
8.664772727272733732e-01
5.113636363636366866e-01
1.502840909090910060e+00
1.133522727272726627e+00
1.269886363636363313e+00
9.062500000000000000e-01
5.426136363636366866e-01
7.840909090909100598e-01
8.380681818181834331e-01
1.119318181818179880e+00
1.357954545454546746e+00
3.863636363636366866e-01
7.073863636363633134e-01
1.017045454545453254e+00
4.914772727272733732e-01
8.409090909090899402e-01
1.605113636363633134e+00
3.636363636363668661e-01
1.042613636363633134e+00
3.863636363636366866e-01
1.732954545454546746e+00
1.110795454545453254e+00
1.198863636363636687e+00
1.068181818181816567e+00
7.556818181818165669e-01
1.184659090909089940e+00
9.715909090909100598e-01
1.332386363636366866e+00
1.076704545454543194e+00
1.133522727272726627e+00
3.096590909090899402e-01
1.727272727272730179e+00
4.630681818181798803e-01
8.437500000000000000e-01
8.579545454545467464e-01
9.971590909090899402e-01
4.403409090909065071e-01
7.670454545454568063e-01
1.661931818181816567e+00
8.636363636363633134e-01
1.136363636363636687e+00
1.252840909090910060e+00
1.019886363636363313e+00
6.164772727272733732e-01
1.903409090909089940e+00
7.045454545454532536e-01
5.681818181818201197e-01
1.525568181818179880e+00
6.647727272727301795e-01
1.014204545454543194e+00
6.789772727272733732e-01
3.352272727272733732e-01
6.164772727272733732e-01
1.667613636363636687e+00
4.971590909090899402e-01
1.514204545454546746e+00
7.187500000000000000e-01
1.071022727272726627e+00
6.931818181818165669e-01
6.789772727272733732e-01
5.312500000000000000e-01
7.698863636363633134e-01
1.417613636363636687e+00
1.136363636363633134e-01
1.880681818181816567e+00
9.687500000000000000e-01
9.375000000000000000e-01
8.920454545454568063e-01
1.321022727272726627e+00
2.159090909090899402e-01
1.224431818181820120e+00
1.116477272727269821e+00
1.252840909090910060e+00
7.159090909090899402e-01
1.465909090909093493e+00
1.036931818181816567e+00
1.252840909090910060e+00
9.772727272727266268e-01
6.931818181818201197e-01
1.255681818181816567e+00
5.340909090909100598e-01
5.539772727272733732e-01
9.801136363636331339e-01
4.375000000000000000e-01
9.403409090909100598e-01
1.150568181818183433e+00
3.863636363636366866e-01
7.443181818181798803e-01
1.264204545454546746e+00
1.267045454545453254e+00
7.272727272727266268e-01
5.312500000000000000e-01
6.363636363636366866e-01
1.883522727272726627e+00
1.579545454545453254e+00
5.454545454545467464e-01
8.011363636363633134e-01
1.156250000000000000e+00
1.150568181818183433e+00
9.176136363636366866e-01
5.227272727272733732e-01
7.613636363636366866e-01
2.613636363636366866e-01
1.352272727272726627e+00
1.477272727272730179e+00
8.096590909090899402e-01
2.133522727272730179e+00
5.539772727272698205e-01
1.747159090909093493e+00
6.931818181818201197e-01
1.727272727272726627e+00
1.559659090909089940e+00
1.335227272727273373e+00
6.221590909090934929e-01
1.071022727272726627e+00
1.105113636363636687e+00
5.397727272727266268e-01
7.528409090909065071e-01
1.338068181818183433e+00
1.352272727272726627e+00
7.414772727272733732e-01
1.369318181818179880e+00
7.926136363636366866e-01
5.965909090909100598e-01
1.113636363636363313e+00
5.937500000000000000e-01
2.670454545454568063e-01
1.210227272727273373e+00
1.002840909090906507e+00
8.380681818181834331e-01
1.474431818181816567e+00
1.130681818181816567e+00
1.034090909090910060e+00
1.014204545454546746e+00
7.613636363636366866e-01
8.295454545454532536e-01
4.857954545454532536e-01
9.375000000000000000e-01
1.551136363636363313e+00
3.551136363636366866e-01
2.363636363636363313e+00
8.579545454545467464e-01
8.579545454545467464e-01
8.721590909090899402e-01
8.806818181818165669e-01
7.244318181818201197e-01
4.801136363636366866e-01
3.494318181818165669e-01
1.477272727272726627e+00
7.045454545454568063e-01
5.625000000000000000e-01
1.420454545454546746e+00
1.125000000000000000e+00
5.284090909090899402e-01
7.812500000000000000e-01
1.389204545454546746e+00
1.588068181818179880e+00
9.857954545454568063e-01
5.596590909090899402e-01
1.460227272727273373e+00
8.465909090909100598e-01
2.840909090909065071e-01
1.903409090909093493e+00
4.602272727272733732e-01
1.474431818181816567e+00
5.255681818181834331e-01
8.011363636363668661e-01
1.428977272727269821e+00
2.670454545454532536e-01
1.321022727272726627e+00
9.886363636363633134e-01
1.232954545454543194e+00
6.875000000000000000e-01
1.139204545454546746e+00
9.715909090909065071e-01
5.397727272727301795e-01
8.437500000000000000e-01
1.028409090909089940e+00
7.244318181818165669e-01
8.636363636363633134e-01
4.602272727272733732e-01
1.732954545454543194e+00
9.431818181818201197e-01
1.500000000000000000e+00
7.840909090909065071e-01
3.750000000000000000e-01
1.215909090909093493e+00
9.772727272727266268e-01
1.826704545454546746e+00
6.647727272727266268e-01
1.215909090909089940e+00
8.778409090909100598e-01
9.176136363636366866e-01
1.355113636363636687e+00
5.482954545454532536e-01
6.732954545454568063e-01
6.363636363636366866e-01
1.573863636363636687e+00
1.647727272727273373e+00
4.403409090909065071e-01
1.582386363636363313e+00
1.210227272727273373e+00
1.500000000000000000e+00
1.383522727272726627e+00
4.517045454545467464e-01
1.411931818181816567e+00
1.034090909090910060e+00
1.161931818181816567e+00
5.795454545454532536e-01
9.659090909090899402e-01
3.295454545454568063e-01
1.349431818181816567e+00
6.846590909090899402e-01
1.335227272727273373e+00
7.698863636363633134e-01
1.238636363636363313e+00
7.329545454545467464e-01
9.602272727272733732e-01
1.198863636363636687e+00
4.517045454545431937e-01
1.190340909090910060e+00
1.735795454545456806e+00
3.409090909090899402e-01
1.102272727272726627e+00
1.553977272727273373e+00
6.505681818181834331e-01
5.397727272727266268e-01
8.125000000000000000e-01
5.227272727272698205e-01
9.204545454545467464e-01
1.017045454545453254e+00
9.403409090909100598e-01
7.869318181818201197e-01
8.579545454545431937e-01
7.301136363636331339e-01
8.693181818181834331e-01
1.085227272727273373e+00
3.323863636363633134e-01
1.028409090909093493e+00
2.840909090909065071e-01
1.281250000000000000e+00
1.698863636363636687e+00
8.892045454545467464e-01
1.096590909090906507e+00
5.823863636363633134e-01
7.187500000000000000e-01
1.423295454545456806e+00
3.125000000000000000e-01
1.508522727272726627e+00
1.789772727272733732e-01
1.369318181818179880e+00
1.250000000000000000e+00
7.159090909090899402e-01
1.639204545454546746e+00
7.556818181818165669e-01
4.346590909090899402e-01
2.269886363636363313e+00
9.573863636363633134e-01
1.110795454545456806e+00
9.517045454545467464e-01
8.863636363636366866e-01
1.764204545454546746e+00
7.244318181818165669e-01
5.028409090909100598e-01
1.630681818181816567e+00
1.096590909090910060e+00
8.437500000000000000e-01
1.497159090909089940e+00
7.301136363636366866e-01
3.948863636363633134e-01
1.494318181818183433e+00
7.244318181818201197e-01
5.823863636363633134e-01
6.988636363636366866e-01
7.642045454545467464e-01
5.312500000000000000e-01
1.250000000000000000e+00
7.272727272727266268e-01
1.301136363636363313e+00
1.394886363636363313e+00
8.181818181818201197e-01
8.522727272727266268e-01
7.102272727272698205e-01
6.590909090909100598e-01
