1.051136363636363313e+00
1.269886363636363313e+00
9.460227272727284031e-01
4.659090909090899402e-01
9.005681818181816567e-01
6.022727272727284031e-01
5.596590909090899402e-01
1.210227272727273373e+00
8.721590909090917165e-01
1.144886363636363313e+00
6.022727272727266268e-01
1.252840909090910060e+00
8.465909090909100598e-01
1.303977272727273373e+00
1.704545454545453254e+00
9.289772727272733732e-01
1.028409090909089940e+00
9.886363636363633134e-01
1.190340909090910060e+00
1.443181818181818343e+00
9.176136363636366866e-01
6.477272727272733732e-01
6.789772727272715969e-01
1.090909090909089940e+00
1.170454545454546746e+00
6.619318181818183433e-01
2.335227272727271597e+00
1.014204545454546746e+00
9.062500000000000000e-01
1.392045454545453254e+00
1.232954545454544970e+00
4.005681818181816567e-01
4.602272727272733732e-01
7.386363636363633134e-01
1.593750000000000000e+00
9.204545454545449701e-01
1.352272727272728403e+00
1.201704545454544970e+00
1.394886363636363313e+00
9.545454545454550299e-01
1.417613636363634910e+00
4.176136363636366866e-01
1.610795454545455030e+00
7.613636363636349103e-01
1.011363636363636687e+00
1.568181818181816567e+00
1.375000000000000000e+00
5.056818181818183433e-01
7.272727272727266268e-01
1.545454545454546746e+00
8.380681818181816567e-01
4.886363636363650897e-01
1.406250000000000000e+00
1.002840909090908283e+00
6.306818181818183433e-01
1.076704545454544970e+00
1.017045454545455030e+00
1.551136363636363313e+00
1.053977272727273373e+00
9.914772727272733732e-01
1.519886363636363313e+00
1.318181818181818343e+00
5.085227272727266268e-01
1.428977272727273373e+00
5.426136363636366866e-01
1.468750000000000000e+00
1.017045454545455030e+00
1.221590909090908283e+00
2.755681818181816567e-01
9.147727272727284031e-01
9.715909090909082835e-01
6.363636363636366866e-01
1.244318181818181657e+00
7.357954545454550299e-01
6.051136363636366866e-01
6.988636363636349103e-01
1.448863636363636687e+00
1.363636363636363313e+00
1.738636363636363313e+00
2.125000000000000000e+00
6.448863636363633134e-01
1.056818181818181657e+00
1.352272727272726627e+00
1.127840909090908283e+00
1.267045454545455030e+00
1.088068181818181657e+00
1.178977272727273373e+00
8.636363636363633134e-01
5.710227272727284031e-01
6.136363636363633134e-01
1.210227272727273373e+00
1.002840909090908283e+00
5.142045454545449701e-01
1.213068181818181657e+00
1.125000000000000000e+00
9.318181818181816567e-01
1.616477272727273373e+00
2.613636363636366866e-01
1.284090909090908283e+00
1.556818181818181657e+00
8.863636363636366866e-01
1.562500000000000000e-01
6.903409090909100598e-01
1.661931818181816567e+00
7.755681818181816567e-01
1.400568181818181657e+00
1.218750000000000000e+00
1.210227272727273373e+00
5.852272727272715969e-01
1.531250000000000000e+00
1.735795454545453254e+00
6.590909090909100598e-01
5.880681818181816567e-01
1.360795454545455030e+00
1.059659090909089940e+00
2.167613636363636687e+00
5.539772727272715969e-01
6.619318181818183433e-01
4.829545454545449701e-01
7.897727272727284031e-01
6.051136363636366866e-01
2.039772727272726627e+00
8.920454545454550299e-01
7.017045454545467464e-01
5.767045454545449701e-01
1.065340909090908283e+00
7.187500000000000000e-01
9.602272727272733732e-01
8.551136363636349103e-01
8.096590909090917165e-01
1.082386363636363313e+00
1.085227272727273373e+00
1.153409090909091717e+00
1.534090909090899402e-01
8.551136363636366866e-01
1.414772727272726627e+00
5.312500000000000000e-01
1.653409090909091717e+00
1.326704545454546746e+00
1.153409090909089940e+00
1.517045454545455030e+00
1.272727272727271597e+00
1.269886363636365090e+00
1.247159090909089940e+00
9.943181818181816567e-01
9.062500000000000000e-01
8.409090909090917165e-01
9.971590909090899402e-01
2.045454545454532536e-01
1.289772727272728403e+00
1.247159090909089940e+00
3.409090909090917165e-01
1.619318181818181657e+00
1.201704545454544970e+00
1.667613636363636687e+00
8.039772727272715969e-01
7.670454545454550299e-01
4.886363636363633134e-01
1.096590909090910060e+00
5.170454545454550299e-01
1.417613636363636687e+00
8.664772727272715969e-01
1.170454545454544970e+00
1.360795454545455030e+00
7.215909090909100598e-01
1.448863636363634910e+00
6.846590909090899402e-01
1.082386363636365090e+00
4.630681818181816567e-01
6.789772727272715969e-01
1.221590909090910060e+00
1.710227272727271597e+00
7.159090909090899402e-01
1.590909090909091717e+00
5.880681818181816567e-01
1.568181818181818343e+00
5.085227272727284031e-01
1.312500000000000000e+00
7.500000000000000000e-01
1.454545454545453254e+00
6.278409090909100598e-01
9.147727272727266268e-01
6.647727272727284031e-01
7.414772727272715969e-01
3.551136363636366866e-01
2.053977272727273373e+00
1.920454545454544970e+00
6.789772727272733732e-01
4.744318181818165669e-01
1.261363636363636687e+00
6.505681818181816567e-01
1.227272727272726627e+00
1.028409090909089940e+00
1.755681818181818343e+00
5.937500000000000000e-01
9.318181818181816567e-01
1.125000000000000000e+00
1.088068181818181657e+00
1.502840909090910060e+00
1.210227272727273373e+00
1.610795454545453254e+00
1.096590909090908283e+00
4.232954545454550299e-01
3.494318181818183433e-01
1.133522727272726627e+00
1.329545454545455030e+00
1.272727272727273373e+00
8.210227272727266268e-01
4.602272727272715969e-01
3.863636363636366866e-01
1.127840909090910060e+00
1.093750000000000000e+00
7.414772727272733732e-01
1.130681818181818343e+00
9.659090909090899402e-01
1.002840909090910060e+00
8.948863636363633134e-01
1.428977272727273373e+00
9.488636363636349103e-01
1.028409090909091717e+00
9.090909090909082835e-01
1.428977272727273373e+00
1.886363636363634910e+00
1.329545454545455030e+00
1.534090909090910060e+00
1.076704545454544970e+00
1.210227272727271597e+00
2.002840909090908283e+00
7.244318181818183433e-01
4.687500000000000000e-01
1.278409090909091717e+00
1.619318181818181657e+00
4.943181818181834331e-01
1.255681818181816567e+00
1.284090909090910060e+00
1.667613636363636687e+00
4.346590909090899402e-01
1.752840909090910060e+00
1.244318181818181657e+00
1.551136363636365090e+00
1.130681818181818343e+00
2.019886363636363313e+00
1.113636363636363313e+00
9.204545454545467464e-01
9.744318181818165669e-01
5.767045454545467464e-01
1.034090909090908283e+00
3.636363636363633134e-01
1.849431818181818343e+00
8.863636363636366866e-01
1.522727272727273373e+00
1.267045454545455030e+00
1.116477272727271597e+00
6.647727272727266268e-01
8.238636363636366866e-01
5.795454545454550299e-01
7.443181818181816567e-01
9.488636363636366866e-01
1.017045454545455030e+00
4.176136363636349103e-01
1.622159090909091717e+00
1.213068181818181657e+00
9.090909090909082835e-01
4.488636363636366866e-01
9.829545454545449701e-01
1.644886363636363313e+00
6.107954545454550299e-01
5.028409090909082835e-01
9.375000000000000000e-01
1.159090909090910060e+00
1.105113636363636687e+00
1.176136363636363313e+00
5.880681818181816567e-01
1.670454545454544970e+00
4.261363636363633134e-01
8.920454545454550299e-01
1.437500000000000000e+00
1.573863636363636687e+00
8.664772727272715969e-01
9.261363636363650897e-01
1.514204545454544970e+00
4.659090909090917165e-01
7.102272727272715969e-01
1.241477272727273373e+00
1.551136363636363313e+00
3.352272727272715969e-01
1.940340909090910060e+00
8.750000000000000000e-01
5.511363636363633134e-01
4.375000000000000000e-01
1.349431818181818343e+00
9.431818181818183433e-01
1.096590909090908283e+00
1.150568181818181657e+00
3.892045454545449701e-01
2.735795454545455030e+00
9.744318181818183433e-01
1.326704545454544970e+00
8.437500000000000000e-01
3.778409090909082835e-01
1.511363636363636687e+00
1.397727272727271597e+00
3.494318181818183433e-01
1.633522727272726627e+00
7.784090909090917165e-01
1.400568181818181657e+00
1.218750000000000000e+00
8.380681818181834331e-01
1.735795454545453254e+00
1.721590909090908283e+00
1.818181818181816567e-01
1.710227272727273373e+00
4.715909090909100598e-01
4.630681818181816567e-01
1.184659090909089940e+00
8.238636363636366866e-01
1.164772727272726627e+00
1.437500000000000000e+00
7.528409090909100598e-01
8.721590909090917165e-01
3.693181818181816567e-01
6.647727272727266268e-01
9.488636363636366866e-01
4.801136363636366866e-01
1.687500000000000000e+00
1.315340909090908283e+00
1.045454545454544970e+00
1.508522727272728403e+00
1.241477272727271597e+00
5.710227272727266268e-01
7.159090909090917165e-01
1.755681818181816567e+00
8.892045454545449701e-01
1.644886363636365090e+00
1.036931818181816567e+00
8.750000000000000000e-01
9.261363636363633134e-01
8.096590909090899402e-01
8.011363636363633134e-01
1.465909090909091717e+00
9.176136363636349103e-01
1.119318181818181657e+00
2.613636363636366866e-01
3.323863636363633134e-01
1.079545454545455030e+00
3.551136363636366866e-01
1.178977272727273373e+00
5.340909090909082835e-01
1.448863636363636687e+00
1.167613636363636687e+00
1.684659090909091717e+00
9.119318181818183433e-01
8.892045454545449701e-01
6.164772727272715969e-01
4.943181818181834331e-01
9.801136363636349103e-01
1.122159090909091717e+00
6.079545454545467464e-01
1.218750000000000000e+00
9.545454545454532536e-01
8.693181818181816567e-01
1.269886363636363313e+00
2.500000000000000000e-01
1.343750000000000000e+00
1.076704545454544970e+00
1.545454545454546746e+00
1.250000000000000000e+00
6.534090909090899402e-01
1.025568181818181657e+00
1.088068181818181657e+00
7.585227272727266268e-01
1.877840909090910060e+00
1.031250000000000000e+00
1.338068181818181657e+00
6.022727272727266268e-01
7.500000000000000000e-01
7.159090909090917165e-01
1.571022727272726627e+00
8.494318181818183433e-01
6.732954545454550299e-01
6.079545454545467464e-01
1.096590909090908283e+00
1.036931818181818343e+00
1.392045454545455030e+00
3.948863636363633134e-01
1.852272727272726627e+00
4.431818181818183433e-01
1.409090909090908283e+00
1.909090909090910060e+00
4.431818181818183433e-01
7.613636363636366866e-01
1.823863636363636687e+00
1.252840909090908283e+00
1.156250000000000000e+00
2.897727272727284031e-01
1.224431818181818343e+00
4.346590909090917165e-01
1.218750000000000000e+00
1.397727272727273373e+00
8.238636363636366866e-01
5.795454545454532536e-01
1.355113636363634910e+00
1.573863636363636687e+00
1.522727272727273373e+00
3.323863636363633134e-01
1.414772727272726627e+00
9.403409090909100598e-01
1.375000000000000000e+00
7.045454545454550299e-01
9.346590909090899402e-01
1.250000000000000000e+00
8.664772727272733732e-01
7.244318181818183433e-01
6.477272727272733732e-01
6.732954545454550299e-01
1.806818181818181657e+00
8.238636363636366866e-01
8.607954545454532536e-01
9.488636363636366866e-01
1.113636363636363313e+00
5.482954545454550299e-01
7.727272727272733732e-01
7.272727272727266268e-01
9.005681818181816567e-01
1.102272727272726627e+00
4.318181818181816567e-01
1.531250000000000000e+00
6.676136363636366866e-01
9.375000000000000000e-01
1.988636363636366866e-01
2.923295454545455030e+00
4.289772727272715969e-01
1.875000000000000000e+00
7.443181818181816567e-01
1.349431818181818343e+00
1.369318181818181657e+00
6.107954545454532536e-01
9.090909090909100598e-01
9.460227272727266268e-01
9.232954545454550299e-01
4.914772727272733732e-01
1.514204545454544970e+00
6.022727272727266268e-01
1.207386363636363313e+00
5.539772727272733732e-01
2.130681818181818343e+00
1.218750000000000000e+00
7.954545454545449701e-01
2.136363636363636687e+00
5.113636363636366866e-01
6.960227272727284031e-01
1.144886363636363313e+00
8.664772727272715969e-01
1.363636363636363313e+00
4.971590909090917165e-01
4.488636363636349103e-01
4.857954545454550299e-01
4.971590909090917165e-01
1.116477272727271597e+00
1.119318181818183433e+00
2.224431818181818343e+00
6.789772727272715969e-01
1.889204545454544970e+00
1.278409090909100598e-01
1.321022727272726627e+00
1.590909090909089940e+00
7.869318181818183433e-01
1.079545454545455030e+00
8.948863636363633134e-01
1.477272727272728403e+00
7.244318181818183433e-01
1.272727272727271597e+00
5.085227272727284031e-01
1.099431818181816567e+00
5.539772727272733732e-01
7.528409090909082835e-01
1.338068181818181657e+00
1.798295454545455030e+00
2.556818181818183433e-01
5.909090909090917165e-01
5.852272727272733732e-01
9.886363636363633134e-01
6.420454545454532536e-01
1.127840909090910060e+00
5.511363636363650897e-01
1.588068181818181657e+00
7.215909090909082835e-01
8.153409090909082835e-01
6.051136363636366866e-01
9.829545454545449701e-01
6.789772727272733732e-01
1.451704545454546746e+00
5.994318181818165669e-01
1.292613636363636687e+00
1.267045454545453254e+00
2.272727272727284031e-01
1.656250000000000000e+00
1.326704545454544970e+00
5.539772727272733732e-01
7.926136363636366866e-01
7.727272727272715969e-01
1.326704545454546746e+00
9.289772727272715969e-01
8.920454545454550299e-01
5.965909090909082835e-01
1.477272727272728403e+00
1.400568181818181657e+00
1.034090909090908283e+00
1.383522727272726627e+00
6.477272727272733732e-01
9.204545454545449701e-01
6.875000000000000000e-01
1.443181818181818343e+00
9.488636363636366866e-01
1.974431818181818343e+00
5.625000000000000000e-01
5.539772727272733732e-01
8.892045454545449701e-01
1.377840909090910060e+00
6.619318181818183433e-01
1.142045454545453254e+00
9.375000000000000000e-01
8.210227272727284031e-01
1.491477272727271597e+00
9.005681818181816567e-01
1.309659090909089940e+00
1.136363636363636687e+00
1.818181818181818343e+00
5.482954545454550299e-01
7.954545454545449701e-01
9.687500000000000000e-01
1.065340909090910060e+00
8.579545454545449701e-01
1.127840909090908283e+00
1.607954545454546746e+00
1.363636363636363313e+00
1.068181818181818343e+00
1.267045454545453254e+00
6.107954545454550299e-01
3.357954545454544970e+00
4.289772727272733732e-01
6.278409090909100598e-01
1.392045454545453254e+00
1.684659090909091717e+00
1.011363636363636687e+00
2.071022727272726627e+00
8.039772727272733732e-01
8.806818181818183433e-01
7.329545454545449701e-01
2.000000000000000000e+00
5.113636363636366866e-01
1.235795454545453254e+00
1.519886363636365090e+00
1.463068181818181657e+00
8.125000000000000000e-01
6.136363636363650897e-01
6.193181818181816567e-01
8.465909090909082835e-01
1.420454545454550299e-01
8.096590909090917165e-01
7.159090909090899402e-01
1.142045454545455030e+00
1.582386363636363313e+00
1.088068181818181657e+00
7.642045454545449701e-01
7.840909090909082835e-01
4.034090909090917165e-01
9.772727272727266268e-01
1.071022727272726627e+00
1.232954545454546746e+00
1.440340909090908283e+00
7.670454545454550299e-01
1.036931818181818343e+00
8.920454545454550299e-01
1.920454545454544970e+00
1.926136363636365090e+00
7.869318181818183433e-01
4.886363636363633134e-01
1.360795454545455030e+00
1.156250000000000000e+00
7.471590909090917165e-01
8.153409090909082835e-01
1.579545454545455030e+00
6.477272727272715969e-01
1.193181818181818343e+00
5.227272727272733732e-01
8.437500000000000000e-01
1.241477272727273373e+00
8.011363636363633134e-01
7.073863636363633134e-01
9.289772727272715969e-01
2.073863636363650897e-01
8.153409090909082835e-01
1.556818181818181657e+00
1.332386363636363313e+00
9.517045454545467464e-01
6.590909090909082835e-01
5.738636363636366866e-01
8.948863636363633134e-01
1.142045454545455030e+00
1.065340909090908283e+00
1.122159090909091717e+00
8.323863636363633134e-01
4.062500000000000000e-01
1.477272727272726627e+00
8.181818181818183433e-01
7.982954545454550299e-01
1.278409090909091717e+00
1.917613636363636687e+00
6.392045454545449701e-01
1.159090909090910060e+00
1.562500000000000000e+00
1.034090909090910060e+00
9.886363636363633134e-01
2.784090909090917165e-01
9.176136363636349103e-01
1.272727272727271597e+00
1.289772727272728403e+00
1.607954545454544970e+00
8.636363636363633134e-01
1.590909090909091717e+00
6.193181818181816567e-01
1.627840909090910060e+00
1.005681818181818343e+00
6.988636363636349103e-01
7.443181818181834331e-01
5.880681818181816567e-01
9.005681818181816567e-01
5.937500000000000000e-01
1.088068181818181657e+00
1.673295454545455030e+00
4.943181818181816567e-01
9.801136363636349103e-01
9.204545454545467464e-01
9.744318181818183433e-01
1.159090909090908283e+00
8.153409090909100598e-01
6.079545454545449701e-01
1.011363636363636687e+00
6.590909090909100598e-01
9.431818181818183433e-01
7.670454545454550299e-01
8.806818181818165669e-01
4.971590909090917165e-01
1.928977272727273373e+00
8.437500000000000000e-01
8.437500000000000000e-01
7.840909090909100598e-01
7.500000000000000000e-01
7.897727272727266268e-01
9.886363636363633134e-01
8.778409090909100598e-01
1.082386363636363313e+00
1.125000000000000000e+00
1.193181818181818343e+00
2.954545454545449701e-01
1.278409090909089940e+00
4.289772727272715969e-01
9.801136363636366866e-01
1.323863636363636687e+00
1.213068181818181657e+00
8.948863636363633134e-01
1.366477272727273373e+00
4.943181818181834331e-01
7.414772727272715969e-01
9.573863636363633134e-01
1.468750000000000000e+00
1.031250000000000000e+00
5.710227272727284031e-01
1.133522727272726627e+00
1.053977272727271597e+00
1.193181818181818343e+00
5.965909090909100598e-01
1.693181818181818343e+00
4.289772727272733732e-01
7.926136363636366866e-01
8.636363636363633134e-01
1.181818181818181657e+00
8.096590909090917165e-01
5.284090909090917165e-01
1.281250000000000000e+00
7.954545454545449701e-01
9.318181818181816567e-01
1.213068181818181657e+00
4.886363636363633134e-01
8.977272727272733732e-01
1.122159090909089940e+00
9.914772727272733732e-01
1.676136363636363313e+00
4.460227272727266268e-01
8.778409090909100598e-01
8.494318181818183433e-01
1.272727272727271597e+00
2.272727272727284031e-01
1.568181818181818343e+00
1.002840909090910060e+00
1.105113636363636687e+00
1.329545454545453254e+00
8.551136363636366866e-01
1.184659090909089940e+00
6.647727272727284031e-01
1.241477272727273373e+00
1.198863636363636687e+00
8.863636363636349103e-01
6.562500000000000000e-01
1.156250000000000000e+00
1.190340909090910060e+00
4.857954545454532536e-01
6.306818181818183433e-01
4.630681818181816567e-01
1.034090909090908283e+00
1.633522727272726627e+00
1.017045454545455030e+00
9.573863636363633134e-01
7.301136363636366866e-01
6.306818181818183433e-01
8.607954545454550299e-01
1.261363636363636687e+00
2.585227272727266268e-01
4.261363636363633134e-01
1.803977272727273373e+00
9.005681818181816567e-01
8.380681818181834331e-01
7.301136363636349103e-01
9.715909090909082835e-01
4.431818181818183433e-01
8.806818181818183433e-01
1.363636363636363313e+00
8.977272727272733732e-01
7.187500000000000000e-01
6.619318181818183433e-01
1.002840909090908283e+00
8.494318181818183433e-01
1.928977272727271597e+00
1.051136363636363313e+00
4.460227272727284031e-01
1.244318181818181657e+00
9.232954545454532536e-01
1.392045454545455030e+00
9.914772727272733732e-01
9.318181818181816567e-01
8.522727272727284031e-01
3.806818181818165669e-01
7.471590909090917165e-01
6.960227272727284031e-01
7.301136363636366866e-01
9.857954545454532536e-01
9.289772727272733732e-01
8.835227272727266268e-01
6.250000000000000000e-01
1.062500000000000000e+00
1.048295454545455030e+00
1.011363636363636687e+00
8.352272727272733732e-01
8.636363636363633134e-01
5.142045454545449701e-01
8.153409090909100598e-01
1.204545454545455030e+00
1.335227272727273373e+00
7.329545454545449701e-01
1.369318181818181657e+00
7.045454545454550299e-01
1.267045454545455030e+00
8.465909090909082835e-01
4.005681818181816567e-01
1.056818181818181657e+00
1.457386363636363313e+00
1.181818181818181657e+00
6.931818181818183433e-01
1.042613636363636687e+00
7.329545454545467464e-01
8.210227272727266268e-01
3.835227272727266268e-01
6.079545454545467464e-01
5.397727272727266268e-01
5.198863636363633134e-01
1.684659090909091717e+00
7.840909090909100598e-01
5.880681818181816567e-01
5.000000000000000000e-01
7.102272727272733732e-01
2.428977272727273373e+00
2.897727272727266268e-01
1.681818181818181657e+00
4.971590909090917165e-01
3.948863636363633134e-01
6.647727272727284031e-01
1.215909090909089940e+00
1.247159090909091717e+00
2.139204545454544970e+00
7.528409090909082835e-01
9.886363636363633134e-01
7.159090909090917165e-01
1.244318181818181657e+00
8.210227272727266268e-01
1.681818181818181657e+00
1.019886363636363313e+00
4.829545454545449701e-01
9.289772727272733732e-01
6.107954545454550299e-01
6.732954545454532536e-01
1.596590909090910060e+00
1.431818181818181657e+00
1.147727272727273373e+00
6.250000000000000000e-01
1.380681818181818343e+00
6.250000000000000000e-01
8.920454545454550299e-01
8.465909090909082835e-01
9.147727272727284031e-01
3.693181818181816567e-01
7.613636363636349103e-01
6.647727272727284031e-01
1.536931818181818343e+00
7.443181818181816567e-01
1.164772727272726627e+00
1.247159090909091717e+00
1.244318181818183433e+00
1.014204545454544970e+00
8.551136363636366866e-01
9.261363636363633134e-01
8.920454545454550299e-01
1.556818181818181657e+00
6.164772727272733732e-01
1.991477272727271597e+00
1.363636363636363313e+00
1.511363636363636687e+00
7.386363636363633134e-01
1.582386363636363313e+00
1.204545454545455030e+00
7.443181818181816567e-01
1.017045454545455030e+00
9.744318181818183433e-01
6.619318181818183433e-01
5.482954545454532536e-01
8.806818181818183433e-01
5.255681818181816567e-01
1.017045454545455030e+00
1.088068181818181657e+00
9.857954545454550299e-01
1.431818181818181657e+00
1.363636363636363313e+00
3.721590909090899402e-01
1.650568181818183433e+00
1.315340909090910060e+00
9.659090909090828347e-02
1.894886363636363313e+00
2.159090909090899402e-01
7.926136363636366866e-01
4.857954545454550299e-01
2.036931818181818343e+00
1.571022727272726627e+00
7.585227272727284031e-01
1.585227272727271597e+00
1.247159090909091717e+00
9.204545454545467464e-01
3.238636363636366866e-01
2.286931818181816567e+00
3.267045454545467464e-01
7.642045454545449701e-01
1.088068181818181657e+00
3.380681818181816567e-01
1.062500000000000000e+00
2.784090909090899402e-01
1.099431818181818343e+00
7.443181818181816567e-01
1.000000000000000000e+00
9.062500000000000000e-01
6.392045454545449701e-01
1.460227272727273373e+00
1.071022727272726627e+00
7.443181818181816567e-01
9.971590909090917165e-01
7.130681818181816567e-01
8.210227272727284031e-01
1.213068181818181657e+00
1.096590909090908283e+00
7.272727272727284031e-01
9.744318181818183433e-01
6.647727272727266268e-01
1.173295454545455030e+00
1.068181818181818343e+00
1.042613636363636687e+00
5.625000000000000000e-01
1.758522727272726627e+00
7.159090909090899402e-01
1.076704545454544970e+00
1.471590909090910060e+00
5.142045454545449701e-01
1.377840909090910060e+00
3.125000000000000000e-01
3.664772727272733732e-01
1.301136363636363313e+00
3.465909090909100598e-01
8.522727272727266268e-01
1.196022727272726627e+00
4.261363636363633134e-01
1.599431818181818343e+00
8.352272727272733732e-01
1.366477272727273373e+00
7.159090909090899402e-01
1.713068181818181657e+00
8.892045454545449701e-01
9.602272727272733732e-01
1.937500000000000000e+00
1.505681818181818343e+00
1.048295454545455030e+00
8.068181818181816567e-01
1.801136363636363313e+00
6.079545454545467464e-01
1.511363636363634910e+00
9.630681818181816567e-01
1.480113636363636687e+00
7.585227272727266268e-01
9.659090909090917165e-01
1.082386363636363313e+00
1.335227272727273373e+00
1.323863636363636687e+00
8.267045454545449701e-01
4.034090909090917165e-01
1.869318181818181657e+00
8.437500000000000000e-01
9.545454545454550299e-01
8.551136363636366866e-01
2.272727272727266268e-01
1.366477272727273373e+00
1.795454545454544970e+00
5.369318181818183433e-01
9.659090909090899402e-01
1.571022727272728403e+00
1.838068181818181657e+00
9.204545454545449701e-01
8.693181818181834331e-01
1.355113636363634910e+00
2.840909090909082835e-01
1.321022727272728403e+00
5.994318181818183433e-01
1.349431818181818343e+00
1.181818181818181657e+00
9.943181818181816567e-01
5.142045454545449701e-01
1.159090909090910060e+00
1.553977272727271597e+00
5.142045454545467464e-01
1.261363636363636687e+00
8.750000000000000000e-01
6.221590909090917165e-01
1.349431818181816567e+00
2.954545454545467464e-01
9.659090909090899402e-01
1.988636363636366866e-01
1.036931818181818343e+00
1.505681818181816567e-01
5.170454545454550299e-01
1.088068181818181657e+00
8.948863636363633134e-01
6.193181818181816567e-01
1.505681818181818343e+00
4.886363636363633134e-01
1.286931818181818343e+00
5.909090909090899402e-01
3.721590909090917165e-01
1.136363636363634910e+00
8.693181818181816567e-01
1.096590909090910060e+00
8.664772727272733732e-01
1.517045454545455030e+00
3.977272727272715969e-01
1.377840909090910060e+00
5.767045454545449701e-01
7.414772727272733732e-01
8.125000000000000000e-01
1.000000000000000000e+00
7.670454545454550299e-01
7.613636363636366866e-01
1.036931818181816567e+00
6.505681818181816567e-01
8.011363636363633134e-01
1.659090909090908283e+00
1.625000000000000000e+00
1.048295454545455030e+00
7.982954545454532536e-01
1.369318181818181657e+00
1.178977272727273373e+00
1.346590909090908283e+00
1.497159090909089940e+00
6.789772727272733732e-01
9.034090909090917165e-01
1.880681818181818343e+00
2.073863636363633134e-01
2.622159090909091717e+00
6.193181818181816567e-01
1.633522727272726627e+00
1.340909090909089940e+00
7.926136363636366866e-01
7.073863636363633134e-01
1.332386363636363313e+00
5.085227272727266268e-01
4.715909090909100598e-01
1.991477272727271597e+00
6.221590909090899402e-01
1.428977272727273373e+00
1.784090909090910060e+00
5.511363636363633134e-01
7.869318181818183433e-01
1.386363636363636687e+00
1.198863636363636687e+00
3.664772727272733732e-01
1.110795454545453254e+00
1.960227272727266268e-01
8.636363636363633134e-01
8.096590909090917165e-01
1.193181818181816567e+00
6.079545454545467464e-01
6.988636363636366866e-01
3.607954545454550299e-01
9.431818181818183433e-01
1.096590909090908283e+00
1.363636363636363313e+00
1.147727272727273373e+00
7.045454545454532536e-01
4.517045454545467464e-01
1.565340909090908283e+00
1.548295454545455030e+00
6.022727272727266268e-01
1.448863636363633134e-01
1.568181818181818343e+00
1.286931818181818343e+00
8.693181818181816567e-01
1.019886363636363313e+00
5.085227272727284031e-01
1.349431818181818343e+00
8.607954545454550299e-01
5.170454545454532536e-01
1.511363636363636687e+00
1.428977272727273373e+00
1.286931818181818343e+00
3.948863636363633134e-01
9.630681818181816567e-01
5.767045454545449701e-01
1.451704545454544970e+00
1.639204545454546746e+00
1.258522727272726627e+00
1.082386363636365090e+00
8.806818181818183433e-01
9.232954545454550299e-01
5.653409090909100598e-01
1.639204545454544970e+00
1.045454545454546746e+00
1.534090909090908283e+00
4.318181818181816567e-01
1.034090909090910060e+00
1.147727272727273373e+00
7.017045454545449701e-01
6.960227272727284031e-01
6.221590909090899402e-01
5.113636363636366866e-01
5.056818181818183433e-01
1.215909090909091717e+00
4.204545454545449701e-01
6.732954545454550299e-01
1.167613636363636687e+00
3.948863636363633134e-01
8.494318181818183433e-01
2.727272727272733732e-01
1.488636363636363313e+00
