7.926136363636349103e-01
1.732954545454546746e+00
7.471590909090899402e-01
5.852272727272733732e-01
5.369318181818183433e-01
2.869318181818183433e-01
1.585227272727271597e+00
5.937500000000000000e-01
1.221590909090908283e+00
1.184659090909091717e+00
8.494318181818165669e-01
1.605113636363636687e+00
9.488636363636366866e-01
1.284090909090908283e+00
1.335227272727273373e+00
1.761363636363636687e+00
8.068181818181816567e-01
7.443181818181816567e-01
8.778409090909100598e-01
1.602272727272724850e+00
1.585227272727273373e+00
3.863636363636366866e-01
1.920454545454546746e+00
6.107954545454550299e-01
1.252840909090908283e+00
6.619318181818183433e-01
1.014204545454544970e+00
1.110795454545455030e+00
1.181818181818181657e+00
9.090909090909100598e-01
2.036931818181818343e+00
2.556818181818183433e-01
5.369318181818165669e-01
1.065340909090908283e+00
5.397727272727284031e-01
1.238636363636363313e+00
5.994318181818183433e-01
7.414772727272715969e-01
1.090909090909089940e+00
9.744318181818183433e-01
1.906250000000001776e+00
1.289772727272726627e+00
7.414772727272733732e-01
1.357954545454544970e+00
1.417613636363634910e+00
1.491477272727273373e+00
9.943181818181834331e-01
7.869318181818183433e-01
1.803977272727273373e+00
9.176136363636349103e-01
4.943181818181834331e-01
1.099431818181816567e+00
8.409090909090917165e-01
3.835227272727266268e-01
1.281250000000000000e+00
1.363636363636363313e+00
9.914772727272733732e-01
7.556818181818183433e-01
8.948863636363650897e-01
7.642045454545449701e-01
4.062500000000000000e-01
9.375000000000000000e-01
5.028409090909082835e-01
6.704545454545467464e-01
1.076704545454544970e+00
5.056818181818183433e-01
6.363636363636366866e-01
6.250000000000000000e-01
1.508522727272728403e+00
8.352272727272715969e-01
2.042613636363638463e+00
5.198863636363633134e-01
1.434659090909089940e+00
1.389204545454546746e+00
9.943181818181816567e-01
1.289772727272728403e+00
5.738636363636349103e-01
8.096590909090917165e-01
4.687500000000000000e-01
1.039772727272726627e+00
4.318181818181816567e-01
1.446022727272726627e+00
8.750000000000000000e-01
6.193181818181816567e-01
5.852272727272733732e-01
1.502840909090908283e+00
1.147727272727271597e+00
1.272727272727273373e+00
1.289772727272726627e+00
1.173295454545455030e+00
5.227272727272715969e-01
9.772727272727284031e-01
1.127840909090908283e+00
8.721590909090917165e-01
9.232954545454550299e-01
4.204545454545449701e-01
1.164772727272726627e+00
1.414772727272726627e+00
6.164772727272733732e-01
1.119318181818181657e+00
1.022727272727273373e+00
1.048295454545455030e+00
1.590909090909082835e-01
1.406250000000000000e+00
3.295454545454550299e-01
1.965909090909089940e+00
2.329545454545449701e-01
1.056818181818181657e+00
8.750000000000000000e-01
1.389204545454546746e+00
9.886363636363633134e-01
7.642045454545449701e-01
8.579545454545449701e-01
1.721590909090910060e+00
1.730113636363636687e+00
7.585227272727266268e-01
1.232954545454546746e+00
7.784090909090899402e-01
1.332386363636363313e+00
1.093750000000000000e+00
3.238636363636366866e-01
8.664772727272733732e-01
9.517045454545449701e-01
4.375000000000000000e-01
6.193181818181816567e-01
5.909090909090899402e-01
3.511363636363634910e+00
9.687500000000000000e-01
1.312500000000000000e+00
8.551136363636366866e-01
1.463068181818183433e+00
9.034090909090899402e-01
1.298295454545455030e+00
7.926136363636366866e-01
9.886363636363633134e-01
7.982954545454550299e-01
8.920454545454532536e-01
3.465909090909100598e-01
1.437500000000000000e+00
9.460227272727266268e-01
5.994318181818183433e-01
9.431818181818183433e-01
5.909090909090899402e-01
9.261363636363633134e-01
8.778409090909100598e-01
1.178977272727273373e+00
1.548295454545455030e+00
8.494318181818183433e-01
1.801136363636363313e+00
8.039772727272733732e-01
2.062499999999998224e+00
1.125000000000000000e+00
1.329545454545455030e+00
7.528409090909082835e-01
1.332386363636363313e+00
1.142045454545455030e+00
1.264204545454544970e+00
8.039772727272733732e-01
1.426136363636363313e+00
1.846590909090899402e-01
5.000000000000000000e-01
1.633522727272726627e+00
3.636363636363633134e-01
9.829545454545449701e-01
4.403409090909082835e-01
1.366477272727273373e+00
9.687500000000000000e-01
7.045454545454550299e-01
2.071022727272728403e+00
1.474431818181818343e+00
6.619318181818183433e-01
1.440340909090908283e+00
9.232954545454550299e-01
1.451704545454546746e+00
6.931818181818183433e-01
3.494318181818165669e-01
4.602272727272733732e-01
1.559659090909089940e+00
5.397727272727284031e-01
9.971590909090899402e-01
1.252840909090910060e+00
1.079545454545453254e+00
5.539772727272733732e-01
6.250000000000000000e-01
8.323863636363633134e-01
6.250000000000000000e-01
1.426136363636363313e+00
1.801136363636363313e+00
7.613636363636366866e-01
1.343750000000000000e+00
8.210227272727266268e-01
1.039772727272726627e+00
1.559659090909091717e+00
2.789772727272726627e+00
1.269886363636365090e+00
1.102272727272726627e+00
9.346590909090899402e-01
4.204545454545467464e-01
6.875000000000000000e-01
1.386363636363636687e+00
1.448863636363636687e+00
1.076704545454543194e+00
1.167613636363636687e+00
8.011363636363633134e-01
5.284090909090917165e-01
6.960227272727266268e-01
6.278409090909082835e-01
9.772727272727284031e-01
1.156250000000000000e+00
1.377840909090908283e+00
1.457386363636365090e+00
7.159090909090899402e-01
7.670454545454550299e-01
7.272727272727266268e-01
8.210227272727284031e-01
2.812499999999998224e+00
1.306818181818181657e+00
4.147727272727284031e-01
1.059659090909089940e+00
9.971590909090917165e-01
7.301136363636366866e-01
1.164772727272726627e+00
8.267045454545449701e-01
1.065340909090910060e+00
4.204545454545449701e-01
5.000000000000000000e-01
1.346590909090910060e+00
2.500000000000000000e-01
1.022727272727273373e+00
1.255681818181818343e+00
3.892045454545449701e-01
1.267045454545455030e+00
6.193181818181816567e-01
1.250000000000000000e+00
9.176136363636366866e-01
4.573863636363633134e-01
4.687500000000000000e-01
8.068181818181816567e-01
1.710227272727271597e+00
8.437500000000000000e-01
1.843750000000000000e+00
4.857954545454550299e-01
5.454545454545467464e-01
1.000000000000000000e+00
1.019886363636363313e+00
1.318181818181818343e+00
4.005681818181816567e-01
5.511363636363633134e-01
1.022727272727273373e+00
1.394886363636363313e+00
9.318181818181816567e-01
9.488636363636366866e-01
1.394886363636363313e+00
1.176136363636363313e+00
1.309659090909091717e+00
4.318181818181816567e-01
3.068181818181816567e-01
8.153409090909100598e-01
1.227272727272726627e+00
8.267045454545449701e-01
1.767045454545453254e+00
9.857954545454550299e-01
8.153409090909100598e-01
6.278409090909100598e-01
1.392045454545453254e+00
1.375000000000000000e+00
1.156250000000000000e+00
4.176136363636349103e-01
4.801136363636366866e-01
9.346590909090917165e-01
7.045454545454550299e-01
8.522727272727266268e-01
6.875000000000000000e-01
8.039772727272733732e-01
9.488636363636349103e-01
9.176136363636366866e-01
3.380681818181816567e-01
1.602272727272728403e+00
8.238636363636366866e-01
6.392045454545449701e-01
8.920454545454550299e-01
1.022727272727271597e+00
1.613636363636365090e+00
4.261363636363633134e-01
1.241477272727271597e+00
9.289772727272733732e-01
1.369318181818181657e+00
9.261363636363633134e-01
8.920454545454550299e-01
1.099431818181818343e+00
4.517045454545449701e-01
1.136363636363636687e+00
4.176136363636366866e-01
1.321022727272726627e+00
1.448863636363636687e+00
8.551136363636366866e-01
5.767045454545449701e-01
1.048295454545455030e+00
1.474431818181818343e+00
1.275568181818181657e+00
3.465909090909082835e-01
6.022727272727284031e-01
9.062500000000000000e-01
1.247159090909091717e+00
4.573863636363633134e-01
1.011363636363636687e+00
1.252840909090908283e+00
1.931818181818181657e+00
8.721590909090899402e-01
8.323863636363633134e-01
9.375000000000000000e-01
7.471590909090917165e-01
1.369318181818179880e+00
1.903409090909089940e+00
4.488636363636366866e-01
1.752840909090908283e+00
5.965909090909082835e-01
1.176136363636365090e+00
5.170454545454532536e-01
1.318181818181818343e+00
3.011363636363650897e-01
6.022727272727266268e-01
2.326704545454544970e+00
1.062500000000000000e+00
5.284090909090899402e-01
1.139204545454546746e+00
1.187499999999998224e+00
1.082386363636365090e+00
8.465909090909082835e-01
1.088068181818181657e+00
1.457386363636363313e+00
9.545454545454550299e-01
8.210227272727266268e-01
1.005681818181818343e+00
1.883522727272728403e+00
3.465909090909082835e-01
7.642045454545449701e-01
1.303977272727273373e+00
8.778409090909100598e-01
7.272727272727284031e-01
1.207386363636363313e+00
3.437500000000000000e-01
1.491477272727271597e+00
9.090909090909082835e-01
9.772727272727266268e-01
8.068181818181834331e-01
7.159090909090899402e-01
1.335227272727266268e-01
1.369318181818183433e+00
3.835227272727266268e-01
9.232954545454550299e-01
1.250000000000000000e+00
1.784090909090908283e+00
6.818181818181816567e-01
7.272727272727266268e-01
1.221590909090910060e+00
5.852272727272733732e-01
7.187500000000000000e-01
8.465909090909100598e-01
2.519886363636365090e+00
3.522727272727266268e-01
1.065340909090910060e+00
6.221590909090899402e-01
7.244318181818183433e-01
5.852272727272733732e-01
1.721590909090908283e+00
6.278409090909100598e-01
8.096590909090899402e-01
7.159090909090917165e-01
5.965909090909082835e-01
5.568181818181816567e-01
8.153409090909100598e-01
9.488636363636366866e-01
1.389204545454544970e+00
5.795454545454550299e-01
1.034090909090908283e+00
8.607954545454550299e-01
1.176136363636363313e+00
7.187500000000000000e-01
1.042613636363636687e+00
7.613636363636366866e-01
1.355113636363636687e+00
5.738636363636349103e-01
6.619318181818183433e-01
1.463068181818181657e+00
8.778409090909082835e-01
1.090909090909091717e+00
9.573863636363633134e-01
1.210227272727271597e+00
6.022727272727266268e-01
9.147727272727266268e-01
8.380681818181816567e-01
1.068181818181818343e+00
1.119318181818181657e+00
7.386363636363633134e-01
5.539772727272733732e-01
1.732954545454544970e+00
9.829545454545467464e-01
6.221590909090899402e-01
6.732954545454550299e-01
9.119318181818183433e-01
9.545454545454550299e-01
1.025568181818181657e+00
9.375000000000000000e-01
3.750000000000000000e-01
2.161931818181818343e+00
8.664772727272733732e-01
1.565340909090908283e+00
4.346590909090917165e-01
7.329545454545449701e-01
1.204545454545455030e+00
9.687500000000000000e-01
5.085227272727266268e-01
1.167613636363636687e+00
6.107954545454532536e-01
4.204545454545467464e-01
1.039772727272726627e+00
1.193181818181818343e+00
2.517045454545455030e+00
1.093749999999998224e+00
1.201704545454544970e+00
4.034090909090899402e-01
1.764204545454546746e+00
9.517045454545449701e-01
8.210227272727284031e-01
1.582386363636363313e+00
1.073863636363634910e+00
1.471590909090910060e+00
6.505681818181816567e-01
4.034090909090917165e-01
1.170454545454544970e+00
9.005681818181816567e-01
9.488636363636366866e-01
1.201704545454546746e+00
1.698863636363636687e+00
9.545454545454550299e-01
1.008522727272726627e+00
1.377840909090908283e+00
1.031250000000000000e+00
1.326704545454546746e+00
3.579545454545449701e-01
5.539772727272715969e-01
9.346590909090917165e-01
7.954545454545449701e-01
5.284090909090917165e-01
5.028409090909100598e-01
9.403409090909082835e-01
7.187500000000000000e-01
1.573863636363636687e+00
3.948863636363633134e-01
1.590909090909089940e+00
8.551136363636366866e-01
1.025568181818181657e+00
8.977272727272733732e-01
6.448863636363633134e-01
1.218750000000001776e+00
1.590909090909089940e+00
1.173295454545455030e+00
6.420454545454550299e-01
1.190340909090908283e+00
8.295454545454550299e-01
1.053977272727271597e+00
1.571022727272728403e+00
9.261363636363615370e-01
5.255681818181816567e-01
1.321022727272726627e+00
9.829545454545467464e-01
4.943181818181834331e-01
4.488636363636349103e-01
1.156250000000000000e+00
1.349431818181818343e+00
8.806818181818183433e-01
7.272727272727266268e-01
1.031250000000000000e+00
1.218750000000000000e+00
7.414772727272733732e-01
9.744318181818183433e-01
1.343750000000000000e+00
2.167613636363636687e+00
1.539772727272728403e+00
8.295454545454532536e-01
1.042613636363636687e+00
9.943181818181816567e-01
6.250000000000000000e-01
7.329545454545449701e-01
1.102272727272726627e+00
6.306818181818183433e-01
1.190340909090910060e+00
9.062500000000000000e-01
9.545454545454532536e-01
7.954545454545467464e-01
1.235795454545453254e+00
1.036931818181818343e+00
1.036931818181818343e+00
4.715909090909082835e-01
1.593750000000000000e+00
1.301136363636363313e+00
7.840909090909100598e-01
4.687500000000000000e-01
1.258522727272726627e+00
5.454545454545467464e-01
2.301136363636349103e-01
7.642045454545467464e-01
1.181818181818181657e+00
8.409090909090899402e-01
7.187500000000000000e-01
1.034090909090910060e+00
6.846590909090899402e-01
6.363636363636366866e-01
6.221590909090917165e-01
2.272727272727266268e-01
1.335227272727273373e+00
1.031250000000000000e+00
8.153409090909082835e-01
5.113636363636366866e-01
1.448863636363636687e+00
8.835227272727284031e-01
4.943181818181816567e-01
1.355113636363634910e+00
7.670454545454532536e-01
2.926136363636366866e-01
9.772727272727284031e-01
1.164772727272726627e+00
1.400568181818181657e+00
9.573863636363633134e-01
7.017045454545467464e-01
1.090909090909089940e+00
1.701704545454544970e+00
9.573863636363633134e-01
8.181818181818183433e-01
1.500000000000000000e+00
7.102272727272733732e-01
8.835227272727266268e-01
8.636363636363650897e-01
1.485795454545453254e+00
7.556818181818183433e-01
6.534090909090899402e-01
1.386363636363636687e+00
1.190340909090910060e+00
1.164772727272715969e-01
1.241477272727273373e+00
1.474431818181818343e+00
1.139204545454546746e+00
2.812500000000000000e-01
8.693181818181816567e-01
1.383522727272726627e+00
6.306818181818183433e-01
1.963068181818181657e+00
5.000000000000000000e-01
1.139204545454544970e+00
8.096590909090917165e-01
4.914772727272733732e-01
1.107954545454544970e+00
8.863636363636366866e-01
8.721590909090899402e-01
1.039772727272726627e+00
9.034090909090917165e-01
9.431818181818183433e-01
1.014204545454544970e+00
6.136363636363633134e-01
1.684659090909091717e+00
7.954545454545502992e-02
1.306818181818181657e+00
9.659090909090899402e-01
9.602272727272733732e-01
1.048295454545455030e+00
9.687500000000000000e-01
4.034090909090917165e-01
7.755681818181816567e-01
1.238636363636363313e+00
5.596590909090917165e-01
4.772727272727266268e-01
6.221590909090917165e-01
7.272727272727284031e-01
8.437500000000000000e-01
1.857954545454544970e+00
1.196022727272726627e+00
4.545454545454550299e-01
6.647727272727266268e-01
1.261363636363638463e+00
1.011363636363636687e+00
6.306818181818183433e-01
1.417613636363636687e+00
9.346590909090899402e-01
6.193181818181816567e-01
4.744318181818183433e-01
1.948863636363638463e+00
1.136363636363636687e+00
6.960227272727266268e-01
1.107954545454546746e+00
7.187500000000000000e-01
2.136363636363634910e+00
1.934659090909091717e+00
1.772727272727273373e+00
7.443181818181816567e-01
1.735795454545453254e+00
1.136363636363636687e+00
8.295454545454550299e-01
1.215909090909089940e+00
1.071022727272728403e+00
1.144886363636365090e+00
1.406250000000000000e+00
5.000000000000000000e-01
1.096590909090908283e+00
5.852272727272733732e-01
5.625000000000000000e-01
9.460227272727266268e-01
1.349431818181818343e+00
6.022727272727266268e-01
4.744318181818183433e-01
1.389204545454544970e+00
4.659090909090917165e-01
1.789772727272726627e+00
1.144886363636363313e+00
1.264204545454544970e+00
9.034090909090917165e-01
2.017045454545449701e-01
1.071022727272728403e+00
1.318181818181818343e+00
1.105113636363636687e+00
8.181818181818183433e-01
4.687500000000000000e-01
1.315340909090910060e+00
1.153409090909091717e+00
1.062500000000000000e+00
1.576704545454544970e+00
6.903409090909100598e-01
9.573863636363633134e-01
6.590909090909100598e-01
1.451704545454544970e+00
4.289772727272733732e-01
1.039772727272726627e+00
8.551136363636366866e-01
5.426136363636366866e-01
1.187500000000000000e+00
1.215909090909091717e+00
6.647727272727266268e-01
1.247159090909089940e+00
9.403409090909100598e-01
7.556818181818183433e-01
1.019886363636363313e+00
1.377840909090910060e+00
1.241477272727273373e+00
6.193181818181816567e-01
1.906250000000000000e+00
4.232954545454550299e-01
1.198863636363636687e+00
1.406250000000000000e+00
9.517045454545467464e-01
8.664772727272715969e-01
8.948863636363633134e-01
2.812500000000000000e-01
1.434659090909089940e+00
1.295454545454546746e+00
1.167613636363636687e+00
6.732954545454550299e-01
7.073863636363633134e-01
1.181818181818181657e+00
1.386363636363636687e+00
1.073863636363634910e+00
1.017045454545455030e+00
1.167613636363636687e+00
2.187500000000000000e-01
8.437500000000000000e-01
1.178977272727273373e+00
6.903409090909082835e-01
7.528409090909082835e-01
2.664772727272726627e+00
1.576704545454544970e+00
1.178977272727273373e+00
7.102272727272733732e-01
1.480113636363636687e+00
4.289772727272715969e-01
5.880681818181816567e-01
7.556818181818183433e-01
1.235795454545455030e+00
1.142045454545455030e+00
1.559659090909091717e+00
7.613636363636366866e-01
9.573863636363633134e-01
1.536931818181818343e+00
2.982954545454532536e-01
1.116477272727273373e+00
4.971590909090917165e-01
9.460227272727266268e-01
6.647727272727266268e-01
1.198863636363636687e+00
9.119318181818183433e-01
1.008522727272726627e+00
7.897727272727284031e-01
1.534090909090908283e+00
6.647727272727284031e-01
7.784090909090899402e-01
8.437500000000000000e-01
1.062500000000000000e+00
2.028409090909089940e+00
7.471590909090917165e-01
1.761363636363650897e-01
1.190340909090908283e+00
9.829545454545449701e-01
6.875000000000000000e-01
1.383522727272726627e+00
1.295454545454544970e+00
3.068181818181816567e-01
1.409090909090908283e+00
9.232954545454550299e-01
8.238636363636366866e-01
7.897727272727266268e-01
5.965909090909100598e-01
1.789772727272726627e+00
5.823863636363633134e-01
4.886363636363633134e-01
9.261363636363650897e-01
6.306818181818183433e-01
1.011363636363636687e+00
1.906250000000000000e+00
1.034090909090910060e+00
9.147727272727266268e-01
7.357954545454550299e-01
6.193181818181816567e-01
6.335227272727266268e-01
4.517045454545467464e-01
1.869318181818179880e+00
1.707386363636365090e+00
7.045454545454532536e-01
8.664772727272715969e-01
7.982954545454550299e-01
6.732954545454550299e-01
2.079545454545455030e+00
1.372159090909089940e+00
3.181818181818183433e-01
5.710227272727284031e-01
1.056818181818181657e+00
5.994318181818183433e-01
1.170454545454544970e+00
1.088068181818181657e+00
1.752840909090908283e+00
3.721590909090917165e-01
1.616477272727273373e+00
7.329545454545449701e-01
1.346590909090908283e+00
1.011363636363636687e+00
7.357954545454550299e-01
8.323863636363633134e-01
7.812500000000000000e-01
1.335227272727273373e+00
1.411931818181818343e+00
7.698863636363633134e-01
1.610795454545455030e+00
1.142045454545455030e+00
9.971590909090899402e-01
1.258522727272728403e+00
1.582386363636363313e+00
9.261363636363650897e-01
8.011363636363633134e-01
1.738636363636363313e+00
5.994318181818183433e-01
1.392045454545455030e+00
7.812500000000000000e-01
9.460227272727266268e-01
1.119318181818181657e+00
9.829545454545449701e-01
1.196022727272726627e+00
7.954545454545467464e-01
8.750000000000000000e-01
8.295454545454532536e-01
2.272727272727284031e-01
9.943181818181816567e-01
1.093750000000000000e+00
4.943181818181816567e-01
7.386363636363633134e-01
5.454545454545467464e-01
6.960227272727266268e-01
1.517045454545455030e+00
9.204545454545449701e-01
4.403409090909100598e-01
1.227272727272726627e+00
4.147727272727284031e-01
1.116477272727271597e+00
1.960227272727271597e+00
1.062500000000000000e+00
3.977272727272733732e-01
1.448863636363636687e+00
6.931818181818183433e-01
8.153409090909100598e-01
1.218750000000000000e+00
8.494318181818183433e-01
1.068181818181818343e+00
3.437500000000000000e-01
1.511363636363634910e+00
1.400568181818181657e+00
6.420454545454550299e-01
1.738636363636365090e+00
1.292613636363636687e+00
5.738636363636366866e-01
1.085227272727271597e+00
1.230113636363636687e+00
1.088068181818181657e+00
5.994318181818183433e-01
1.545454545454546746e+00
1.187499999999998224e+00
1.318181818181818343e+00
7.357954545454532536e-01
1.008522727272728403e+00
1.741477272727273373e+00
1.738636363636365090e+00
1.338068181818181657e+00
7.556818181818183433e-01
6.477272727272733732e-01
8.352272727272715969e-01
5.085227272727284031e-01
9.914772727272715969e-01
1.241477272727273373e+00
1.528409090909089940e+00
8.181818181818165669e-01
1.522727272727273373e+00
1.659090909090908283e+00
8.977272727272733732e-01
6.221590909090899402e-01
1.781250000000000000e+00
9.431818181818183433e-01
1.045454545454544970e+00
1.545454545454544970e+00
1.099431818181818343e+00
6.335227272727266268e-01
1.102272727272726627e+00
8.693181818181816567e-01
1.045454545454544970e+00
9.801136363636366866e-01
1.085227272727273373e+00
1.227272727272726627e+00
5.340909090909100598e-01
2.258522727272726627e+00
3.551136363636366866e-01
1.434659090909089940e+00
6.562500000000000000e-01
9.346590909090917165e-01
1.127840909090908283e+00
6.335227272727284031e-01
2.346590909090908283e+00
6.079545454545449701e-01
1.443181818181818343e+00
7.357954545454550299e-01
4.630681818181816567e-01
1.352272727272728403e+00
2.562499999999998224e+00
1.409090909090908283e+00
9.232954545454550299e-01
6.590909090909082835e-01
8.096590909090917165e-01
1.142045454545455030e+00
7.130681818181816567e-01
9.914772727272733732e-01
1.338068181818181657e+00
4.090909090909100598e-01
8.977272727272715969e-01
5.738636363636366866e-01
6.477272727272733732e-01
1.659090909090908283e+00
3.522727272727266268e-01
1.125000000000001776e+00
7.727272727272733732e-01
9.886363636363633134e-01
1.159090909090908283e+00
1.366477272727273373e+00
6.732954545454532536e-01
1.318181818181818343e+00
1.701704545454546746e+00
1.042613636363634910e+00
9.829545454545449701e-01
1.190340909090910060e+00
8.977272727272733732e-01
2.982954545454550299e-01
1.250000000000000000e+00
1.224431818181818343e+00
1.812499999999998224e+00
4.573863636363633134e-01
6.022727272727284031e-01
1.178977272727271597e+00
1.042613636363636687e+00
1.502840909090910060e+00
1.318181818181818343e+00
3.750000000000000000e-01
7.215909090909100598e-01
4.204545454545449701e-01
1.690340909090908283e+00
8.721590909090899402e-01
5.000000000000000000e-01
1.147727272727273373e+00
5.255681818181816567e-01
1.306818181818183433e+00
9.772727272727266268e-01
4.886363636363633134e-01
7.642045454545449701e-01
6.590909090909100598e-01
1.522727272727273373e+00
8.579545454545467464e-01
1.582386363636363313e+00
9.289772727272733732e-01
1.355113636363634910e+00
1.059659090909091717e+00
1.383522727272726627e+00
1.406250000000000000e+00
1.102272727272726627e+00
1.284090909090910060e+00
1.056818181818181657e+00
7.556818181818183433e-01
1.065340909090908283e+00
3.295454545454550299e-01
8.721590909090917165e-01
1.465909090909089940e+00
1.928977272727273373e+00
5.397727272727266268e-01
7.727272727272733732e-01
1.281250000000000000e+00
1.369318181818181657e+00
1.269886363636365090e+00
5.653409090909082835e-01
9.261363636363633134e-01
1.573863636363636687e+00
1.005681818181818343e+00
1.178977272727271597e+00
8.096590909090899402e-01
1.326704545454544970e+00
3.948863636363650897e-01
9.829545454545449701e-01
5.880681818181816567e-01
1.309659090909089940e+00
9.943181818181834331e-02
1.423295454545455030e+00
9.573863636363633134e-01
5.482954545454550299e-01
7.159090909090917165e-01
3.977272727272715969e-01
1.860795454545455030e+00
8.863636363636366866e-01
1.244318181818181657e+00
1.102272727272726627e+00
1.960227272727273373e+00
1.636363636363634910e+00
1.732954545454550299e-01
1.130681818181818343e+00
7.301136363636366866e-01
7.926136363636366866e-01
1.366477272727271597e+00
3.977272727272733732e-01
1.406250000000000000e+00
6.818181818181816567e-01
1.139204545454546746e+00
1.190340909090908283e+00
9.176136363636366866e-01
1.565340909090908283e+00
1.011363636363636687e+00
7.357954545454532536e-01
7.840909090909100598e-01
1.522727272727273373e+00
1.531250000000000000e+00
8.948863636363633134e-01
6.647727272727266268e-01
1.093750000000000000e+00
2.207386363636363313e+00
1.616477272727271597e+00
3.579545454545467464e-01
4.062500000000000000e-01
1.582386363636363313e+00
3.636363636363633134e-01
1.102272727272726627e+00
1.272727272727273373e+00
8.380681818181816567e-01
1.227272727272726627e+00
1.636363636363636687e+00
1.681818181818183433e+00
1.269886363636363313e+00
8.920454545454550299e-01
9.914772727272715969e-01
8.892045454545467464e-01
5.056818181818183433e-01
1.727272727272726627e+00
1.201704545454546746e+00
9.062500000000000000e-01
1.482954545454544970e+00
1.275568181818183433e+00
1.125000000000000000e+00
6.789772727272733732e-01
2.812500000000000000e-01
6.477272727272715969e-01
1.687500000000000000e+00
4.289772727272715969e-01
8.125000000000000000e-01
1.073863636363636687e+00
1.613636363636363313e+00
3.948863636363633134e-01
5.397727272727284031e-01
2.556818181818183433e-01
1.454545454545453254e+00
7.017045454545467464e-01
6.193181818181816567e-01
1.869318181818179880e+00
4.829545454545467464e-01
2.019886363636363313e+00
1.150568181818181657e+00
1.295454545454544970e+00
3.721590909090899402e-01
8.920454545454550299e-01
1.198863636363636687e+00
8.153409090909082835e-01
1.323863636363636687e+00
3.579545454545467464e-01
1.051136363636363313e+00
9.375000000000000000e-01
1.372159090909091717e+00
8.181818181818183433e-01
4.375000000000000000e-01
1.903409090909091717e+00
8.039772727272715969e-01
9.261363636363633134e-01
5.482954545454550299e-01
5.909090909090917165e-01
8.892045454545449701e-01
3.011363636363633134e-01
1.056818181818181657e+00
1.190340909090910060e+00
1.113636363636363313e+00
2.585227272727266268e-01
7.954545454545467464e-01
7.073863636363633134e-01
7.670454545454550299e-01
8.579545454545449701e-01
3.948863636363633134e-01
8.352272727272733732e-01
1.170454545454544970e+00
3.238636363636366866e-01
1.187500000000000000e+00
1.301136363636365090e+00
1.133522727272726627e+00
1.062500000000000000e+00
4.772727272727266268e-01
1.053977272727273373e+00
5.738636363636366866e-01
1.105113636363636687e+00
7.357954545454532536e-01
7.272727272727284031e-01
2.548295454545453254e+00
3.607954545454550299e-01
6.278409090909082835e-01
7.414772727272733732e-01
3.068181818181816567e-01
1.644886363636365090e+00
7.727272727272715969e-01
9.403409090909100598e-01
6.590909090909082835e-01
8.181818181818183433e-01
2.329545454545449701e-01
1.647727272727273373e+00
7.642045454545449701e-01
1.005681818181818343e+00
7.130681818181816567e-01
6.761363636363633134e-01
1.713068181818181657e+00
1.090909090909091717e+00
1.338068181818181657e+00
6.732954545454532536e-01
1.014204545454546746e+00
2.642045454545449701e-01
1.085227272727273373e+00
5.511363636363633134e-01
