1.394531920954851338e-02
1.442213520096618379e-02
1.379796531769035030e-02
1.418771529639263965e-02
1.401992477811941917e-02
1.367354363342358943e-02
1.374602879683665957e-02
1.381455690327733701e-02
1.377349777980970205e-02
1.335114910793639212e-02
1.344276745694200463e-02
1.366413227643749340e-02
1.325325879401292872e-02
1.363677003861268194e-02
1.321033635201833076e-02
1.358198274680555949e-02
1.338101893582844398e-02
1.297372376692388328e-02
1.378906201159402559e-02
1.360449716018893342e-02
1.354204628991455620e-02
1.296994132918477018e-02
1.387075017609106994e-02
1.369639145359097254e-02
1.312598714177410503e-02
1.337855382792971920e-02
1.350931433962960365e-02
1.326087391126927126e-02
1.377401051689926964e-02
1.410205763019243413e-02
1.376211816372837661e-02
1.330443096077210327e-02
1.424008498626015348e-02
1.334196681667408450e-02
1.364967393628878194e-02
1.432084414826675575e-02
1.402442811708300673e-02
1.432829072342767240e-02
1.418977184028210117e-02
1.392081909355155807e-02
1.483858336743319392e-02
1.384414895140278004e-02
1.382878638326559204e-02
1.456276039922603689e-02
1.477379671468118452e-02
1.418226523613816924e-02
1.415855928990449389e-02
1.457088917557058071e-02
1.414447597806202904e-02
1.429221559703322542e-02
1.453699017551475167e-02
1.485603112194017021e-02
1.601347921052132667e-02
1.450340482673893698e-02
1.433608450049123940e-02
1.505943391495418761e-02
1.536800592689025781e-02
1.476703879867453939e-02
1.461281716642510824e-02
1.457519383636368682e-02
1.455136048346039081e-02
1.479532044790540617e-02
1.459667012940397274e-02
1.520605811212714931e-02
1.513582593970208556e-02
1.553472937531786072e-02
1.532749980334984982e-02
1.525496998090090928e-02
1.460730793846159656e-02
1.515945226006232098e-02
1.504139835675289555e-02
1.547679309048739273e-02
1.430631972772806494e-02
1.450603100862122262e-02
1.474871508598413899e-02
1.514153842819028831e-02
1.503145407430771761e-02
1.484333036026116472e-02
1.541948503683835368e-02
1.601806091050686845e-02
1.602235950383017540e-02
1.485653037242796494e-02
1.626664950454864700e-02
1.469897596890664543e-02
1.502228626884413200e-02
1.520643274400453916e-02
1.421278871932501152e-02
1.457378127575311572e-02
1.528876510428746512e-02
1.631180990328582464e-02
1.496977595217903988e-02
1.576187229352402769e-02
1.558161013321831580e-02
1.579243354740914040e-02
1.509039517023050628e-02
1.590613534868147785e-02
1.662681548109768218e-02
1.632379373256244784e-02
1.611825252784375787e-02
1.611073933213594267e-02
