1.285178236397748475e-01
1.397748592870544093e-01
1.285178236397748475e-01
1.191369606003752357e-01
1.275797373358348863e-01
1.257035647279549639e-01
1.369606003752345258e-01
1.341463414634146423e-01
1.125703564727954936e-01
1.266416510318949251e-01
1.275797373358348863e-01
1.088180112570356489e-01
1.153846153846153910e-01
1.322701688555347199e-01
1.153846153846153910e-01
1.378986866791744870e-01
1.172607879924953134e-01
1.135084427767354548e-01
1.135084427767354548e-01
1.181988742964352745e-01
1.172607879924953134e-01
1.200750469043151969e-01
1.088180112570356489e-01
1.463414634146341375e-01
1.191369606003752357e-01
1.350844277673546034e-01
1.219512195121951192e-01
1.332082551594746811e-01
1.454033771106941764e-01
1.726078799249531059e-01
2.654784240150093733e-01
5.515947467166979479e-01
9.718574108818011092e-01
