3.362834573767111497e-04
9.786228251090281494e-04
1.609267611159835793e-03
2.221949086721569568e-03
2.817869393320993586e-03
3.403225538083535801e-03
3.985554476636290859e-03
4.561493207608861324e-03
5.129934001544243088e-03
5.693965311833315730e-03
6.255536089692950892e-03
6.813088504458745739e-03
7.370316811247290718e-03
7.919057606680891467e-03
8.465151845178162451e-03
9.012436704012567398e-03
9.554543843675608952e-03
1.009374251029192607e-02
1.063780436656154918e-02
1.117303556247782256e-02
1.171120974405900558e-02
1.224571463802126385e-02
1.277863196126109886e-02
1.331284592274316163e-02
1.385118915519139952e-02
1.438368640264031835e-02
1.492709810456839190e-02
1.546391456363903176e-02
1.600788939851374368e-02
1.656939455910880557e-02
1.718883576072398681e-02
1.796785218485845784e-02
1.956795667139464220e-02
