6.059224168463960290e+06
6.017305900374407880e+06
6.076393778844863176e+06
6.058324675567337312e+06
6.086929817593851127e+06
6.110367192880973220e+06
6.119190503729090095e+06
6.128144984243046492e+06
6.150682985850539058e+06
6.177642337970613502e+06
6.173028193810642697e+06
6.125143413034591824e+06
6.181756178751808591e+06
6.150362884964335710e+06
6.185212581146118231e+06
6.181509431834900752e+06
6.207122820646060631e+06
6.194020088490110822e+06
6.168266992114444263e+06
6.216875669848993421e+06
6.157069537754126824e+06
6.255672861582410522e+06
6.162372935291826725e+06
6.181255950749581680e+06
6.240502912453452125e+06
6.207170081550312229e+06
6.208672247294474393e+06
6.239090137901571579e+06
6.179219633727640845e+06
6.199113896663417108e+06
6.176422057138470002e+06
6.225525106110244989e+06
6.139254814752981067e+06
6.235187021132552996e+06
6.173920605282561854e+06
6.120181649137330242e+06
6.152727696641430259e+06
6.123754376887831837e+06
6.158476749009421095e+06
6.166823414072355255e+06
6.079085647865680978e+06
6.170006225169670768e+06
6.120828705574078485e+06
6.081384648639161140e+06
6.079595143671090715e+06
6.128729924768256024e+06
6.159352643881636672e+06
6.102717195795594715e+06
6.128668817843215540e+06
6.130808932808949612e+06
6.100799824902272783e+06
6.033221243724314496e+06
6.011125178351041861e+06
6.092166797395068221e+06
6.089276717287342995e+06
6.068838955916120671e+06
6.065465311999585479e+06
6.061224001583744772e+06
6.102532445571389049e+06
6.084247595579145476e+06
6.068394873598416336e+06
6.081342483910145238e+06
6.036649714488140307e+06
6.022390641424199566e+06
6.028898873548172414e+06
6.017443812352499925e+06
6.026595813255042769e+06
6.041298287647608668e+06
6.066045301024468616e+06
6.031091863132814877e+06
6.040024588940512389e+06
5.996294342501873150e+06
6.098595654883298092e+06
6.104449317290769890e+06
6.061714210723259486e+06
6.012330754025419243e+06
6.017549567007823847e+06
6.050787433481897227e+06
6.015078494746155106e+06
5.947940560564992949e+06
5.925074906306404620e+06
6.053754847432846203e+06
5.947164944955747575e+06
6.064587682738603093e+06
6.016616119187541306e+06
6.036912536102511920e+06
6.087314242928378284e+06
6.082464989057530649e+06
6.026577170894203708e+06
5.919208328617176972e+06
6.045111920226619579e+06
5.982104014142483473e+06
6.013918206311940216e+06
5.970032559604301117e+06
6.028449576023206115e+06
6.017499980825351551e+06
5.948054124436261132e+06
5.936032905600722879e+06
5.928643640758913010e+06
5.972816353804176673e+06
