1.482954545454546746e+00
6.789772727272804786e-01
1.323863636363626028e+00
5.142045454545467464e-01
1.204545454545453254e+00
1.113636363636373972e+00
3.835227272727195214e-01
6.676136363636260285e-01
3.267045454545467464e-01
7.017045454545467464e-01
1.022727272727280479e+00
1.511363636363626028e+00
6.704545454545467464e-01
8.607954545454532536e-01
9.289772727272662678e-01
8.693181818181869858e-01
6.960227272727195214e-01
7.670454545454674644e-01
1.659090909090906507e+00
8.267045454545467464e-01
6.732954545454532536e-01
1.676136363636359761e+00
1.380681818181827225e+00
5.795454545454532536e-01
1.423295454545453254e+00
1.428977272727280479e+00
1.130681818181813014e+00
4.659090909090934929e-01
6.931818181818130142e-01
1.079545454545453254e+00
1.144886363636359761e+00
1.056818181818186986e+00
8.977272727272662678e-01
1.894886363636373972e+00
2.443181818181727749e-01
6.022727272727337322e-01
7.755681818181727749e-01
2.178977272727280479e+00
1.082386363636359761e+00
1.068181818181827225e+00
2.059659090909093493e+00
9.034090909090934929e-01
5.937500000000000000e-01
1.588068181818186986e+00
6.761363636363597607e-01
1.667613636363640239e+00
6.761363636363597607e-01
5.795454545454532536e-01
7.556818181818130142e-01
6.107954545454532536e-01
1.153409090909093493e+00
2.190340909090906507e+00
8.380681818181869858e-01
2.244318181818130142e-01
1.258522727272733732e+00
8.295454545454532536e-01
1.252840909090906507e+00
5.625000000000000000e-01
1.982954545454546746e+00
6.647727272727337322e-01
6.107954545454674644e-01
1.224431818181813014e+00
1.193181818181813014e+00
1.332386363636359761e+00
3.522727272727195214e-01
1.000000000000000000e+00
9.204545454545467464e-01
2.025568181818172775e+00
1.269886363636373972e+00
3.380681818181869858e-01
1.147727272727266268e+00
1.565340909090906507e+00
1.607954545454546746e+00
7.727272727272804786e-01
9.659090909090792820e-01
5.227272727272804786e-01
3.806818181818130142e-01
1.619318181818186986e+00
8.267045454545467464e-01
2.073863636363597607e-01
1.073863636363640239e+00
1.295454545454532536e+00
1.707386363636373972e+00
1.014204545454546746e+00
1.042613636363626028e+00
7.414772727272804786e-01
8.551136363636402393e-01
1.144886363636359761e+00
9.659090909090934929e-01
1.198863636363640239e+00
7.244318181818130142e-01
6.960227272727337322e-01
1.107954545454546746e+00
1.076704545454546746e+00
7.784090909090934929e-01
1.232954545454546746e+00
1.392045454545453254e+00
1.090909090909093493e+00
4.517045454545467464e-01
8.948863636363597607e-01
7.556818181818272251e-01
9.715909090909065071e-01
1.457386363636359761e+00
2.386363636363597607e-01
1.514204545454546746e+00
1.193181818181813014e+00
1.017045454545453254e+00
7.017045454545467464e-01
9.375000000000000000e-01
9.545454545454532536e-01
1.142045454545453254e+00
1.045454545454546746e+00
1.579545454545453254e+00
1.116477272727280479e+00
5.681818181818130142e-01
1.096590909090920718e+00
6.221590909090792820e-01
9.488636363636402393e-01
1.590909090909093493e+00
2.414772727272662678e-01
1.147727272727266268e+00
6.448863636363739715e-01
8.920454545454532536e-01
3.494318181818130142e-01
2.528409090909065071e-01
1.011363636363640239e+00
1.127840909090906507e+00
6.306818181818130142e-01
1.505681818181813014e+00
1.139204545454546746e+00
1.363636363636359761e+00
4.971590909090934929e-01
9.005681818181869858e-01
4.488636363636260285e-01
1.545454545454546746e+00
5.994318181818272251e-01
1.340909090909079282e+00
7.926136363636402393e-01
5.852272727272804786e-01
7.954545454545467464e-01
1.406250000000000000e+00
1.079545454545453254e+00
1.383522727272719521e+00
3.806818181818272251e-01
1.784090909090906507e+00
1.357954545454546746e+00
5.113636363636260285e-01
1.022727272727280479e+00
3.210227272727195214e-01
8.352272727272662678e-01
8.295454545454674644e-01
2.585227272727195214e-01
0.000000000000000000e+00
2.869318181818272251e-01
6.875000000000000000e-01
5.909090909090792820e-01
9.659090909090934929e-01
1.261363636363640239e+00
1.488636363636373972e+00
7.073863636363597607e-01
9.602272727272662678e-01
1.536931818181813014e+00
5.994318181818130142e-01
6.647727272727337322e-01
1.261363636363640239e+00
6.505681818181727749e-01
2.346590909090920718e+00
8.863636363636402393e-01
1.988636363636260285e-01
1.036931818181827225e+00
1.437500000000000000e+00
8.096590909090934929e-01
1.448863636363640239e+00
6.789772727272662678e-01
7.272727272727337322e-01
1.301136363636359761e+00
1.650568181818186986e+00
1.335227272727280479e+00
6.931818181818130142e-01
6.079545454545467464e-01
1.130681818181827225e+00
8.153409090909065071e-01
1.392045454545453254e+00
5.340909090909065071e-01
5.454545454545467464e-01
1.167613636363640239e+00
7.102272727272662678e-01
1.684659090909093493e+00
5.965909090909065071e-01
1.542613636363640239e+00
1.826704545454546746e+00
1.275568181818186986e+00
6.988636363636402393e-01
9.517045454545325356e-01
7.840909090909207180e-01
1.079545454545453254e+00
9.829545454545467464e-01
1.377840909090906507e+00
5.284090909090792820e-01
8.295454545454532536e-01
1.105113636363640239e+00
6.903409090909065071e-01
1.019886363636359761e+00
1.150568181818186986e+00
1.806818181818172775e+00
2.767045454545453254e+00
1.318181818181813014e+00
6.761363636363597607e-01
1.360795454545453254e+00
8.068181818181869858e-01
1.764204545454546746e+00
9.744318181818272251e-01
1.275568181818172775e+00
8.323863636363739715e-01
3.238636363636402393e-01
1.068181818181827225e+00
8.039772727272662678e-01
9.630681818181869858e-01
3.465909090909065071e-01
1.786931818181813014e+00
7.215909090909065071e-01
7.102272727272662678e-01
1.735795454545453254e+00
1.113636363636373972e+00
8.267045454545467464e-01
1.514204545454546746e+00
6.619318181818130142e-01
4.630681818181869858e-01
1.860795454545453254e+00
1.573863636363640239e+00
9.431818181818272251e-01
6.164772727272662678e-01
1.599431818181827225e+00
1.403409090909079282e+00
5.994318181818272251e-01
1.076704545454546746e+00
7.102272727272662678e-01
8.295454545454532536e-01
8.352272727272804786e-01
3.579545454545467464e-01
1.406250000000000000e+00
7.954545454545467464e-01
8.323863636363597607e-01
2.073863636363597607e-01
1.457386363636373972e+00
1.107954545454546746e+00
7.102272727272662678e-01
8.948863636363739715e-01
2.082386363636359761e+00
1.053977272727280479e+00
1.590909090909093493e+00
1.025568181818172775e+00
1.085227272727280479e+00
1.056818181818186986e+00
1.988636363636260285e-01
1.380681818181827225e+00
8.920454545454532536e-01
7.500000000000000000e-01
1.113636363636359761e+00
1.585227272727266268e+00
1.528409090909093493e+00
8.409090909090792820e-01
8.835227272727337322e-01
1.627840909090906507e+00
9.659090909090934929e-01
1.247159090909093493e+00
1.164772727272733732e+00
4.062500000000000000e-01
1.860795454545453254e+00
1.017045454545453254e+00
1.474431818181827225e+00
1.034090909090906507e+00
8.494318181818130142e-01
5.142045454545467464e-01
9.147727272727195214e-01
8.153409090909207180e-01
8.409090909090934929e-01
1.039772727272719521e+00
5.823863636363597607e-01
6.107954545454532536e-01
5.000000000000000000e-01
8.778409090909065071e-01
1.346590909090906507e+00
8.181818181818272251e-01
1.730113636363640239e+00
7.585227272727195214e-01
8.579545454545467464e-01
8.920454545454532536e-01
1.349431818181827225e+00
1.065340909090906507e+00
1.440340909090920718e+00
7.471590909090792820e-01
1.556818181818186986e+00
1.000000000000000000e+00
1.150568181818172775e+00
1.363636363636373972e+00
8.181818181818130142e-01
1.355113636363640239e+00
5.312500000000000000e-01
1.213068181818186986e+00
7.897727272727337322e-01
1.267045454545453254e+00
5.994318181818130142e-01
1.045454545454546746e+00
1.082386363636359761e+00
9.431818181818272251e-01
1.343750000000000000e+00
6.619318181818272251e-01
1.235795454545453254e+00
4.829545454545467464e-01
1.409090909090906507e+00
8.267045454545325356e-01
6.505681818181869858e-01
1.088068181818186986e+00
1.014204545454546746e+00
1.170454545454546746e+00
2.161931818181813014e+00
1.303977272727266268e+00
1.636363636363640239e+00
1.161931818181813014e+00
1.701704545454546746e+00
7.642045454545467464e-01
1.196022727272733732e+00
1.298295454545453254e+00
5.625000000000000000e-01
5.340909090909065071e-01
1.582386363636359761e+00
9.801136363636402393e-01
4.261363636363597607e-01
4.602272727272804786e-01
1.034090909090906507e+00
1.599431818181813014e+00
8.068181818181869858e-01
5.937500000000000000e-01
1.553977272727266268e+00
1.272727272727280479e+00
8.295454545454532536e-01
1.349431818181813014e+00
7.471590909090792820e-01
7.642045454545467464e-01
1.250000000000000000e+00
6.875000000000000000e-01
7.840909090909065071e-01
7.045454545454532536e-01
8.579545454545467464e-01
1.477272727272719521e+00
8.380681818181869858e-01
1.821022727272733732e+00
5.255681818181869858e-01
6.818181818181727749e-01
1.443181818181827225e+00
1.860795454545453254e+00
1.065340909090906507e+00
5.511363636363739715e-01
1.068181818181813014e+00
5.340909090909065071e-01
1.312500000000000000e+00
5.227272727272804786e-01
1.585227272727266268e+00
1.392045454545453254e+00
3.125000000000000000e-01
1.860795454545453254e+00
1.448863636363640239e+00
6.051136363636260285e-01
9.460227272727337322e-01
6.420454545454532536e-01
8.948863636363597607e-01
7.698863636363739715e-01
9.034090909090792820e-01
2.454545454545453254e+00
1.403409090909093493e+00
8.551136363636402393e-01
1.125000000000000000e+00
6.732954545454532536e-01
1.241477272727280479e+00
7.102272727272662678e-01
1.042613636363640239e+00
4.630681818181727749e-01
6.164772727272804786e-01
6.619318181818130142e-01
1.619318181818186986e+00
1.082386363636359761e+00
6.022727272727195214e-01
1.230113636363640239e+00
3.977272727272804786e-01
8.437500000000000000e-01
6.534090909090934929e-01
9.261363636363597607e-01
7.073863636363597607e-01
8.096590909090934929e-01
1.380681818181827225e+00
1.068181818181813014e+00
4.630681818181869858e-01
9.460227272727337322e-01
6.107954545454532536e-01
2.602272727272733732e+00
8.693181818181727749e-01
8.693181818181869858e-01
7.585227272727195214e-01
7.500000000000000000e-01
1.215909090909093493e+00
6.846590909090792820e-01
9.375000000000000000e-01
2.136363636363640239e+00
1.218750000000000000e+00
1.258522727272733732e+00
9.687500000000000000e-01
1.505681818181813014e+00
1.028409090909079282e+00
5.937500000000000000e-01
9.232954545454532536e-01
1.607954545454546746e+00
7.187500000000000000e-01
1.920454545454546746e+00
9.857954545454532536e-01
6.619318181818130142e-01
1.036931818181827225e+00
1.946022727272719521e+00
2.982954545454532536e-01
1.065340909090920718e+00
9.602272727272662678e-01
1.593750000000000000e+00
1.400568181818186986e+00
7.869318181818130142e-01
1.474431818181827225e+00
9.914772727272662678e-01
4.659090909090934929e-01
6.818181818181869858e-01
7.840909090909065071e-01
8.068181818181727749e-01
1.650568181818186986e+00
1.125000000000000000e+00
4.460227272727337322e-01
1.218750000000000000e+00
1.173295454545453254e+00
1.244318181818186986e+00
1.528409090909093493e+00
9.204545454545467464e-01
1.079545454545453254e+00
9.943181818181869858e-01
3.579545454545325356e-01
1.071022727272733732e+00
8.835227272727337322e-01
1.076704545454532536e+00
5.511363636363597607e-01
1.318181818181813014e+00
1.235795454545453254e+00
1.053977272727266268e+00
1.210227272727280479e+00
5.312500000000000000e-01
3.636363636363597607e-01
1.568181818181827225e+00
6.420454545454532536e-01
8.522727272727195214e-01
1.786931818181827225e+00
1.582386363636359761e+00
7.556818181818272251e-01
6.903409090909065071e-01
4.914772727272662678e-01
6.420454545454674644e-01
7.301136363636260285e-01
1.477272727272719521e+00
1.758522727272733732e+00
8.437500000000000000e-01
3.125000000000000000e-01
1.008522727272733732e+00
8.778409090909065071e-01
5.965909090909065071e-01
2.698863636363739715e-01
1.147727272727266268e+00
1.196022727272733732e+00
4.517045454545467464e-01
1.409090909090906507e+00
1.457386363636373972e+00
1.531250000000000000e+00
8.267045454545467464e-01
5.909090909090792820e-01
1.312500000000000000e+00
9.460227272727195214e-01
7.130681818181869858e-01
6.562500000000000000e-01
5.681818181818130142e-01
1.252840909090920718e+00
1.443181818181813014e+00
1.991477272727280479e+00
1.230113636363626028e+00
1.852272727272733732e+00
4.261363636363597607e-01
1.707386363636373972e+00
1.812500000000000000e+00
8.238636363636260285e-01
1.062500000000000000e+00
9.659090909090934929e-01
7.642045454545467464e-01
1.127840909090906507e+00
1.156250000000000000e+00
7.187500000000000000e-01
2.048295454545453254e+00
8.409090909090934929e-01
1.107954545454546746e+00
1.377840909090906507e+00
6.505681818181869858e-01
8.778409090909065071e-01
1.090909090909093493e+00
1.142045454545453254e+00
6.505681818181727749e-01
9.431818181818272251e-01
6.875000000000000000e-01
9.744318181818130142e-01
1.005681818181813014e+00
6.051136363636402393e-01
9.289772727272662678e-01
1.161931818181827225e+00
3.778409090909065071e-01
1.406250000000000000e+00
1.119318181818186986e+00
8.295454545454532536e-01
6.164772727272804786e-01
6.647727272727195214e-01
7.954545454545467464e-01
6.363636363636402393e-01
1.491477272727280479e+00
6.363636363636260285e-01
8.920454545454532536e-01
1.096590909090906507e+00
1.301136363636359761e+00
7.897727272727195214e-01
5.823863636363739715e-01
2.099431818181813014e+00
1.465909090909093493e+00
1.397727272727266268e+00
8.437500000000000000e-01
1.730113636363640239e+00
5.340909090909207180e-01
1.241477272727266268e+00
7.897727272727337322e-01
1.363636363636359761e+00
9.772727272727195214e-01
7.329545454545467464e-01
7.528409090909065071e-01
5.511363636363597607e-01
1.528409090909093493e+00
1.062500000000000000e+00
3.522727272727195214e-01
9.659090909090934929e-01
1.144886363636373972e+00
6.363636363636402393e-01
5.085227272727195214e-01
1.230113636363640239e+00
9.005681818181869858e-01
7.215909090909065071e-01
9.971590909090934929e-01
4.971590909090934929e-01
1.366477272727280479e+00
1.613636363636373972e+00
5.965909090909065071e-01
2.073863636363597607e-01
1.190340909090906507e+00
9.545454545454532536e-01
1.036931818181813014e+00
7.301136363636402393e-01
6.221590909090934929e-01
1.707386363636359761e+00
6.022727272727195214e-01
7.698863636363597607e-01
1.869318181818186986e+00
1.196022727272733732e+00
7.897727272727195214e-01
8.778409090909207180e-01
1.028409090909079282e+00
4.659090909090934929e-01
8.721590909090934929e-01
7.698863636363597607e-01
1.065340909090906507e+00
9.232954545454532536e-01
1.071022727272733732e+00
9.602272727272662678e-01
8.664772727272804786e-01
7.556818181818130142e-01
1.261363636363640239e+00
1.022727272727266268e+00
1.096590909090906507e+00
1.258522727272733732e+00
1.159090909090906507e+00
1.025568181818186986e+00
1.406250000000000000e+00
1.079545454545453254e+00
1.238636363636359761e+00
4.630681818181869858e-01
1.127840909090906507e+00
1.125000000000000000e+00
9.318181818181869858e-01
3.693181818181727749e-01
1.088068181818186986e+00
6.250000000000000000e-01
1.497159090909093493e+00
9.403409090909065071e-01
8.607954545454532536e-01
8.522727272727195214e-01
1.232954545454546746e+00
1.715909090909093493e+00
1.369318181818172775e+00
1.306818181818186986e+00
7.329545454545467464e-01
8.380681818181727749e-01
9.602272727272804786e-01
4.431818181818130142e-01
1.803977272727280479e+00
1.406250000000000000e+00
1.244318181818186986e+00
8.664772727272662678e-01
1.653409090909093493e+00
1.164772727272733732e+00
3.721590909090934929e-01
1.198863636363640239e+00
1.386363636363626028e+00
9.062500000000000000e-01
9.829545454545467464e-01
4.829545454545467464e-01
1.502840909090906507e+00
4.431818181818130142e-01
1.332386363636373972e+00
1.656250000000000000e+00
7.443181818181869858e-01
1.241477272727266268e+00
7.414772727272804786e-01
1.170454545454546746e+00
6.164772727272662678e-01
8.494318181818272251e-01
2.471590909090934929e-01
1.866477272727266268e+00
2.073863636363626028e+00
6.392045454545467464e-01
3.465909090909065071e-01
1.545454545454546746e+00
5.312500000000000000e-01
6.022727272727195214e-01
7.159090909090934929e-01
9.403409090909065071e-01
6.477272727272662678e-01
6.022727272727337322e-01
1.903409090909065071e-01
4.289772727272804786e-01
9.573863636363597607e-01
8.039772727272662678e-01
9.232954545454674644e-01
1.079545454545453254e+00
6.136363636363739715e-01
5.113636363636260285e-01
1.318181818181827225e+00
1.542613636363640239e+00
2.272727272727337322e-01
7.528409090909065071e-01
7.017045454545467464e-01
8.068181818181727749e-01
1.085227272727280479e+00
8.948863636363597607e-01
1.187500000000000000e+00
9.659090909090934929e-01
1.661931818181827225e+00
3.920454545454532536e-01
9.659090909090792820e-01
4.119318181818272251e-01
1.551136363636359761e+00
3.039772727272662678e-01
1.761363636363640239e+00
3.295454545454532536e-01
1.073863636363626028e+00
1.377840909090920718e+00
5.198863636363597607e-01
1.122159090909093493e+00
4.090909090909065071e-01
1.232954545454546746e+00
7.840909090909065071e-01
8.210227272727337322e-01
9.602272727272662678e-01
5.227272727272804786e-01
1.150568181818186986e+00
7.642045454545325356e-01
1.693181818181813014e+00
4.659090909090934929e-01
6.278409090909065071e-01
8.295454545454532536e-01
9.801136363636402393e-01
1.235795454545453254e+00
1.326704545454546746e+00
7.556818181818130142e-01
7.670454545454674644e-01
1.309659090909093493e+00
1.159090909090906507e+00
1.559659090909093493e+00
8.238636363636260285e-01
6.164772727272804786e-01
1.653409090909093493e+00
7.301136363636260285e-01
4.488636363636402393e-01
9.971590909090934929e-01
1.392045454545453254e+00
5.000000000000000000e-01
1.613636363636373972e+00
1.099431818181813014e+00
1.275568181818186986e+00
2.812500000000000000e-01
1.252840909090906507e+00
5.511363636363597607e-01
1.167613636363640239e+00
7.017045454545467464e-01
6.477272727272662678e-01
5.000000000000000000e-01
5.937500000000000000e-01
1.551136363636373972e+00
7.812500000000000000e-01
1.940340909090906507e+00
5.852272727272662678e-01
8.920454545454532536e-01
1.244318181818186986e+00
8.579545454545467464e-01
2.954545454545467464e-01
2.522727272727266268e+00
3.465909090909065071e-01
1.173295454545453254e+00
1.948863636363640239e+00
9.176136363636402393e-01
6.562500000000000000e-01
1.053977272727280479e+00
1.582386363636359761e+00
6.363636363636402393e-01
8.835227272727195214e-01
1.127840909090906507e+00
6.789772727272804786e-01
7.130681818181727749e-01
4.914772727272804786e-01
6.392045454545467464e-01
1.747159090909079282e+00
1.474431818181813014e+00
5.482954545454532536e-01
8.863636363636402393e-01
7.471590909090934929e-01
1.187500000000000000e+00
3.465909090909065071e-01
1.096590909090906507e+00
7.017045454545467464e-01
6.477272727272662678e-01
1.221590909090906507e+00
8.778409090909065071e-01
7.613636363636402393e-01
1.232954545454546746e+00
5.880681818181869858e-01
2.755681818181727749e-01
1.517045454545467464e+00
1.247159090909093493e+00
5.880681818181869858e-01
1.048295454545453254e+00
7.443181818181727749e-01
1.130681818181827225e+00
6.306818181818130142e-01
1.357954545454546746e+00
4.232954545454532536e-01
1.332386363636359761e+00
2.178977272727280479e+00
1.159090909090906507e+00
1.008522727272733732e+00
1.051136363636359761e+00
8.295454545454532536e-01
6.051136363636260285e-01
1.440340909090920718e+00
3.664772727272662678e-01
8.892045454545467464e-01
7.670454545454532536e-01
1.039772727272719521e+00
1.122159090909093493e+00
1.377840909090906507e+00
1.678977272727266268e+00
2.528409090909065071e-01
1.835227272727280479e+00
1.008522727272719521e+00
3.778409090909065071e-01
1.377840909090920718e+00
1.255681818181813014e+00
7.869318181818272251e-01
6.534090909090792820e-01
8.210227272727337322e-01
8.551136363636260285e-01
8.721590909090934929e-01
7.471590909090934929e-01
8.579545454545467464e-01
1.400568181818186986e+00
7.386363636363597607e-01
1.150568181818186986e+00
1.008522727272719521e+00
1.286931818181813014e+00
4.829545454545467464e-01
1.144886363636359761e+00
4.488636363636402393e-01
7.528409090909065071e-01
6.164772727272662678e-01
6.818181818181869858e-01
1.437500000000000000e+00
5.426136363636402393e-01
1.392045454545453254e+00
9.659090909090792820e-01
7.755681818181869858e-01
5.113636363636402393e-01
1.619318181818172775e+00
7.073863636363739715e-01
4.772727272727195214e-01
6.477272727272804786e-01
1.289772727272719521e+00
1.369318181818186986e+00
3.664772727272662678e-01
1.213068181818186986e+00
1.196022727272733732e+00
5.681818181818130142e-01
1.343750000000000000e+00
6.534090909090792820e-01
1.380681818181827225e+00
7.130681818181727749e-01
2.528409090909065071e-01
1.971590909090906507e+00
6.107954545454532536e-01
1.247159090909093493e+00
1.122159090909093493e+00
6.960227272727337322e-01
8.210227272727195214e-01
4.176136363636402393e-01
5.965909090909065071e-01
5.653409090909207180e-01
6.448863636363597607e-01
1.119318181818172775e+00
1.713068181818186986e+00
1.244318181818172775e+00
1.065340909090906507e+00
4.715909090909065071e-01
1.556818181818186986e+00
9.517045454545467464e-01
1.068181818181827225e+00
1.607954545454546746e+00
1.127840909090906507e+00
7.698863636363597607e-01
1.056818181818186986e+00
1.417613636363640239e+00
9.062500000000000000e-01
8.011363636363597607e-01
1.801136363636359761e+00
1.227272727272719521e+00
1.383522727272733732e+00
1.602272727272719521e+00
1.048295454545467464e+00
1.906250000000000000e+00
7.414772727272804786e-01
1.093750000000000000e+00
8.693181818181727749e-01
1.170454545454546746e+00
1.133522727272733732e+00
1.894886363636359761e+00
7.017045454545467464e-01
1.105113636363640239e+00
9.659090909090934929e-01
9.715909090909207180e-01
9.630681818181727749e-01
1.946022727272733732e+00
8.039772727272662678e-01
9.517045454545467464e-01
1.025568181818186986e+00
1.338068181818172775e+00
2.159090909090934929e-01
1.071022727272733732e+00
5.482954545454532536e-01
1.230113636363640239e+00
1.355113636363626028e+00
5.056818181818130142e-01
1.471590909090920718e+00
1.144886363636359761e+00
2.500000000000000000e-01
1.943181818181827225e+00
9.744318181818130142e-01
1.241477272727266268e+00
6.704545454545467464e-01
8.806818181818130142e-01
6.079545454545467464e-01
4.573863636363597607e-01
4.460227272727337322e-01
1.585227272727266268e+00
1.071022727272719521e+00
7.585227272727337322e-01
7.073863636363597607e-01
3.948863636363597607e-01
9.090909090909207180e-01
9.460227272727195214e-01
1.474431818181813014e+00
4.346590909090934929e-01
9.261363636363597607e-01
5.198863636363739715e-01
1.062500000000000000e+00
9.375000000000000000e-01
3.977272727272662678e-01
8.153409090909065071e-01
1.573863636363640239e+00
6.875000000000000000e-01
1.036931818181827225e+00
1.681818181818172775e+00
1.346590909090906507e+00
1.403409090909093493e+00
1.423295454545453254e+00
7.698863636363597607e-01
7.869318181818272251e-01
2.556818181818130142e-01
1.463068181818186986e+00
9.090909090909065071e-01
2.144886363636359761e+00
1.005681818181827225e+00
1.164772727272719521e+00
7.500000000000000000e-01
7.926136363636402393e-01
6.590909090909065071e-01
1.090909090909093493e+00
8.039772727272662678e-01
1.062500000000000000e+00
8.380681818181727749e-01
1.815340909090920718e+00
8.920454545454532536e-01
5.653409090909065071e-01
1.031250000000000000e+00
4.886363636363739715e-01
4.119318181818130142e-01
1.397727272727266268e+00
8.750000000000000000e-01
9.659090909090934929e-01
8.465909090909065071e-01
8.011363636363597607e-01
8.750000000000000000e-01
6.818181818181869858e-01
5.568181818181869858e-01
4.545454545454532536e-01
2.482954545454546746e+00
6.079545454545467464e-01
1.397727272727280479e+00
6.136363636363597607e-01
1.170454545454546746e+00
9.289772727272804786e-01
3.607954545454532536e-01
5.880681818181869858e-01
6.903409090909065071e-01
1.519886363636359761e+00
9.602272727272804786e-01
1.428977272727266268e+00
5.539772727272804786e-01
1.437500000000000000e+00
1.159090909090906507e+00
1.210227272727280479e+00
2.926136363636260285e-01
1.022727272727280479e+00
1.227272727272719521e+00
9.602272727272804786e-01
1.860795454545453254e+00
4.375000000000000000e-01
7.926136363636402393e-01
7.585227272727195214e-01
7.869318181818272251e-01
9.119318181818130142e-01
1.551136363636359761e+00
8.835227272727337322e-01
6.278409090909065071e-01
1.579545454545453254e+00
9.346590909090792820e-01
8.210227272727337322e-01
9.062500000000000000e-01
7.073863636363597607e-01
1.048295454545453254e+00
2.727272727272804786e-01
6.221590909090934929e-01
5.994318181818130142e-01
5.994318181818130142e-01
1.977272727272733732e+00
4.602272727272804786e-01
1.295454545454546746e+00
1.116477272727266268e+00
9.573863636363739715e-01
6.534090909090792820e-01
1.500000000000000000e+00
7.215909090909065071e-01
1.494318181818186986e+00
5.170454545454532536e-01
1.437500000000000000e+00
7.613636363636402393e-01
1.022727272727266268e+00
3.011363636363597607e-01
1.403409090909093493e+00
5.738636363636402393e-01
1.386363636363626028e+00
6.846590909090934929e-01
6.250000000000000000e-01
9.488636363636402393e-01
1.036931818181813014e+00
1.193181818181827225e+00
1.383522727272719521e+00
9.318181818181727749e-01
1.451704545454546746e+00
5.738636363636260285e-01
6.875000000000000000e-01
1.042613636363640239e+00
1.193181818181813014e+00
1.355113636363640239e+00
3.664772727272804786e-01
2.056818181818172775e+00
6.164772727272804786e-01
1.196022727272719521e+00
1.022727272727266268e+00
5.397727272727337322e-01
1.218750000000000000e+00
9.744318181818130142e-01
1.903409090909093493e+00
9.886363636363739715e-01
6.619318181818130142e-01
1.525568181818186986e+00
3.210227272727195214e-01
1.053977272727280479e+00
1.107954545454546746e+00
6.193181818181727749e-01
7.755681818181869858e-01
9.744318181818130142e-01
7.982954545454532536e-01
1.468750000000000000e+00
7.613636363636402393e-01
5.795454545454532536e-01
9.034090909090934929e-01
5.255681818181869858e-01
8.607954545454532536e-01
5.085227272727195214e-01
4.630681818181869858e-01
1.386363636363626028e+00
1.713068181818186986e+00
5.994318181818130142e-01
5.653409090909065071e-01
1.454545454545453254e+00
7.926136363636402393e-01
8.125000000000000000e-01
2.159090909090792820e-01
2.812500000000000000e-01
1.454545454545453254e+00
9.488636363636260285e-01
7.926136363636402393e-01
7.301136363636402393e-01
1.519886363636359761e+00
5.227272727272662678e-01
2.133522727272733732e+00
1.036931818181813014e+00
6.107954545454532536e-01
7.045454545454532536e-01
8.181818181818272251e-01
1.227272727272733732e+00
7.500000000000000000e-01
1.508522727272733732e+00
8.977272727272662678e-01
2.926136363636402393e-01
6.193181818181727749e-01
1.613636363636373972e+00
6.136363636363597607e-01
1.235795454545453254e+00
3.465909090909065071e-01
1.227272727272733732e+00
2.500000000000000000e-01
1.360795454545453254e+00
4.659090909090934929e-01
1.730113636363640239e+00
1.056818181818186986e+00
