1.568181818181820120e+00
1.130681818181820120e+00
1.357954545454539641e+00
1.514204545454546746e+00
1.565340909090913613e+00
2.065340909090906507e+00
5.681818181818201197e-01
1.215909090909086387e+00
6.960227272727266268e-01
1.843750000000000000e+00
5.880681818181869858e-01
1.051136363636359761e+00
1.329545454545453254e+00
6.250000000000000000e-01
1.735795454545460359e+00
1.795454545454546746e+00
1.610795454545453254e+00
1.295454545454546746e+00
7.386363636363668661e-01
4.403409090909065071e-01
1.474431818181813014e+00
7.727272727272733732e-01
5.880681818181798803e-01
1.133522727272726627e+00
9.772727272727266268e-01
9.630681818181798803e-01
9.517045454545467464e-01
5.340909090909065071e-01
1.519886363636366866e+00
6.960227272727266268e-01
1.130681818181820120e+00
1.338068181818179880e+00
7.897727272727266268e-01
1.284090909090906507e+00
2.278409090909093493e+00
1.051136363636366866e+00
9.857954545454532536e-01
8.920454545454532536e-01
7.556818181818130142e-01
8.579545454545467464e-01
1.505681818181820120e+00
5.880681818181798803e-01
9.772727272727266268e-01
1.428977272727273373e+00
9.176136363636331339e-01
1.042613636363640239e+00
1.377840909090913613e+00
9.630681818181798803e-01
6.306818181818201197e-01
1.096590909090899402e+00
9.062500000000000000e-01
1.278409090909065071e-01
1.684659090909093493e+00
6.164772727272662678e-01
9.261363636363597607e-01
1.071022727272733732e+00
3.920454545454532536e-01
1.261363636363633134e+00
1.173295454545453254e+00
8.181818181818201197e-01
6.931818181818201197e-01
4.943181818181798803e-01
3.835227272727266268e-01
5.255681818181798803e-01
1.210227272727273373e+00
1.650568181818179880e+00
1.073863636363633134e+00
1.073863636363640239e+00
1.392045454545460359e+00
4.460227272727266268e-01
1.883522727272733732e+00
7.215909090909065071e-01
5.482954545454532536e-01
1.710227272727273373e+00
1.539772727272719521e+00
8.238636363636402393e-01
9.801136363636331339e-01
1.556818181818179880e+00
1.161931818181820120e+00
8.721590909090934929e-01
6.278409090909065071e-01
7.386363636363597607e-01
1.571022727272726627e+00
5.852272727272733732e-01
5.227272727272733732e-01
7.272727272727266268e-01
1.264204545454546746e+00
1.125000000000000000e+00
1.053977272727266268e+00
2.272727272726626779e-02
7.840909090909136125e-01
1.892045454545453254e+00
5.568181818181798803e-01
1.056818181818179880e+00
8.238636363636402393e-01
9.857954545454532536e-01
1.153409090909093493e+00
7.897727272727266268e-01
1.025568181818186986e+00
1.156250000000000000e+00
1.096590909090906507e+00
1.857954545454546746e+00
8.806818181818201197e-01
1.340909090909086387e+00
4.573863636363668661e-01
1.457386363636366866e+00
9.232954545454603590e-01
7.755681818181798803e-01
5.085227272727266268e-01
8.522727272727266268e-01
6.392045454545467464e-01
1.423295454545453254e+00
6.732954545454532536e-01
1.377840909090913613e+00
9.488636363636402393e-01
1.465909090909086387e+00
1.522727272727280479e+00
1.264204545454546746e+00
1.090909090909086387e+00
1.025568181818179880e+00
1.502840909090913613e+00
7.386363636363597607e-01
1.184659090909086387e+00
7.926136363636331339e-01
1.079545454545453254e+00
4.857954545454532536e-01
1.269886363636359761e+00
6.761363636363597607e-01
1.045454545454546746e+00
7.073863636363668661e-01
1.301136363636359761e+00
7.357954545454532536e-01
1.022727272727273373e+00
8.664772727272733732e-01
1.178977272727273373e+00
1.616477272727273373e+00
1.056818181818179880e+00
5.511363636363597607e-01
6.931818181818201197e-01
5.056818181818130142e-01
9.971590909090934929e-01
1.036931818181820120e+00
7.471590909090934929e-01
4.232954545454532536e-01
1.744318181818179880e+00
1.102272727272726627e+00
1.298295454545453254e+00
1.039772727272733732e+00
1.619318181818201197e-01
1.289772727272726627e+00
1.019886363636359761e+00
2.122159090909100598e+00
8.522727272727337322e-01
1.463068181818179880e+00
5.965909090909065071e-01
3.551136363636331339e-01
1.224431818181820120e+00
2.840909090909065071e-01
6.079545454545467464e-01
1.553977272727280479e+00
1.784090909090913613e+00
1.732954545454532536e-01
1.105113636363633134e+00
9.232954545454532536e-01
1.000000000000000000e+00
1.193181818181813014e+00
1.244318181818179880e+00
1.045454545454546746e+00
4.176136363636331339e-01
1.420454545454553852e+00
6.903409090909136125e-01
5.795454545454532536e-01
2.210227272727266268e+00
8.693181818181798803e-01
1.136363636363633134e+00
5.681818181818201197e-01
1.465909090909086387e+00
1.454545454545453254e+00
7.755681818181798803e-01
7.102272727272733732e-01
1.312500000000000000e+00
7.755681818181869858e-01
1.170454545454539641e+00
1.261363636363633134e+00
1.113636363636366866e+00
5.198863636363597607e-01
3.636363636363668661e-01
8.352272727272733732e-01
1.468750000000000000e+00
1.474431818181820120e+00
6.392045454545467464e-01
9.517045454545467464e-01
1.656250000000000000e+00
1.215909090909086387e+00
7.443181818181869858e-01
1.377840909090913613e+00
1.139204545454546746e+00
1.065340909090906507e+00
7.414772727272733732e-01
4.744318181818130142e-01
8.636363636363668661e-01
1.349431818181820120e+00
9.687499999999928946e-01
1.204545454545453254e+00
8.522727272727266268e-01
5.568181818181798803e-01
7.102272727272733732e-01
8.295454545454532536e-01
1.909090909090913613e+00
6.562500000000000000e-01
9.261363636363597607e-01
2.982954545454532536e-01
7.471590909090934929e-01
1.857954545454546746e+00
1.019886363636366866e+00
2.500000000000000000e-01
1.454545454545453254e+00
4.715909090909065071e-01
4.943181818181869858e-01
2.093750000000000000e+00
4.971590909090863875e-01
4.602272727272733732e-01
9.829545454545396410e-01
1.008522727272733732e+00
4.602272727272662678e-01
7.443181818181798803e-01
7.386363636363668661e-01
1.196022727272726627e+00
4.573863636363668661e-01
6.136363636363668661e-01
1.522727272727273373e+00
1.284090909090913613e+00
8.409090909090863875e-01
1.102272727272733732e+00
6.392045454545396410e-01
1.275568181818186986e+00
7.130681818181798803e-01
9.517045454545467464e-01
8.323863636363668661e-01
1.048295454545453254e+00
9.062500000000000000e-01
4.403409090909065071e-01
1.539772727272726627e+00
4.715909090909065071e-01
1.673295454545453254e+00
1.244318181818179880e+00
6.562500000000000000e-01
1.221590909090913613e+00
1.042613636363633134e+00
1.630681818181813014e+00
2.357954545454603590e-01
5.909090909090863875e-01
6.988636363636402393e-01
1.372159090909093493e+00
8.579545454545396410e-01
1.096590909090913613e+00
9.943181818181869858e-01
1.417613636363633134e+00
3.977272727272733732e-01
7.528409090909065071e-01
7.528409090909065071e-01
1.215909090909093493e+00
9.687500000000000000e-01
8.039772727272733732e-01
7.187500000000000000e-01
4.176136363636331339e-01
7.784090909090934929e-01
9.261363636363668661e-01
9.687500000000000000e-01
1.068181818181820120e+00
1.511363636363640239e+00
7.102272727272733732e-01
5.795454545454532536e-01
1.315340909090906507e+00
1.105113636363633134e+00
8.409090909090934929e-01
1.926136363636359761e+00
5.227272727272804786e-01
8.892045454545396410e-01
4.289772727272733732e-01
8.409090909090934929e-01
1.213068181818179880e+00
1.528409090909093493e+00
7.698863636363597607e-01
5.681818181818201197e-01
3.892045454545467464e-01
6.505681818181798803e-01
2.011363636363640239e+00
7.159090909090863875e-01
2.059659090909093493e+00
9.460227272727266268e-01
1.000000000000000000e+00
1.741477272727273373e+00
9.886363636363668661e-01
6.079545454545467464e-01
9.034090909090934929e-01
1.403409090909086387e+00
7.698863636363597607e-01
8.750000000000000000e-01
1.085227272727273373e+00
1.017045454545453254e+00
1.119318181818179880e+00
1.096590909090913613e+00
4.346590909090863875e-01
1.161931818181827225e+00
8.011363636363668661e-01
4.204545454545467464e-01
1.227272727272726627e+00
5.482954545454532536e-01
1.519886363636359761e+00
9.488636363636402393e-01
1.036931818181813014e+00
8.778409090909136125e-01
6.619318181818130142e-01
1.008522727272726627e+00
1.269886363636359761e+00
4.772727272727266268e-01
1.224431818181813014e+00
4.943181818181869858e-01
1.102272727272719521e+00
7.670454545454532536e-01
7.727272727272733732e-01
1.090909090909093493e+00
1.534090909090906507e+00
8.920454545454532536e-01
9.034090909090934929e-01
1.409090909090913613e+00
9.318181818181798803e-01
7.698863636363597607e-01
8.181818181818201197e-01
1.218750000000000000e+00
1.406250000000000000e+00
7.471590909090934929e-01
5.795454545454532536e-01
1.355113636363640239e+00
1.727272727272726627e+00
3.920454545454603590e-01
8.153409090909065071e-01
1.073863636363633134e+00
8.892045454545467464e-01
1.093750000000000000e+00
8.352272727272733732e-01
1.164772727272726627e+00
7.500000000000000000e-01
9.687500000000000000e-01
9.517045454545467464e-01
1.014204545454546746e+00
9.232954545454532536e-01
2.244318181818201197e-01
8.522727272727266268e-01
1.125000000000000000e+00
7.926136363636331339e-01
1.045454545454546746e+00
1.127840909090906507e+00
1.176136363636359761e+00
6.931818181818201197e-01
1.181818181818179880e+00
1.213068181818186986e+00
1.014204545454539641e+00
6.903409090909136125e-01
1.019886363636359761e+00
4.971590909090934929e-01
1.485795454545453254e+00
1.034090909090906507e+00
2.491477272727280479e+00
1.542613636363640239e+00
7.982954545454532536e-01
5.880681818181798803e-01
1.000000000000000000e+00
1.011363636363633134e+00
9.119318181818201197e-01
2.357954545454532536e-01
1.113636363636366866e+00
1.255681818181820120e+00
1.056818181818179880e+00
3.068181818181869858e-01
1.571022727272726627e+00
3.579545454545467464e-01
4.488636363636331339e-01
1.346590909090913613e+00
7.272727272727266268e-01
6.505681818181798803e-01
1.181818181818179880e+00
1.045454545454553852e+00
8.437500000000000000e-01
8.210227272727266268e-01
9.715909090909136125e-01
3.977272727272733732e-01
1.176136363636359761e+00
4.403409090909065071e-01
6.875000000000000000e-01
1.607954545454553852e+00
1.400568181818179880e+00
9.460227272727266268e-01
1.170454545454553852e+00
1.002840909090913613e+00
4.829545454545396410e-01
1.025568181818186986e+00
7.954545454545396410e-01
1.315340909090906507e+00
3.636363636363668661e-01
1.465909090909086387e+00
1.255681818181820120e+00
8.892045454545467464e-01
1.298295454545446148e+00
1.051136363636366866e+00
1.025568181818179880e+00
1.048295454545453254e+00
1.190340909090906507e+00
1.281250000000000000e+00
1.062500000000007105e+00
2.144886363636366866e+00
3.948863636363597607e-01
6.392045454545467464e-01
1.576704545454546746e+00
4.943181818181869858e-01
1.931818181818179880e+00
5.625000000000000000e-01
1.019886363636359761e+00
4.914772727272733732e-01
5.397727272727266268e-01
4.545454545454603590e-01
1.204545454545453254e+00
1.059659090909093493e+00
1.244318181818186986e+00
1.042613636363633134e+00
9.772727272727266268e-01
4.176136363636402393e-01
8.607954545454461481e-01
1.786931818181820120e+00
1.153409090909086387e+00
4.062500000000000000e-01
3.636363636363668661e-01
1.553977272727273373e+00
1.147727272727273373e+00
1.002840909090906507e+00
5.056818181818201197e-01
1.727272727272726627e+00
1.488636363636366866e+00
1.284090909090906507e+00
1.420454545454546746e+00
1.323863636363640239e+00
8.977272727272733732e-01
7.215909090909065071e-01
1.082386363636366866e+00
6.306818181818201197e-01
1.017045454545453254e+00
1.048295454545453254e+00
1.014204545454546746e+00
8.210227272727266268e-01
1.159090909090913613e+00
4.005681818181798803e-01
1.306818181818179880e+00
1.096590909090913613e+00
1.460227272727273373e+00
7.130681818181798803e-01
6.221590909090934929e-01
4.204545454545396410e-01
1.457386363636366866e+00
5.937500000000000000e-01
1.053977272727273373e+00
7.556818181818201197e-01
6.903409090909065071e-01
3.863636363636331339e-01
1.000000000000000000e+00
1.002840909090913613e+00
2.386363636363597607e-01
1.849431818181813014e+00
1.636363636363633134e+00
4.176136363636402393e-01
8.948863636363597607e-01
1.022727272727273373e+00
1.048295454545453254e+00
1.193181818181820120e+00
1.286931818181820120e+00
1.931818181818201197e-01
8.153409090909065071e-01
6.875000000000000000e-01
8.011363636363597607e-01
3.806818181818201197e-01
1.548295454545453254e+00
7.073863636363668661e-01
1.042613636363633134e+00
1.213068181818179880e+00
4.289772727272733732e-01
1.752840909090913613e+00
6.107954545454532536e-01
7.357954545454532536e-01
1.690340909090906507e+00
7.869318181818272251e-01
5.625000000000000000e-01
5.113636363636402393e-01
2.232954545454546746e+00
6.704545454545396410e-01
1.198863636363640239e+00
8.039772727272733732e-01
8.181818181818201197e-01
9.971590909090863875e-01
8.579545454545467464e-01
9.034090909090934929e-01
1.255681818181820120e+00
2.088068181818172775e+00
1.034090909090906507e+00
8.125000000000000000e-01
7.869318181818201197e-01
5.625000000000000000e-01
9.772727272727266268e-01
4.375000000000000000e-01
9.801136363636402393e-01
1.482954545454546746e+00
7.301136363636402393e-01
6.335227272727266268e-01
4.460227272727266268e-01
3.664772727272733732e-01
1.105113636363640239e+00
1.034090909090906507e+00
1.284090909090913613e+00
1.267045454545453254e+00
1.099431818181813014e+00
1.090909090909086387e+00
1.440340909090913613e+00
8.295454545454532536e-01
1.207386363636366866e+00
7.926136363636331339e-01
1.238636363636359761e+00
8.181818181818130142e-01
9.659090909090934929e-01
6.761363636363597607e-01
1.227272727272726627e+00
1.727272727272726627e+00
1.059659090909093493e+00
1.792613636363640239e+00
8.068181818181798803e-01
7.159090909090863875e-01
1.670454545454546746e+00
1.156250000000007105e+00
7.755681818181798803e-01
1.241477272727273373e+00
1.894886363636359761e+00
1.014204545454546746e+00
5.767045454545467464e-01
1.897727272727266268e+00
5.426136363636331339e-01
3.977272727272733732e-01
5.000000000000000000e-01
1.213068181818179880e+00
4.545454545454532536e-01
2.221590909090913613e+00
5.170454545454603590e-01
1.556818181818179880e+00
1.241477272727273373e+00
5.085227272727266268e-01
1.906250000000000000e+00
3.039772727272733732e-01
6.647727272727266268e-01
6.363636363636402393e-01
1.349431818181813014e+00
1.017045454545453254e+00
8.551136363636331339e-01
9.034090909090934929e-01
5.113636363636331339e-01
7.272727272727266268e-01
9.943181818181869858e-01
1.036931818181820120e+00
1.244318181818179880e+00
5.681818181818201197e-01
7.642045454545396410e-01
1.107954545454546746e+00
8.750000000000000000e-01
1.139204545454546746e+00
1.042613636363640239e+00
5.710227272727266268e-01
1.360795454545460359e+00
1.207386363636359761e+00
9.659090909090934929e-01
6.306818181818201197e-01
5.937500000000000000e-01
8.551136363636402393e-01
1.491477272727273373e+00
1.144886363636359761e+00
1.920454545454546746e+00
9.772727272727266268e-01
1.468750000000000000e+00
8.977272727272733732e-01
3.011363636363597607e-01
1.153409090909093493e+00
3.437500000000000000e-01
1.241477272727273373e+00
7.698863636363597607e-01
1.153409090909093493e+00
1.440340909090913613e+00
1.053977272727273373e+00
9.460227272727266268e-01
1.264204545454553852e+00
7.727272727272733732e-01
6.392045454545467464e-01
9.573863636363597607e-01
1.403409090909086387e+00
8.323863636363668661e-01
8.977272727272733732e-01
6.051136363636331339e-01
7.784090909090863875e-01
7.698863636363597607e-01
1.110795454545453254e+00
1.340909090909100598e+00
1.110795454545453254e+00
3.039772727272733732e-01
2.082386363636359761e+00
9.886363636363668661e-01
5.625000000000000000e-01
1.178977272727273373e+00
1.028409090909086387e+00
9.204545454545467464e-01
3.238636363636402393e-01
1.085227272727273373e+00
5.710227272727266268e-01
2.437500000000007105e+00
9.147727272727266268e-01
4.857954545454532536e-01
9.431818181818201197e-01
5.142045454545396410e-01
8.977272727272733732e-01
3.778409090909065071e-01
9.090909090909136125e-01
1.105113636363633134e+00
9.573863636363597607e-01
2.073863636363668661e-01
1.508522727272726627e+00
6.562500000000000000e-01
1.818181818181820120e+00
1.451704545454546746e+00
8.409090909090934929e-01
1.411931818181813014e+00
2.261363636363633134e+00
1.025568181818186986e+00
6.818181818181798803e-01
9.431818181818201197e-01
4.062500000000000000e-01
1.275568181818179880e+00
1.107954545454546746e+00
1.275568181818186986e+00
5.056818181818201197e-01
3.096590909090863875e-01
1.642045454545460359e+00
1.360795454545453254e+00
8.153409090909136125e-01
1.167613636363633134e+00
5.028409090909065071e-01
2.079545454545453254e+00
7.272727272727266268e-01
1.142045454545453254e+00
4.005681818181798803e-01
7.556818181818201197e-01
7.812500000000071054e-01
2.039772727272726627e+00
9.346590909090934929e-01
9.914772727272733732e-01
4.744318181818130142e-01
6.420454545454532536e-01
1.306818181818179880e+00
1.039772727272726627e+00
5.823863636363668661e-01
5.909090909090863875e-01
7.840909090909136125e-01
7.840909090909136125e-01
1.048295454545453254e+00
1.184659090909086387e+00
3.721590909090863875e-01
4.630681818181869858e-01
2.869318181818130142e-01
1.207386363636366866e+00
1.178977272727273373e+00
7.244318181818201197e-01
9.744318181818201197e-01
1.102272727272726627e+00
6.335227272727337322e-01
9.034090909090863875e-01
7.301136363636402393e-01
8.806818181818130142e-01
1.284090909090906507e+00
8.607954545454532536e-01
5.511363636363668661e-01
8.920454545454532536e-01
1.471590909090913613e+00
9.176136363636331339e-01
1.002840909090906507e+00
5.028409090909065071e-01
6.477272727272733732e-01
9.488636363636402393e-01
1.372159090909093493e+00
7.386363636363597607e-01
1.008522727272726627e+00
5.539772727272733732e-01
2.005681818181813014e+00
7.073863636363668661e-01
2.897727272727266268e-01
1.153409090909086387e+00
9.886363636363668661e-01
1.400568181818186986e+00
1.295454545454539641e+00
5.227272727272733732e-01
6.136363636363668661e-01
8.352272727272733732e-01
1.196022727272719521e+00
1.579545454545453254e+00
1.181818181818179880e+00
1.051136363636366866e+00
1.068181818181813014e+00
8.267045454545538519e-01
1.377840909090906507e+00
6.903409090909065071e-01
1.181818181818179880e+00
3.039772727272733732e-01
1.306818181818179880e+00
9.971590909090934929e-01
8.778409090909065071e-01
6.903409090909136125e-01
6.193181818181798803e-01
9.744318181818130142e-01
6.107954545454603590e-01
6.278409090909065071e-01
6.960227272727266268e-01
9.232954545454532536e-01
1.153409090909086387e+00
5.170454545454603590e-01
1.465909090909086387e+00
1.482954545454546746e+00
7.897727272727266268e-01
8.721590909090934929e-01
9.289772727272733732e-01
1.985795454545453254e+00
9.573863636363597607e-01
1.196022727272726627e+00
1.792613636363633134e+00
1.619318181818179880e+00
8.238636363636686610e-02
9.261363636363668661e-01
1.474431818181813014e+00
3.607954545454532536e-01
9.857954545454603590e-01
2.500000000000000000e-01
1.340909090909093493e+00
1.536931818181820120e+00
9.375000000000000000e-01
7.215909090909065071e-01
1.173295454545453254e+00
8.721590909090934929e-01
5.710227272727266268e-01
1.687500000000007105e+00
1.224431818181813014e+00
1.042613636363640239e+00
1.386363636363633134e+00
8.153409090909065071e-01
2.897727272727337322e-01
8.693181818181798803e-01
5.681818181818201197e-01
7.613636363636402393e-01
1.568181818181820120e+00
6.590909090909065071e-01
1.184659090909086387e+00
7.272727272727337322e-01
5.568181818181798803e-01
1.417613636363640239e+00
2.014204545454546746e+00
9.687500000000000000e-01
1.650568181818179880e+00
6.392045454545467464e-01
7.869318181818130142e-01
1.318181818181820120e+00
1.073863636363633134e+00
8.977272727272733732e-01
5.937500000000000000e-01
6.988636363636331339e-01
1.102272727272733732e+00
1.213068181818179880e+00
9.431818181818201197e-01
1.019886363636366866e+00
8.579545454545467464e-01
9.829545454545467464e-01
5.710227272727266268e-01
9.744318181818130142e-01
7.642045454545467464e-01
1.423295454545453254e+00
5.284090909090863875e-01
3.494318181818201197e-01
1.241477272727266268e+00
5.028409090909136125e-01
8.267045454545467464e-01
1.019886363636366866e+00
1.002840909090906507e+00
7.073863636363668661e-01
1.599431818181820120e+00
7.727272727272733732e-01
5.113636363636402393e-01
2.042613636363633134e+00
7.784090909090934929e-01
9.630681818181798803e-01
5.852272727272733732e-01
1.244318181818186986e+00
1.292613636363633134e+00
6.562500000000000000e-01
2.869318181818130142e-01
2.056818181818179880e+00
1.136363636363640239e+00
8.210227272727266268e-01
1.491477272727266268e+00
1.048295454545460359e+00
5.625000000000000000e-01
1.133522727272719521e+00
1.269886363636359761e+00
1.076704545454546746e+00
1.000000000000000000e+00
1.156250000000000000e+00
1.159090909090906507e+00
1.065340909090906507e+00
1.153409090909093493e+00
1.178977272727273373e+00
6.818181818181798803e-01
7.443181818181798803e-01
1.355113636363633134e+00
1.127840909090906507e+00
7.130681818181798803e-01
1.292613636363633134e+00
1.446022727272726627e+00
5.767045454545467464e-01
1.724431818181820120e+00
1.318181818181820120e+00
4.119318181818201197e-01
1.090909090909093493e+00
9.232954545454532536e-01
7.017045454545467464e-01
9.289772727272733732e-01
8.948863636363597607e-01
5.965909090909136125e-01
1.420454545454539641e+00
1.068181818181820120e+00
1.707386363636366866e+00
3.664772727272733732e-01
6.079545454545467464e-01
1.417613636363633134e+00
1.275568181818179880e+00
4.886363636363597607e-01
8.948863636363668661e-01
8.607954545454603590e-01
9.119318181818130142e-01
2.926136363636402393e-01
1.130681818181813014e+00
7.215909090909136125e-01
1.982954545454539641e+00
7.357954545454532536e-01
1.843750000000000000e+00
1.178977272727273373e+00
8.920454545454532536e-01
7.784090909090934929e-01
3.863636363636402393e-01
1.900568181818179880e+00
1.505681818181820120e+00
4.403409090909065071e-01
2.326704545454539641e+00
1.326704545454546746e+00
9.630681818181798803e-01
2.556818181818201197e-01
9.005681818181798803e-01
7.130681818181798803e-01
1.204545454545453254e+00
1.323863636363633134e+00
1.167613636363640239e+00
7.556818181818130142e-01
1.022727272727273373e+00
1.306818181818186986e+00
1.573863636363633134e+00
1.593750000000000000e+00
1.039772727272726627e+00
1.238636363636359761e+00
7.869318181818130142e-01
6.761363636363668661e-01
7.102272727272733732e-01
1.025568181818179880e+00
1.034090909090913613e+00
4.630681818181798803e-01
1.522727272727273373e+00
1.857954545454546746e+00
7.272727272727266268e-01
4.431818181818130142e-01
1.670454545454553852e+00
2.025568181818186986e+00
7.755681818181727749e-01
1.457386363636359761e+00
7.954545454545467464e-01
1.173295454545453254e+00
1.241477272727273373e+00
1.284090909090913613e+00
6.534090909090863875e-01
1.090909090909093493e+00
9.573863636363597607e-01
1.758522727272726627e+00
9.857954545454532536e-01
6.221590909090863875e-01
1.204545454545460359e+00
1.369318181818179880e+00
7.784090909090934929e-01
9.914772727272733732e-01
1.150568181818179880e+00
1.630681818181820120e+00
1.630681818181813014e+00
6.335227272727266268e-01
1.352272727272726627e+00
7.187500000000000000e-01
6.931818181818201197e-01
2.022727272727266268e+00
8.551136363636331339e-01
8.551136363636402393e-01
1.019886363636366866e+00
3.181818181818201197e-01
3.380681818181798803e-01
1.338068181818179880e+00
1.198863636363633134e+00
1.500000000000000000e+00
8.607954545454532536e-01
7.954545454545467464e-01
3.210227272727266268e-01
2.301136363636359761e+00
5.198863636363597607e-01
1.039772727272726627e+00
1.545454545454553852e+00
1.019886363636366866e+00
1.105113636363633134e+00
6.363636363636331339e-01
1.892045454545453254e+00
4.431818181818201197e-01
4.403409090909065071e-01
1.105113636363633134e+00
9.232954545454532536e-01
8.238636363636402393e-01
7.045454545454532536e-01
1.298295454545453254e+00
7.755681818181869858e-01
9.801136363636331339e-01
1.892045454545453254e+00
3.806818181818130142e-01
2.360795454545453254e+00
1.272727272727273373e+00
1.099431818181820120e+00
7.670454545454603590e-01
1.164772727272726627e+00
1.062499999999992895e+00
1.173295454545453254e+00
9.261363636363668661e-01
1.102272727272726627e+00
1.000000000000000000e+00
1.559659090909086387e+00
7.159090909090934929e-01
7.500000000000000000e-01
8.948863636363668661e-01
1.559659090909093493e+00
9.971590909090934929e-01
8.409090909090863875e-01
9.034090909090934929e-01
6.619318181818130142e-01
1.747159090909100598e+00
1.275568181818179880e+00
1.951704545454546746e+00
1.355113636363633134e+00
8.664772727272733732e-01
3.153409090909065071e-01
6.931818181818201197e-01
1.269886363636359761e+00
1.582386363636366866e+00
8.465909090909065071e-01
8.664772727272733732e-01
1.269886363636359761e+00
5.681818181818130142e-01
1.377840909090913613e+00
1.122159090909093493e+00
1.215909090909093493e+00
8.125000000000000000e-01
4.545454545454532536e-01
1.525568181818179880e+00
7.926136363636402393e-01
1.372159090909086387e+00
1.676136363636331339e-01
1.326704545454546746e+00
7.500000000000071054e-01
1.377840909090913613e+00
1.107954545454539641e+00
1.440340909090906507e+00
5.823863636363668661e-01
9.431818181818201197e-01
1.000000000000000000e+00
4.971590909090863875e-01
8.892045454545467464e-01
2.982954545454532536e-01
1.224431818181820120e+00
7.017045454545467464e-01
1.102272727272726627e+00
7.926136363636331339e-01
7.755681818181869858e-01
1.250000000000000000e+00
4.630681818181798803e-01
1.019886363636366866e+00
1.315340909090906507e+00
1.730113636363633134e+00
7.556818181818130142e-01
8.153409090909065071e-01
5.170454545454603590e-01
3.096590909090863875e-01
1.397727272727273373e+00
7.301136363636331339e-01
9.715909090909136125e-01
9.176136363636402393e-01
6.732954545454532536e-01
5.880681818181798803e-01
1.551136363636366866e+00
8.892045454545467464e-01
6.761363636363668661e-01
9.545454545454461481e-01
1.170454545454546746e+00
7.045454545454532536e-01
5.823863636363668661e-01
9.431818181818130142e-01
6.363636363636402393e-01
1.284090909090913613e+00
6.534090909090863875e-01
9.176136363636331339e-01
1.551136363636366866e+00
1.377840909090913613e+00
2.414772727272733732e-01
9.431818181818201197e-01
1.167613636363633134e+00
5.198863636363597607e-01
6.676136363636402393e-01
8.267045454545396410e-01
1.167613636363640239e+00
5.909090909090934929e-01
9.034090909090934929e-01
8.096590909090934929e-01
1.085227272727273373e+00
1.335227272727266268e-01
1.258522727272733732e+00
1.031250000000000000e+00
7.017045454545467464e-01
4.772727272727266268e-01
1.184659090909086387e+00
1.119318181818179880e+00
2.897727272727266268e-01
1.303977272727273373e+00
9.488636363636402393e-01
7.840909090909065071e-01
6.335227272727337322e-01
2.366477272727273373e+00
1.528409090909086387e+00
6.562500000000000000e-01
9.261363636363597607e-01
5.681818181818130142e-01
5.028409090909136125e-01
7.073863636363668661e-01
1.531250000000000000e+00
4.857954545454532536e-01
1.639204545454553852e+00
1.230113636363633134e+00
1.159090909090913613e+00
6.988636363636331339e-01
6.676136363636402393e-01
7.045454545454532536e-01
1.002840909090913613e+00
1.582386363636366866e+00
