6.997567117214202881e-01
6.762456893920898438e-01
6.598406434059143066e-01
6.456518471240997314e-01
6.292729377746582031e-01
6.147029101848602295e-01
6.105110347270965576e-01
6.074848771095275879e-01
5.947593152523040771e-01
5.841575711965560913e-01
5.730009675025939941e-01
5.621260702610015869e-01
5.552149564027786255e-01
5.495304614305496216e-01
5.493707060813903809e-01
5.575175732374191284e-01
5.723405480384826660e-01
5.850102156400680542e-01
5.922888517379760742e-01
5.948250591754913330e-01
5.973750352859497070e-01
5.940800607204437256e-01
5.854926109313964844e-01
5.729534029960632324e-01
5.600005090236663818e-01
5.450832992792129517e-01
5.230885595083236694e-01
5.066493749618530273e-01
4.947064220905303955e-01
4.861817210912704468e-01
4.769362211227416992e-01
4.768316298723220825e-01
4.765012413263320923e-01
4.775913804769515991e-01
4.812327325344085693e-01
4.863224178552627563e-01
4.922493994235992432e-01
5.015619844198226929e-01
5.097460448741912842e-01
5.194153636693954468e-01
5.301242172718048096e-01
5.410898625850677490e-01
5.480978488922119141e-01
5.583052784204483032e-01
5.632616579532623291e-01
5.730340182781219482e-01
5.771788954734802246e-01
5.797421932220458984e-01
5.835082232952117920e-01
5.859616398811340332e-01
5.871530175209045410e-01
5.892681181430816650e-01
5.919251739978790283e-01
5.928154289722442627e-01
5.963718593120574951e-01
5.981306135654449463e-01
6.058384478092193604e-01
6.087084412574768066e-01
6.131235361099243164e-01
6.171079277992248535e-01
6.247828602790832520e-01
6.285678744316101074e-01
6.317767500877380371e-01
6.362852752208709717e-01
6.400819718837738037e-01
6.442678868770599365e-01
6.466632187366485596e-01
6.491546332836151123e-01
6.500166952610015869e-01
6.513721644878387451e-01
6.518965065479278564e-01
6.531658172607421875e-01
6.548190414905548096e-01
6.553981304168701172e-01
6.559445261955261230e-01
6.571834683418273926e-01
6.583416759967803955e-01
6.613763570785522461e-01
6.603415906429290771e-01
6.623913049697875977e-01
6.648989021778106689e-01
6.649630069732666016e-01
6.659770309925079346e-01
6.671137809753417969e-01
6.683344841003417969e-01
6.691932976245880127e-01
6.705477237701416016e-01
6.704300045967102051e-01
6.715086996555328369e-01
6.709561347961425781e-01
6.716042459011077881e-01
6.715009808540344238e-01
6.725531816482543945e-01
6.709128320217132568e-01
6.721038520336151123e-01
6.728816330432891846e-01
6.734616756439208984e-01
6.730582714080810547e-01
6.742111742496490479e-01
6.739316880702972412e-01
6.750033795833587646e-01
6.749769747257232666e-01
6.751837432384490967e-01
6.759096682071685791e-01
6.756484210491180420e-01
6.758505702018737793e-01
6.754546761512756348e-01
6.750659346580505371e-01
6.740833818912506104e-01
6.724144220352172852e-01
6.714649200439453125e-01
6.695044040679931641e-01
6.675343215465545654e-01
6.665929853916168213e-01
6.642726659774780273e-01
6.650419533252716064e-01
6.672037243843078613e-01
6.672207713127136230e-01
6.704578101634979248e-01
6.728542149066925049e-01
6.743722259998321533e-01
6.752711832523345947e-01
6.743297278881072998e-01
6.714106798171997070e-01
6.687036454677581787e-01
6.663520932197570801e-01
6.633496284484863281e-01
6.598989963531494141e-01
6.568190455436706543e-01
6.563491821289062500e-01
6.572385132312774658e-01
6.578899621963500977e-01
6.608192920684814453e-01
6.607979536056518555e-01
6.592092514038085938e-01
6.569578647613525391e-01
6.546380519866943359e-01
6.505869925022125244e-01
6.442400813102722168e-01
6.391688287258148193e-01
6.317213773727416992e-01
6.248474419116973877e-01
6.181192398071289062e-01
6.107609570026397705e-01
6.106521487236022949e-01
6.075842380523681641e-01
6.088570058345794678e-01
6.107656657695770264e-01
6.141814589500427246e-01
6.202476918697357178e-01
6.287979483604431152e-01
6.362027823925018311e-01
6.469833552837371826e-01
6.526874303817749023e-01
6.619702875614166260e-01
6.699515283107757568e-01
6.747381985187530518e-01
6.795945763587951660e-01
6.822439134120941162e-01
6.864821910858154297e-01
6.887362301349639893e-01
6.902211010456085205e-01
6.909900605678558350e-01
6.919746100902557373e-01
6.926799118518829346e-01
6.931707262992858887e-01
6.933346390724182129e-01
6.936031579971313477e-01
6.940251290798187256e-01
6.944309771060943604e-01
6.944597363471984863e-01
6.946428120136260986e-01
6.946800947189331055e-01
6.946283578872680664e-01
6.947511136531829834e-01
6.949416399002075195e-01
6.947470307350158691e-01
6.944254636764526367e-01
6.939733326435089111e-01
6.936838328838348389e-01
6.934867203235626221e-01
6.930148005485534668e-01
6.925582289695739746e-01
6.919414401054382324e-01
6.912247538566589355e-01
6.903677284717559814e-01
6.897370517253875732e-01
6.890794634819030762e-01
6.882506012916564941e-01
6.871806979179382324e-01
6.862722635269165039e-01
6.851472258567810059e-01
6.842444837093353271e-01
6.831249594688415527e-01
6.822355389595031738e-01
6.810823976993560791e-01
6.802479326725006104e-01
6.795656085014343262e-01
6.786623001098632812e-01
6.778277456760406494e-01
6.773592531681060791e-01
6.773824989795684814e-01
6.772022545337677002e-01
6.774090826511383057e-01
6.777003109455108643e-01
6.780802905559539795e-01
6.784807145595550537e-01
6.787626445293426514e-01
6.789764463901519775e-01
6.785108745098114014e-01
6.761407554149627686e-01
6.721060276031494141e-01
6.660453081130981445e-01
6.593323349952697754e-01
6.521837711334228516e-01
6.477291882038116455e-01
6.453437805175781250e-01
6.436221599578857422e-01
6.460687518119812012e-01
6.481126844882965088e-01
6.532286107540130615e-01
6.566783487796783447e-01
6.630768179893493652e-01
6.692115962505340576e-01
6.734377741813659668e-01
6.777105331420898438e-01
6.805371046066284180e-01
6.846370100975036621e-01
6.879353821277618408e-01
6.896092593669891357e-01
6.914015710353851318e-01
6.906108856201171875e-01
6.888466477394104004e-01
6.851628422737121582e-01
6.798553168773651123e-01
6.724289357662200928e-01
6.671556830406188965e-01
6.623861193656921387e-01
6.562386453151702881e-01
6.572291553020477295e-01
6.559809446334838867e-01
6.594853103160858154e-01
6.612784564495086670e-01
6.668687760829925537e-01
6.759272515773773193e-01
6.815024316310882568e-01
6.875704228878021240e-01
6.925143897533416748e-01
6.961112916469573975e-01
6.985425353050231934e-01
6.988424956798553467e-01
6.973727047443389893e-01
6.934235394001007080e-01
6.876412332057952881e-01
6.790522336959838867e-01
6.685892045497894287e-01
6.594912707805633545e-01
6.501272320747375488e-01
6.414566040039062500e-01
6.367823779582977295e-01
6.337254345417022705e-01
6.334663033485412598e-01
6.376066207885742188e-01
6.407816112041473389e-01
6.524026691913604736e-01
6.572808921337127686e-01
6.687996089458465576e-01
6.720797121524810791e-01
6.777404546737670898e-01
6.829076409339904785e-01
6.842301487922668457e-01
6.863838136196136475e-01
6.868798732757568359e-01
6.872424185276031494e-01
6.877573132514953613e-01
6.880570352077484131e-01
6.884871721267700195e-01
6.886326372623443604e-01
6.887793838977813721e-01
6.889983117580413818e-01
6.893241107463836670e-01
6.892605125904083252e-01
6.894605159759521484e-01
6.893484592437744141e-01
6.894747018814086914e-01
6.889738142490386963e-01
6.890503466129302979e-01
6.887087821960449219e-01
6.881219744682312012e-01
6.877147853374481201e-01
6.872092783451080322e-01
6.866676807403564453e-01
6.861360669136047363e-01
6.851274073123931885e-01
6.849182546138763428e-01
6.842029392719268799e-01
6.844480335712432861e-01
6.843027770519256592e-01
6.848019063472747803e-01
6.857822537422180176e-01
6.872505247592926025e-01
6.889953315258026123e-01
6.885932385921478271e-01
6.877907812595367432e-01
6.830305755138397217e-01
6.759239137172698975e-01
6.647740304470062256e-01
6.526345908641815186e-01
6.398513019084930420e-01
6.295610964298248291e-01
6.210951209068298340e-01
6.200677752494812012e-01
6.187418401241302490e-01
6.224254369735717773e-01
6.254956722259521484e-01
6.316143274307250977e-01
6.364622116088867188e-01
6.409747898578643799e-01
6.491616070270538330e-01
6.540693342685699463e-01
6.602306663990020752e-01
6.651501655578613281e-01
6.674443185329437256e-01
6.708882749080657959e-01
6.725340485572814941e-01
6.740476489067077637e-01
6.749633848667144775e-01
6.761863827705383301e-01
6.771790683269500732e-01
6.784667968750000000e-01
6.791683137416839600e-01
6.805360019207000732e-01
6.817078292369842529e-01
6.825928986072540283e-01
6.838186383247375488e-01
6.849827170372009277e-01
6.862910687923431396e-01
6.877745389938354492e-01
6.894648671150207520e-01
6.909666955471038818e-01
6.933356225490570068e-01
6.955667138099670410e-01
6.987924277782440186e-01
7.017958164215087891e-01
7.044388055801391602e-01
7.066228985786437988e-01
7.072478830814361572e-01
7.068550586700439453e-01
7.039057016372680664e-01
6.984182596206665039e-01
6.901343762874603271e-01
6.797438263893127441e-01
6.662024557590484619e-01
6.497152745723724365e-01
6.397428214550018311e-01
6.269914209842681885e-01
6.209610700607299805e-01
6.171377599239349365e-01
6.187731027603149414e-01
6.171866357326507568e-01
6.243008375167846680e-01
6.307735741138458252e-01
6.398880481719970703e-01
6.463793516159057617e-01
6.556777060031890869e-01
6.671007573604583740e-01
6.688954532146453857e-01
6.742486357688903809e-01
6.766944825649261475e-01
6.782787740230560303e-01
6.795533299446105957e-01
6.798532009124755859e-01
6.803638041019439697e-01
6.809477508068084717e-01
6.814438104629516602e-01
6.820036470890045166e-01
6.825729012489318848e-01
6.829520165920257568e-01
6.834478676319122314e-01
6.840186119079589844e-01
6.843470931053161621e-01
6.850388646125793457e-01
6.853604316711425781e-01
6.859530806541442871e-01
6.860685646533966064e-01
6.866340637207031250e-01
6.870006620883941650e-01
6.874765753746032715e-01
6.876399517059326172e-01
6.878202557563781738e-01
6.882535219192504883e-01
6.885761022567749023e-01
6.887321770191192627e-01
6.887117326259613037e-01
6.889552175998687744e-01
6.890507638454437256e-01
6.891827285289764404e-01
6.891351044178009033e-01
6.892102658748626709e-01
6.890680491924285889e-01
6.887072324752807617e-01
6.887497603893280029e-01
6.886112987995147705e-01
6.883171200752258301e-01
6.880688965320587158e-01
6.877406239509582520e-01
6.874901056289672852e-01
6.870735585689544678e-01
6.864968836307525635e-01
6.862091124057769775e-01
6.856238842010498047e-01
6.852239072322845459e-01
6.847244501113891602e-01
6.842394173145294189e-01
6.839196383953094482e-01
6.841650009155273438e-01
6.841857135295867920e-01
6.840827465057373047e-01
6.841178536415100098e-01
6.840129196643829346e-01
6.829576492309570312e-01
6.814028322696685791e-01
6.790025532245635986e-01
6.749767661094665527e-01
6.696074604988098145e-01
6.626445949077606201e-01
6.547795534133911133e-01
6.474246382713317871e-01
6.426267325878143311e-01
6.381645202636718750e-01
6.347975432872772217e-01
6.345186233520507812e-01
6.379136741161346436e-01
6.382901072502136230e-01
6.446436047554016113e-01
6.496228277683258057e-01
6.533932685852050781e-01
6.541652977466583252e-01
6.523130536079406738e-01
6.497527658939361572e-01
6.464155018329620361e-01
6.425994038581848145e-01
6.412518322467803955e-01
6.429606080055236816e-01
6.434172689914703369e-01
6.491639912128448486e-01
6.548821926116943359e-01
6.621478796005249023e-01
6.678494215011596680e-01
6.731560528278350830e-01
6.764615774154663086e-01
6.763837635517120361e-01
6.716055870056152344e-01
6.682237386703491211e-01
6.635045111179351807e-01
6.591181457042694092e-01
6.588129997253417969e-01
6.596486568450927734e-01
6.619560122489929199e-01
6.672942042350769043e-01
6.726149320602416992e-01
6.770090758800506592e-01
6.807757019996643066e-01
6.835978031158447266e-01
6.855461895465850830e-01
6.861117482185363770e-01
6.861284673213958740e-01
6.860194206237792969e-01
6.861142218112945557e-01
6.857017278671264648e-01
6.853239238262176514e-01
6.852790415287017822e-01
6.850710511207580566e-01
6.847378909587860107e-01
6.845825314521789551e-01
6.843467950820922852e-01
6.843162178993225098e-01
6.840304732322692871e-01
6.837189793586730957e-01
6.834970414638519287e-01
6.831382811069488525e-01
6.831147968769073486e-01
6.826781034469604492e-01
6.825808584690093994e-01
6.822581887245178223e-01
6.820183694362640381e-01
6.819777190685272217e-01
6.815646886825561523e-01
6.813020408153533936e-01
6.811850070953369141e-01
6.808320879936218262e-01
6.807371079921722412e-01
6.803542077541351318e-01
6.800607442855834961e-01
6.798810660839080811e-01
6.798318326473236084e-01
6.797887086868286133e-01
6.799750328063964844e-01
6.806912720203399658e-01
6.821673810482025146e-01
6.837610900402069092e-01
6.865122616291046143e-01
6.898419857025146484e-01
6.953047513961791992e-01
6.970617771148681641e-01
6.986513137817382812e-01
6.991347968578338623e-01
6.962689757347106934e-01
6.892999708652496338e-01
6.785832047462463379e-01
6.654843688011169434e-01
6.504627466201782227e-01
6.342607736587524414e-01
6.181814670562744141e-01
6.044258773326873779e-01
5.941041111946105957e-01
5.881853103637695312e-01
5.830697715282440186e-01
5.863408744335174561e-01
5.900053977966308594e-01
6.022613346576690674e-01
6.089643836021423340e-01
6.219448447227478027e-01
6.368468999862670898e-01
6.481831371784210205e-01
6.623969972133636475e-01
6.720854938030242920e-01
6.779752075672149658e-01
6.843575537204742432e-01
6.894884705543518066e-01
6.930181384086608887e-01
6.956849694252014160e-01
6.972671449184417725e-01
6.978608369827270508e-01
6.978163123130798340e-01
6.949302256107330322e-01
6.900072991847991943e-01
6.829398870468139648e-01
6.735559403896331787e-01
6.637038886547088623e-01
6.542021036148071289e-01
6.452770233154296875e-01
6.369627118110656738e-01
6.298679709434509277e-01
6.244188845157623291e-01
6.249265670776367188e-01
6.251157522201538086e-01
6.317870020866394043e-01
6.377021372318267822e-01
6.487520635128021240e-01
6.593764722347259521e-01
6.659578680992126465e-01
6.715306043624877930e-01
6.759893298149108887e-01
6.781243681907653809e-01
6.794205904006958008e-01
6.803016960620880127e-01
6.808631420135498047e-01
6.813218891620635986e-01
6.822182834148406982e-01
6.826068758964538574e-01
6.833982765674591064e-01
6.841259300708770752e-01
6.847621500492095947e-01
6.856750249862670898e-01
6.865496635437011719e-01
6.870318651199340820e-01
6.878151297569274902e-01
6.889407634735107422e-01
6.898847222328186035e-01
6.904815733432769775e-01
6.910875439643859863e-01
6.920690536499023438e-01
6.929361224174499512e-01
6.938159167766571045e-01
6.949580609798431396e-01
6.949704885482788086e-01
6.961311995983123779e-01
6.976619362831115723e-01
6.987604796886444092e-01
7.014137208461761475e-01
7.040818631649017334e-01
7.076400220394134521e-01
7.112727165222167969e-01
7.176367938518524170e-01
7.224681675434112549e-01
7.271173596382141113e-01
7.267232239246368408e-01
7.261800765991210938e-01
7.188927829265594482e-01
7.048716545104980469e-01
6.844193041324615479e-01
6.633112728595733643e-01
6.448359191417694092e-01
6.260297596454620361e-01
6.059010922908782959e-01
5.870615839958190918e-01
5.726761519908905029e-01
5.626509487628936768e-01
5.560586899518966675e-01
5.580080151557922363e-01
5.628909766674041748e-01
5.749623179435729980e-01
5.882170796394348145e-01
6.043861210346221924e-01
6.190291345119476318e-01
6.354148089885711670e-01
6.528969109058380127e-01
6.638762354850769043e-01
6.695094406604766846e-01
6.718246936798095703e-01
6.712912619113922119e-01
6.669811606407165527e-01
6.598152220249176025e-01
6.521633565425872803e-01
6.470450162887573242e-01
6.442120373249053955e-01
6.412116587162017822e-01
6.432418525218963623e-01
6.456846594810485840e-01
6.546462178230285645e-01
6.607733070850372314e-01
6.674428284168243408e-01
6.777770519256591797e-01
6.825002431869506836e-01
6.908084154129028320e-01
6.937777996063232422e-01
6.971778571605682373e-01
7.003728747367858887e-01
7.018261551856994629e-01
7.030934691429138184e-01
7.033112645149230957e-01
7.032583951950073242e-01
7.000354230403900146e-01
6.955247521400451660e-01
6.879448592662811279e-01
6.786893904209136963e-01
6.679587364196777344e-01
6.581186056137084961e-01
6.494570672512054443e-01
6.442081332206726074e-01
6.407844722270965576e-01
6.415135562419891357e-01
6.427747011184692383e-01
6.437858045101165771e-01
6.515620052814483643e-01
6.523800790309906006e-01
6.546943485736846924e-01
6.578137278556823730e-01
6.576174795627593994e-01
6.511563658714294434e-01
6.449482142925262451e-01
6.396064460277557373e-01
6.339567005634307861e-01
6.284577846527099609e-01
6.268764436244964600e-01
6.264546215534210205e-01
6.273582875728607178e-01
6.294705569744110107e-01
6.342490911483764648e-01
6.403409540653228760e-01
6.447250843048095703e-01
6.434124410152435303e-01
6.446274518966674805e-01
6.434960067272186279e-01
6.374112963676452637e-01
6.333572864532470703e-01
6.323084533214569092e-01
6.323730051517486572e-01
6.307507157325744629e-01
6.354016661643981934e-01
6.360529065132141113e-01
6.414832770824432373e-01
6.469471156597137451e-01
6.533121764659881592e-01
6.603921651840209961e-01
6.672949194908142090e-01
6.736591756343841553e-01
6.799490451812744141e-01
6.840583682060241699e-01
6.865608096122741699e-01
6.881109774112701416e-01
6.894271075725555420e-01
6.904756724834442139e-01
6.912475526332855225e-01
6.921616792678833008e-01
6.937302350997924805e-01
6.952434480190277100e-01
6.970117390155792236e-01
6.987849473953247070e-01
7.013816833496093750e-01
7.021669149398803711e-01
7.015296518802642822e-01
7.000502049922943115e-01
6.962955892086029053e-01
6.904264986515045166e-01
6.821751892566680908e-01
6.717486083507537842e-01
6.623592376708984375e-01
6.525969505310058594e-01
6.448853611946105957e-01
6.389618813991546631e-01
6.348083615303039551e-01
6.333857476711273193e-01
6.357162296772003174e-01
6.372267007827758789e-01
6.429077088832855225e-01
6.489461660385131836e-01
6.545667350292205811e-01
6.609395444393157959e-01
6.684694290161132812e-01
6.738832890987396240e-01
6.781341731548309326e-01
6.803897619247436523e-01
6.782112717628479004e-01
6.751699447631835938e-01
6.701376438140869141e-01
6.635619401931762695e-01
6.553719341754913330e-01
6.476481854915618896e-01
6.406147778034210205e-01
6.344739794731140137e-01
6.289179325103759766e-01
6.255737841129302979e-01
6.221780776977539062e-01
6.241327822208404541e-01
6.211884915828704834e-01
6.215745806694030762e-01
6.226888298988342285e-01
6.275413632392883301e-01
6.301934123039245605e-01
6.356404125690460205e-01
6.418648660182952881e-01
6.479218304157257080e-01
6.515851020812988281e-01
6.560594737529754639e-01
6.599344015121459961e-01
6.634333133697509766e-01
6.660594642162322998e-01
6.688582301139831543e-01
6.712038815021514893e-01
6.723885834217071533e-01
6.741099357604980469e-01
6.756926178932189941e-01
6.759385764598846436e-01
6.749016046524047852e-01
6.753554046154022217e-01
6.740790903568267822e-01
6.722327470779418945e-01
6.691301465034484863e-01
6.658485829830169678e-01
6.625383496284484863e-01
6.582035720348358154e-01
6.558221578598022461e-01
6.531724035739898682e-01
6.498602032661437988e-01
6.499563157558441162e-01
6.488504409790039062e-01
6.504418849945068359e-01
6.522465646266937256e-01
6.559140980243682861e-01
6.587193012237548828e-01
6.640965938568115234e-01
6.700842678546905518e-01
6.764603853225708008e-01
6.838180720806121826e-01
6.893066167831420898e-01
6.957897245883941650e-01
7.006890475749969482e-01
7.042700648307800293e-01
7.053099274635314941e-01
7.045229971408843994e-01
7.018844783306121826e-01
7.009841501712799072e-01
7.006492018699645996e-01
6.997874975204467773e-01
6.995817124843597412e-01
6.989481449127197266e-01
6.982479989528656006e-01
6.973762214183807373e-01
6.960571408271789551e-01
6.945351064205169678e-01
6.927635967731475830e-01
6.906599700450897217e-01
6.884960532188415527e-01
6.859047710895538330e-01
6.829025447368621826e-01
6.794736385345458984e-01
6.771629452705383301e-01
6.762629449367523193e-01
6.754365861415863037e-01
6.751297414302825928e-01
6.742988824844360352e-01
6.730969548225402832e-01
6.715606451034545898e-01
6.699320971965789795e-01
6.677973270416259766e-01
6.658891141414642334e-01
6.645952165126800537e-01
6.627543568611145020e-01
6.608119010925292969e-01
6.588823795318603516e-01
6.570285260677337646e-01
6.551353037357330322e-01
6.531363725662231445e-01
6.526235342025756836e-01
6.503723561763763428e-01
6.494038105010986328e-01
6.494902670383453369e-01
6.493959426879882812e-01
6.509210169315338135e-01
6.550340652465820312e-01
6.566579341888427734e-01
6.593804657459259033e-01
6.633563041687011719e-01
6.675279736518859863e-01
6.689838469028472900e-01
6.718593835830688477e-01
6.768484711647033691e-01
6.805553436279296875e-01
6.807510852813720703e-01
6.832938790321350098e-01
6.843253076076507568e-01
6.858372092247009277e-01
6.866555809974670410e-01
6.868556141853332520e-01
6.874577701091766357e-01
6.873504817485809326e-01
6.873978674411773682e-01
6.870239675045013428e-01
6.868580579757690430e-01
6.863601207733154297e-01
6.861400902271270752e-01
6.861106157302856445e-01
6.862105429172515869e-01
6.863699853420257568e-01
6.867591440677642822e-01
6.873640418052673340e-01
6.881799101829528809e-01
6.889672279357910156e-01
6.903445124626159668e-01
6.920708119869232178e-01
6.933432221412658691e-01
6.951760053634643555e-01
6.977929174900054932e-01
7.000921666622161865e-01
7.026641070842742920e-01
7.042411863803863525e-01
7.060287892818450928e-01
7.074640095233917236e-01
7.067260444164276123e-01
7.055791318416595459e-01
7.019701898097991943e-01
6.950371265411376953e-01
6.842448115348815918e-01
6.703751683235168457e-01
6.537426710128784180e-01
6.353510320186614990e-01
6.175960600376129150e-01
6.022363901138305664e-01
5.941670835018157959e-01
5.911920070648193359e-01
5.971241295337677002e-01
6.055530011653900146e-01
6.149234473705291748e-01
6.247490644454956055e-01
6.353497803211212158e-01
6.447389721870422363e-01
6.557613313198089600e-01
6.666971147060394287e-01
6.744750142097473145e-01
6.824722290039062500e-01
6.879784464836120605e-01
6.908283233642578125e-01
6.931228637695312500e-01
6.935776472091674805e-01
6.940337419509887695e-01
6.923083364963531494e-01
6.905657947063446045e-01
6.890107393264770508e-01
6.873656213283538818e-01
6.860102117061614990e-01
6.845662891864776611e-01
6.840518414974212646e-01
6.832072734832763672e-01
6.829949915409088135e-01
6.828349828720092773e-01
6.833165884017944336e-01
6.842781603336334229e-01
6.851610243320465088e-01
6.853376626968383789e-01
6.859363615512847900e-01
6.854541599750518799e-01
6.849395632743835449e-01
6.844204962253570557e-01
6.838287413120269775e-01
6.835955977439880371e-01
6.831313073635101318e-01
6.834164857864379883e-01
6.841216087341308594e-01
6.856767535209655762e-01
6.865241229534149170e-01
6.880776584148406982e-01
6.897815167903900146e-01
6.913654804229736328e-01
6.918911635875701904e-01
6.923851668834686279e-01
6.901188194751739502e-01
6.875172257423400879e-01
6.818483769893646240e-01
6.749179661273956299e-01
6.650626361370086670e-01
6.541608870029449463e-01
6.434989869594573975e-01
6.348247230052947998e-01
6.265275478363037109e-01
6.209453940391540527e-01
6.178686022758483887e-01
6.173639595508575439e-01
6.185512840747833252e-01
6.195049881935119629e-01
6.250914633274078369e-01
6.318625807762145996e-01
6.397914886474609375e-01
6.455825269222259521e-01
6.534365117549896240e-01
6.603464782238006592e-01
6.664296686649322510e-01
6.712485253810882568e-01
6.748075187206268311e-01
6.796281039714813232e-01
6.825254261493682861e-01
6.849854290485382080e-01
6.870046257972717285e-01
6.884512007236480713e-01
6.893842220306396484e-01
6.897870004177093506e-01
6.895592808723449707e-01
6.892139315605163574e-01
6.892706155776977539e-01
6.876987218856811523e-01
6.871857345104217529e-01
6.855581700801849365e-01
6.824677586555480957e-01
6.811002492904663086e-01
6.784330606460571289e-01
6.761211156845092773e-01
6.727313697338104248e-01
6.694723069667816162e-01
6.664872765541076660e-01
6.644583344459533691e-01
6.614983081817626953e-01
6.601407527923583984e-01
6.594592332839965820e-01
6.594475209712982178e-01
6.596867144107818604e-01
6.605464518070220947e-01
6.625250875949859619e-01
6.644592583179473877e-01
6.661416590213775635e-01
6.685458719730377197e-01
6.708558797836303711e-01
6.737401783466339111e-01
6.758702993392944336e-01
6.774202287197113037e-01
6.805264949798583984e-01
6.825322806835174561e-01
6.840862929821014404e-01
6.864880323410034180e-01
6.888925731182098389e-01
6.901013851165771484e-01
6.906869113445281982e-01
6.902683079242706299e-01
6.889351904392242432e-01
6.850774884223937988e-01
6.797425746917724609e-01
6.723257005214691162e-01
6.641493439674377441e-01
6.545251607894897461e-01
6.442268490791320801e-01
6.349024176597595215e-01
6.265046000480651855e-01
6.202322542667388916e-01
6.134196817874908447e-01
6.109170317649841309e-01
6.092612147331237793e-01
6.092915236949920654e-01
6.119629442691802979e-01
6.191073656082153320e-01
6.248286068439483643e-01
6.328565478324890137e-01
6.425818502902984619e-01
6.502434909343719482e-01
6.592885851860046387e-01
6.691939830780029297e-01
6.772190332412719727e-01
6.847883760929107666e-01
6.927329301834106445e-01
6.970048844814300537e-01
7.008017301559448242e-01
