7.227734923362731934e-01
7.591876983642578125e-01
7.944725751876831055e-01
8.298174142837524414e-01
8.753982782363891602e-01
9.137520790100097656e-01
9.075783491134643555e-01
9.284824132919311523e-01
9.705959558486938477e-01
1.007080435752868652e+00
1.050576210021972656e+00
1.095960855484008789e+00
1.123916268348693848e+00
1.145199537277221680e+00
1.137287974357604980e+00
1.084853529930114746e+00
1.027696490287780762e+00
9.860442876815795898e-01
9.601772427558898926e-01
9.503706693649291992e-01
9.408739209175109863e-01
9.508409500122070312e-01
9.799278974533081055e-01
1.023774147033691406e+00
1.071971178054809570e+00
1.128643393516540527e+00
1.221987605094909668e+00
1.295180439949035645e+00
1.344877958297729492e+00
1.375420689582824707e+00
1.415933012962341309e+00
1.403571844100952148e+00
1.391622304916381836e+00
1.373291969299316406e+00
1.346147894859313965e+00
1.306495666503906250e+00
1.269863486289978027e+00
1.216729283332824707e+00
1.174140691757202148e+00
1.126165866851806641e+00
1.076121926307678223e+00
1.032528400421142578e+00
1.001809835433959961e+00
9.648610353469848633e-01
9.450708627700805664e-01
9.128202795982360840e-01
8.980801105499267578e-01
8.884329795837402344e-01
8.748583793640136719e-01
8.656842112541198730e-01
8.597286939620971680e-01
8.506919145584106445e-01
8.408885002136230469e-01
8.359854817390441895e-01
8.239069581031799316e-01
8.171347975730895996e-01
7.956188917160034180e-01
7.866724729537963867e-01
7.743296027183532715e-01
7.641445398330688477e-01
7.450289726257324219e-01
7.355175614356994629e-01
7.277637124061584473e-01
7.170987129211425781e-01
7.080760002136230469e-01
6.994462013244628906e-01
6.945484280586242676e-01
6.891196370124816895e-01
6.874758005142211914e-01
6.851925849914550781e-01
6.845344305038452148e-01
6.820260882377624512e-01
6.790102124214172363e-01
6.782466769218444824e-01
6.779320240020751953e-01
6.759702563285827637e-01
6.744177937507629395e-01
6.691973805427551270e-01
6.721724867820739746e-01
6.689235568046569824e-01
6.650345325469970703e-01
6.659480929374694824e-01
6.649833917617797852e-01
6.639285087585449219e-01
6.629346013069152832e-01
6.625099778175354004e-01
6.612518429756164551e-01
6.627067327499389648e-01
6.620609164237976074e-01
6.645606756210327148e-01
6.647799611091613770e-01
6.662920117378234863e-01
6.658875942230224609e-01
6.702613830566406250e-01
6.694124341011047363e-01
6.695798635482788086e-01
6.698945164680480957e-01
6.720809340476989746e-01
6.714591979980468750e-01
6.735748052597045898e-01
6.730553507804870605e-01
6.748695969581604004e-01
6.764104962348937988e-01
6.767327785491943359e-01
6.791748404502868652e-01
6.810189485549926758e-01
6.840937733650207520e-01
6.869652867317199707e-01
6.914774775505065918e-01
6.971400976181030273e-01
7.013770341873168945e-01
7.078235745429992676e-01
7.140092849731445312e-01
7.178778052330017090e-01
7.249411344528198242e-01
7.246713042259216309e-01
7.221531271934509277e-01
7.240907549858093262e-01
7.193838357925415039e-01
7.165332436561584473e-01
7.155407667160034180e-01
7.170338034629821777e-01
7.210183143615722656e-01
7.294176220893859863e-01
7.360562086105346680e-01
7.427754402160644531e-01
7.503947615623474121e-01
7.576474547386169434e-01
7.646276354789733887e-01
7.641408443450927734e-01
7.604526281356811523e-01
7.572000622749328613e-01
7.484936714172363281e-01
7.464388012886047363e-01
7.479358911514282227e-01
7.506490945816040039e-01
7.528892159461975098e-01
7.582811117172241211e-01
7.683221101760864258e-01
7.747197747230529785e-01
7.860500812530517578e-01
7.951610684394836426e-01
8.027923107147216797e-01
8.127300143241882324e-01
8.044581413269042969e-01
8.035378456115722656e-01
7.925863862037658691e-01
7.808485627174377441e-01
7.671319246292114258e-01
7.481427192687988281e-01
7.252805233001708984e-01
7.065315842628479004e-01
6.821527481079101562e-01
6.696966886520385742e-01
6.514860987663269043e-01
6.367949843406677246e-01
6.289457678794860840e-01
6.215542554855346680e-01
6.188495755195617676e-01
6.135437488555908203e-01
6.120187640190124512e-01
6.120864152908325195e-01
6.136037707328796387e-01
6.147959828376770020e-01
6.165179610252380371e-01
6.185556650161743164e-01
6.211033463478088379e-01
6.234896183013916016e-01
6.255952119827270508e-01
6.277015209197998047e-01
6.303940415382385254e-01
6.327237486839294434e-01
6.352043151855468750e-01
6.377933621406555176e-01
6.400362253189086914e-01
6.420321464538574219e-01
6.446515321731567383e-01
6.473830938339233398e-01
6.502993702888488770e-01
6.528260111808776855e-01
6.551131010055541992e-01
6.578432321548461914e-01
6.604403257369995117e-01
6.632735729217529297e-01
6.662119030952453613e-01
6.693230867385864258e-01
6.719377636909484863e-01
6.744807362556457520e-01
6.773479580879211426e-01
6.805645823478698730e-01
6.834140419960021973e-01
6.866891384124755859e-01
6.894348859786987305e-01
6.925802826881408691e-01
6.952849030494689941e-01
6.985113024711608887e-01
7.011864185333251953e-01
7.035396099090576172e-01
7.063554525375366211e-01
7.091670036315917969e-01
7.112984061241149902e-01
7.124624252319335938e-01
7.141160964965820312e-01
7.151513695716857910e-01
7.163084149360656738e-01
7.174820303916931152e-01
7.190010547637939453e-01
7.212485074996948242e-01
7.246059775352478027e-01
7.302463054656982422e-01
7.409476637840270996e-01
7.558603286743164062e-01
7.766655683517456055e-01
7.975214123725891113e-01
8.184021115303039551e-01
8.309963345527648926e-01
8.383346796035766602e-01
8.431378006935119629e-01
8.355482816696166992e-01
8.282431960105895996e-01
8.124797940254211426e-01
8.012781739234924316e-01
7.828335165977478027e-01
7.659679651260375977e-01
7.546464800834655762e-01
7.436072826385498047e-01
7.364194393157958984e-01
7.268272042274475098e-01
7.196623682975769043e-01
7.161614894866943359e-01
7.129349112510681152e-01
7.153093218803405762e-01
7.200280427932739258e-01
7.291800379753112793e-01
7.412108778953552246e-01
7.583968043327331543e-01
7.694402933120727539e-01
7.793156504631042480e-01
7.926893830299377441e-01
7.866795659065246582e-01
7.868157625198364258e-01
7.748305797576904297e-01
7.672048211097717285e-01
7.509227395057678223e-01
7.275458574295043945e-01
7.132915258407592773e-01
6.988613605499267578e-01
6.874538064002990723e-01
6.795765757560729980e-01
6.744980216026306152e-01
6.740266680717468262e-01
6.773348450660705566e-01
6.855285763740539551e-01
6.976885795593261719e-01
7.163378000259399414e-01
7.394391894340515137e-01
7.581642866134643555e-01
7.777500152587890625e-01
7.961466312408447266e-01
8.037226200103759766e-01
8.075210452079772949e-01
8.046458363533020020e-01
7.903030514717102051e-01
7.796580195426940918e-01
7.491626143455505371e-01
7.359198927879333496e-01
7.090125679969787598e-01
7.009260058403015137e-01
6.883732676506042480e-01
6.775736808776855469e-01
6.752157807350158691e-01
6.713825464248657227e-01
6.711188554763793945e-01
6.712448000907897949e-01
6.712154746055603027e-01
6.717008948326110840e-01
6.719864606857299805e-01
6.728464365005493164e-01
6.737188100814819336e-01
6.744721531867980957e-01
6.751058101654052734e-01
6.763047575950622559e-01
6.770924925804138184e-01
6.783974766731262207e-01
6.793684959411621094e-01
6.814604997634887695e-01
6.824200153350830078e-01
6.840851902961730957e-01
6.861997246742248535e-01
6.879999637603759766e-01
6.899445652961730957e-01
6.918526887893676758e-01
6.937405467033386230e-01
6.966244578361511230e-01
6.976929903030395508e-01
6.998179554939270020e-01
6.998879909515380859e-01
7.010041475296020508e-01
7.006711959838867188e-01
6.996700167655944824e-01
6.981698274612426758e-01
6.967950463294982910e-01
6.999318003654479980e-01
7.046148777008056641e-01
7.181519269943237305e-01
7.375378608703613281e-01
7.647039890289306641e-01
7.933291792869567871e-01
8.228691816329956055e-01
8.445956707000732422e-01
8.617767095565795898e-01
8.594207763671875000e-01
8.581455349922180176e-01
8.437247276306152344e-01
8.313563466072082520e-01
8.116688728332519531e-01
7.964870929718017578e-01
7.829574942588806152e-01
7.615603804588317871e-01
7.487143278121948242e-01
7.339910268783569336e-01
7.225836515426635742e-01
7.176228761672973633e-01
7.104270458221435547e-01
7.073870897293090820e-01
7.047544121742248535e-01
7.035148143768310547e-01
7.017490863800048828e-01
7.005279660224914551e-01
6.988044381141662598e-01
6.982734799385070801e-01
6.965095400810241699e-01
6.951383948326110840e-01
6.944113373756408691e-01
6.930198073387145996e-01
6.918168067932128906e-01
6.903509497642517090e-01
6.885576844215393066e-01
6.864853501319885254e-01
6.847529411315917969e-01
6.813659667968750000e-01
6.782696843147277832e-01
6.733034253120422363e-01
6.686853170394897461e-01
6.647579073905944824e-01
6.616057157516479492e-01
6.611927747726440430e-01
6.630510687828063965e-01
6.703007817268371582e-01
6.826694607734680176e-01
7.006341814994812012e-01
7.239234447479248047e-01
7.553992867469787598e-01
7.954030632972717285e-01
8.159118890762329102e-01
8.447094559669494629e-01
8.560370802879333496e-01
8.620786666870117188e-01
8.526563644409179688e-01
8.536312580108642578e-01
8.313302397727966309e-01
8.118692636489868164e-01
7.865470051765441895e-01
7.686848044395446777e-01
7.451454401016235352e-01
7.176135182380676270e-01
7.132823467254638672e-01
7.013183236122131348e-01
6.963036656379699707e-01
6.934293508529663086e-01
6.913932561874389648e-01
6.915521025657653809e-01
6.913745999336242676e-01
6.911515593528747559e-01
6.911582350730895996e-01
6.910499930381774902e-01
6.909468173980712891e-01
6.912222504615783691e-01
6.912392377853393555e-01
6.911234855651855469e-01
6.914386749267578125e-01
6.910095214843750000e-01
6.912983059883117676e-01
6.909921169281005859e-01
6.916412711143493652e-01
6.913335919380187988e-01
6.913830637931823730e-01
6.911991834640502930e-01
6.916015744209289551e-01
6.919416189193725586e-01
6.917296051979064941e-01
6.917123198509216309e-01
6.919782757759094238e-01
6.925794482231140137e-01
6.926166415214538574e-01
6.929185390472412109e-01
6.930938959121704102e-01
6.936275362968444824e-01
6.938871145248413086e-01
6.945051550865173340e-01
6.955446004867553711e-01
6.957063674926757812e-01
6.961951255798339844e-01
6.969358325004577637e-01
6.975696086883544922e-01
6.982483863830566406e-01
6.987234950065612793e-01
6.994689702987670898e-01
7.004892230033874512e-01
7.008396983146667480e-01
7.017111778259277344e-01
7.021569013595581055e-01
7.027095556259155273e-01
7.031331658363342285e-01
7.031198740005493164e-01
7.019331455230712891e-01
7.011378407478332520e-01
7.005253434181213379e-01
6.997506618499755859e-01
6.993536949157714844e-01
7.006471157073974609e-01
7.030513286590576172e-01
7.078194022178649902e-01
7.160599231719970703e-01
7.277011871337890625e-01
7.434999346733093262e-01
7.599052786827087402e-01
7.759690880775451660e-01
7.840072512626647949e-01
7.927005290985107422e-01
7.995146512985229492e-01
7.976094484329223633e-01
7.882480621337890625e-01
7.863858938217163086e-01
7.695871591567993164e-01
7.576661109924316406e-01
7.501936554908752441e-01
7.487047314643859863e-01
7.538767457008361816e-01
7.596001029014587402e-01
7.666269540786743164e-01
7.743496894836425781e-01
7.761657834053039551e-01
7.696363329887390137e-01
7.676465511322021484e-01
7.531556487083435059e-01
7.395331263542175293e-01
7.234497070312500000e-01
7.115522623062133789e-01
7.008790969848632812e-01
6.942746639251708984e-01
6.950707435607910156e-01
7.048915028572082520e-01
7.104753255844116211e-01
7.185593843460083008e-01
7.257328033447265625e-01
7.233849763870239258e-01
7.190507650375366211e-01
7.118403315544128418e-01
6.989986896514892578e-01
6.869277954101562500e-01
6.777562499046325684e-01
6.705029606819152832e-01
6.657199859619140625e-01
6.631265878677368164e-01
6.636005043983459473e-01
6.654035449028015137e-01
6.676108837127685547e-01
6.695061922073364258e-01
6.724396944046020508e-01
6.753501296043395996e-01
6.776008605957031250e-01
6.801390051841735840e-01
6.828720569610595703e-01
6.851745843887329102e-01
6.875683069229125977e-01
6.894475817680358887e-01
6.917226314544677734e-01
6.939324736595153809e-01
6.958777904510498047e-01
6.979727745056152344e-01
6.992822289466857910e-01
7.013074755668640137e-01
7.025427222251892090e-01
7.041170001029968262e-01
7.054545283317565918e-01
7.062317132949829102e-01
7.077219486236572266e-01
7.087968587875366211e-01
7.094836235046386719e-01
7.105686068534851074e-01
7.110391855239868164e-01
7.120261788368225098e-01
7.127034664154052734e-01
7.131295204162597656e-01
7.132153511047363281e-01
7.132060527801513672e-01
7.126929163932800293e-01
7.110817432403564453e-01
7.080076336860656738e-01
7.046953439712524414e-01
6.992475390434265137e-01
6.928727626800537109e-01
6.829178333282470703e-01
6.800225973129272461e-01
6.778632998466491699e-01
6.784670948982238770e-01
6.854488253593444824e-01
6.987385749816894531e-01
7.185771465301513672e-01
7.436486482620239258e-01
7.731170654296875000e-01
8.075835704803466797e-01
8.433799147605895996e-01
8.736739754676818848e-01
8.949825167655944824e-01
9.055263400077819824e-01
9.150897860527038574e-01
8.995369672775268555e-01
8.854519724845886230e-01
8.476595878601074219e-01
8.277652859687805176e-01
7.930232882499694824e-01
7.569827437400817871e-01
7.312904000282287598e-01
7.006343603134155273e-01
6.823810338973999023e-01
6.720403432846069336e-01
6.616768836975097656e-01
6.542655229568481445e-01
6.503772735595703125e-01
6.481374502182006836e-01
6.477621793746948242e-01
6.492607593536376953e-01
6.522552967071533203e-01
6.603722572326660156e-01
6.728012561798095703e-01
6.907067298889160156e-01
7.128888964653015137e-01
7.343649268150329590e-01
7.555466890335083008e-01
7.760450839996337891e-01
7.952398061752319336e-01
8.114335536956787109e-01
8.233960866928100586e-01
8.190770745277404785e-01
8.164929151535034180e-01
7.972339391708374023e-01
7.812051177024841309e-01
7.534519433975219727e-01
7.281047701835632324e-01
7.140471935272216797e-01
7.028460502624511719e-01
6.946731805801391602e-01
6.918916106224060059e-01
6.911392211914062500e-01
6.913318634033203125e-01
6.922131776809692383e-01
6.932710409164428711e-01
6.934426426887512207e-01
6.945549845695495605e-01
6.947982311248779297e-01
6.950644254684448242e-01
6.954597234725952148e-01
6.951720714569091797e-01
6.948875784873962402e-01
6.952947378158569336e-01
6.950361132621765137e-01
6.939981579780578613e-01
6.932544708251953125e-01
6.931295990943908691e-01
6.929164528846740723e-01
6.919234395027160645e-01
6.910889148712158203e-01
6.901940107345581055e-01
6.887568831443786621e-01
6.894562244415283203e-01
6.879259943962097168e-01
6.856781244277954102e-01
6.842172741889953613e-01
6.798301339149475098e-01
6.755463480949401855e-01
6.697069406509399414e-01
6.638976335525512695e-01
6.532764434814453125e-01
6.458240747451782227e-01
6.383753418922424316e-01
6.402205824851989746e-01
6.432852149009704590e-01
6.591412425041198730e-01
6.864166259765625000e-01
7.220864892005920410e-01
7.541804313659667969e-01
7.885406017303466797e-01
8.272645473480224609e-01
8.733319044113159180e-01
9.173504114151000977e-01
9.498926997184753418e-01
9.712687134742736816e-01
9.825996756553649902e-01
9.690524935722351074e-01
9.464818239212036133e-01
9.055040478706359863e-01
8.652009367942810059e-01
8.207385540008544922e-01
7.837230563163757324e-01
7.468688488006591797e-01
7.106481790542602539e-01
6.898041963577270508e-01
6.824124455451965332e-01
6.820254325866699219e-01
6.869708299636840820e-01
7.000594139099121094e-01
7.189438343048095703e-01
7.387162446975708008e-01
7.515764236450195312e-01
7.584995031356811523e-01
7.665801048278808594e-01
7.617182135581970215e-01
7.563439011573791504e-01
7.361748218536376953e-01
7.231197357177734375e-01
7.096139192581176758e-01
6.890462636947631836e-01
6.809025406837463379e-01
6.662042737007141113e-01
6.626831293106079102e-01
6.586861014366149902e-01
6.557629704475402832e-01
6.564157605171203613e-01
6.578890085220336914e-01
6.616550087928771973e-01
6.668155789375305176e-01
6.776487231254577637e-01
6.919260025024414062e-01
7.130768895149230957e-01
7.363519072532653809e-01
7.626607418060302734e-01
7.853707671165466309e-01
8.044742345809936523e-01
8.139424920082092285e-01
8.181684613227844238e-01
8.108783364295959473e-01
8.029583096504211426e-01
7.968977689743041992e-01
7.738150358200073242e-01
7.695016860961914062e-01
7.620210647583007812e-01
7.529141902923583984e-01
7.510982751846313477e-01
7.639717459678649902e-01
7.753922939300537109e-01
7.835288047790527344e-01
7.932457923889160156e-01
8.019950389862060547e-01
8.010306358337402344e-01
7.977630496025085449e-01
7.927019000053405762e-01
7.848755121231079102e-01
7.707628607749938965e-01
7.564089894294738770e-01
7.444288134574890137e-01
7.467891573905944824e-01
7.439857125282287598e-01
7.460085153579711914e-01
7.587016224861145020e-01
7.653204798698425293e-01
7.647435665130615234e-01
7.620048522949218750e-01
7.636768221855163574e-01
7.513273954391479492e-01
7.485571503639221191e-01
7.358174324035644531e-01
7.233240008354187012e-01
7.098997831344604492e-01
6.955346465110778809e-01
6.825737357139587402e-01
6.713960766792297363e-01
6.610717773437500000e-01
6.555963754653930664e-01
6.537510752677917480e-01
6.539143919944763184e-01
6.546912193298339844e-01
6.562443971633911133e-01
6.584462523460388184e-01
6.605501770973205566e-01
6.615804433822631836e-01
6.628212332725524902e-01
6.638453602790832520e-01
6.649913787841796875e-01
6.651784181594848633e-01
6.687928438186645508e-01
6.752425432205200195e-01
6.838110089302062988e-01
6.966790556907653809e-01
7.143092751502990723e-01
7.365484833717346191e-01
7.626842856407165527e-01
7.843223214149475098e-01
8.069251179695129395e-01
8.234357833862304688e-01
8.346292972564697266e-01
8.411268591880798340e-01
8.403894901275634766e-01
8.296366333961486816e-01
8.220235109329223633e-01
8.041446208953857422e-01
7.872273325920104980e-01
7.720355987548828125e-01
7.564345002174377441e-01
7.389856576919555664e-01
7.282059788703918457e-01
7.201164960861206055e-01
7.170341014862060547e-01
7.226394414901733398e-01
7.296921610832214355e-01
7.421392202377319336e-01
7.563259005546569824e-01
7.747896313667297363e-01
7.920530438423156738e-01
8.081600666046142578e-01
8.209888339042663574e-01
8.326999545097351074e-01
8.381780385971069336e-01
8.443006277084350586e-01
8.353063464164733887e-01
8.405682444572448730e-01
8.374187350273132324e-01
8.324120044708251953e-01
8.182817101478576660e-01
8.112494349479675293e-01
7.970124483108520508e-01
7.821773886680603027e-01
7.681213021278381348e-01
7.605571150779724121e-01
7.516431212425231934e-01
7.446475625038146973e-01
7.392448782920837402e-01
7.356864213943481445e-01
7.313995361328125000e-01
7.284525036811828613e-01
7.279741168022155762e-01
7.261852622032165527e-01
7.244986295700073242e-01
7.252185344696044922e-01
7.283996343612670898e-01
7.277727127075195312e-01
7.307616472244262695e-01
7.346900701522827148e-01
7.407572865486145020e-01
7.468267679214477539e-01
7.521425485610961914e-01
7.595415115356445312e-01
7.616644501686096191e-01
7.641116976737976074e-01
7.680063843727111816e-01
7.635834217071533203e-01
7.621832489967346191e-01
7.548767328262329102e-01
7.477794885635375977e-01
7.369869351387023926e-01
7.288936972618103027e-01
7.159011363983154297e-01
7.026254534721374512e-01
6.893597245216369629e-01
6.753764152526855469e-01
6.651675105094909668e-01
6.531702280044555664e-01
6.436837315559387207e-01
6.353124380111694336e-01
6.304083466529846191e-01
6.272044777870178223e-01
6.268807053565979004e-01
6.263203620910644531e-01
6.266932487487792969e-01
6.284409165382385254e-01
6.297131776809692383e-01
6.320984363555908203e-01
6.347995400428771973e-01
6.379956007003784180e-01
6.420271992683410645e-01
6.466243863105773926e-01
6.518009901046752930e-01
6.578230261802673340e-01
6.639480590820312500e-01
6.712358593940734863e-01
6.795739531517028809e-01
6.879138946533203125e-01
6.932965517044067383e-01
6.955899596214294434e-01
6.977576017379760742e-01
6.984775662422180176e-01
6.993704438209533691e-01
7.002162337303161621e-01
7.009940743446350098e-01
7.013308405876159668e-01
7.022970318794250488e-01
7.024710774421691895e-01
7.013246417045593262e-01
7.016475796699523926e-01
7.024506926536560059e-01
7.035395503044128418e-01
7.046499252319335938e-01
7.059012055397033691e-01
7.074741125106811523e-01
7.059664726257324219e-01
7.081099748611450195e-01
7.073641419410705566e-01
7.045294642448425293e-01
7.016991972923278809e-01
6.965023875236511230e-01
6.877439022064208984e-01
6.839769482612609863e-01
6.781353354454040527e-01
6.704069375991821289e-01
6.625581979751586914e-01
6.604442596435546875e-01
6.558250188827514648e-01
6.474014520645141602e-01
6.417362689971923828e-01
6.428067088127136230e-01
6.397200822830200195e-01
6.393959522247314453e-01
6.383097171783447266e-01
6.384162306785583496e-01
6.398312449455261230e-01
6.409929394721984863e-01
6.435620188713073730e-01
6.461328268051147461e-01
6.496970653533935547e-01
6.531973481178283691e-01
6.576183438301086426e-01
6.615932583808898926e-01
6.652227640151977539e-01
6.683900952339172363e-01
6.712014079093933105e-01
6.733081936836242676e-01
6.747501492500305176e-01
6.755216121673583984e-01
6.760994791984558105e-01
6.753133535385131836e-01
6.736716628074645996e-01
6.727040410041809082e-01
6.705193519592285156e-01
6.668345928192138672e-01
6.636660695075988770e-01
6.600079536437988281e-01
6.581841707229614258e-01
6.559953093528747559e-01
6.546893119812011719e-01
6.571816802024841309e-01
6.610540151596069336e-01
6.699716448783874512e-01
6.855650544166564941e-01
7.092090845108032227e-01
7.406088709831237793e-01
7.798913121223449707e-01
8.243474364280700684e-01
8.659381270408630371e-01
9.036369919776916504e-01
9.215691685676574707e-01
9.201490283012390137e-01
8.928959965705871582e-01
8.694293498992919922e-01
8.428890705108642578e-01
8.155773878097534180e-01
7.888023853302001953e-01
7.661929130554199219e-01
7.415971755981445312e-01
7.179429531097412109e-01
7.029293179512023926e-01
6.876527070999145508e-01
6.782681345939636230e-01
6.745798587799072266e-01
6.724506020545959473e-01
6.741030812263488770e-01
6.757495999336242676e-01
6.820251941680908203e-01
6.882873773574829102e-01
6.936675310134887695e-01
6.993250846862792969e-01
7.039037942886352539e-01
7.085646390914916992e-01
7.109206914901733398e-01
7.138447165489196777e-01
7.151018381118774414e-01
7.161046266555786133e-01
7.157256007194519043e-01
7.140299081802368164e-01
7.124836444854736328e-01
7.123283147811889648e-01
7.112336754798889160e-01
7.123555541038513184e-01
7.134293913841247559e-01
7.145043015480041504e-01
7.155687212944030762e-01
7.159938216209411621e-01
7.168188095092773438e-01
7.158567309379577637e-01
7.142670154571533203e-01
7.109438180923461914e-01
7.092021107673645020e-01
7.063068151473999023e-01
7.034840583801269531e-01
7.011958360671997070e-01
7.013749480247497559e-01
7.022848129272460938e-01
7.085025310516357422e-01
7.164124846458435059e-01
7.303251624107360840e-01
7.483803629875183105e-01
7.702791094779968262e-01
7.929742932319641113e-01
8.133826255798339844e-01
8.279950022697448730e-01
8.423671722412109375e-01
8.490125536918640137e-01
8.491464853286743164e-01
8.422035574913024902e-01
8.321051597595214844e-01
8.235722780227661133e-01
8.040838837623596191e-01
7.828872799873352051e-01
7.604733705520629883e-01
7.456437349319458008e-01
7.273693084716796875e-01
7.123773694038391113e-01
7.004401087760925293e-01
6.914779543876647949e-01
6.854168772697448730e-01
6.767092347145080566e-01
6.724702715873718262e-01
6.690987944602966309e-01
6.668928861618041992e-01
6.657705903053283691e-01
6.660537123680114746e-01
6.671684384346008301e-01
6.699454784393310547e-01
6.729149222373962402e-01
6.750110983848571777e-01
6.805626153945922852e-01
6.835860013961791992e-01
6.893610358238220215e-01
6.981294751167297363e-01
7.029150724411010742e-01
7.104585766792297363e-01
7.173033356666564941e-01
7.259391546249389648e-01
7.348054647445678711e-01
7.423371076583862305e-01
7.476572394371032715e-01
7.548559904098510742e-01
7.584717273712158203e-01
7.600761055946350098e-01
7.598700523376464844e-01
7.592513561248779297e-01
7.571631073951721191e-01
7.524296045303344727e-01
7.479227185249328613e-01
7.441121339797973633e-01
7.390586733818054199e-01
7.342036962509155273e-01
7.285155653953552246e-01
7.243255972862243652e-01
7.216731905937194824e-01
7.161976695060729980e-01
7.135791778564453125e-01
7.113883495330810547e-01
7.080781459808349609e-01
7.050352692604064941e-01
7.048963308334350586e-01
7.058479189872741699e-01
7.090336680412292480e-01
7.140855789184570312e-01
7.245160937309265137e-01
7.374292612075805664e-01
7.550696134567260742e-01
7.738860845565795898e-01
7.941060066223144531e-01
8.170479536056518555e-01
8.379833698272705078e-01
8.560090661048889160e-01
8.686604499816894531e-01
8.831476569175720215e-01
8.843514323234558105e-01
8.838819861412048340e-01
8.784045577049255371e-01
8.663377761840820312e-01
8.416240811347961426e-01
8.232338428497314453e-01
7.996075153350830078e-01
7.737894654273986816e-01
7.550223469734191895e-01
7.335666418075561523e-01
7.120765447616577148e-01
6.957868337631225586e-01
6.810797452926635742e-01
6.656978726387023926e-01
6.575200557708740234e-01
6.489183902740478516e-01
