1640 0 -4.15945505000647 0.5484803860541356
1640 10 -1.0313833463625 0.9992179504276039
1640 20 -1.906708335043823 0.9997439398930209
1640 30 -2.065491090100548 0.9998590434976202
1640 40 -2.154780182511034 0.9999040698851012
1640 50 -2.733376814515558 0.9999291150709615
1640 60 -2.610699708121656 0.9999434252141919
1640 70 -1.966517677118244 0.9999544237856748
1640 80 -1.974000434445347 0.9999610019983165
1640 90 -1.994961835918567 0.999965630546938
1640 100 -2.053575276876912 0.9999690527602585
1640 110 -2.740613900229738 0.9999728314623605
1640 120 -2.763611776239395 0.9999754795128337
1640 130 -2.764452125477673 0.999977121407047
1640 140 -2.767365750454533 0.9999784501041165
1640 150 -2.772406533090031 0.9999795812432546
1650 0 -5.500169489332727 0.5471989519412083
1650 10 -4.922750500872298 0.999215662318202
1650 20 -4.43634359613803 0.9997489811919037
1650 30 -4.306918471933604 0.9998655071375138
1650 40 -4.288754288469796 0.9999086550019488
1650 50 -3.664889600776011 0.9999317944647481
1650 60 -3.679456803554617 0.9999449430165482
1650 70 -3.691532563520896 0.9999533952705764
1650 80 -3.697425853822975 0.9999592707272952
1650 90 -3.697351225746907 0.9999635661510753
1650 100 -3.691100085509344 0.9999668450992281
1650 110 -3.677638681741017 0.9999694528105232
1650 120 -3.65419707658993 0.9999716115999755
1650 130 -3.611585401682263 0.9999734690475073
1650 140 -3.471995411601727 0.9999751545645147
1650 150 -2.826177408793971 0.9999782797452157
1660 0 -1.680978924737164 0.5469656126558601
1660 10 +4.126272325484016 0.9991963574690426
1660 20 +3.375678416832443 0.9997399315869464
1660 30 +3.285955473880147 0.9998575366858808
1660 40 +3.046552679149632 0.999901114559179
1660 50 +1.85063396360967 0.9999264139813138
1660 60 +1.692461855595398 0.999942448923184
1660 70 +1.029985104894489 0.9999526407592427
1660 80 +1.01055722881885 0.9999587076979499
1660 90 +0.9901153994364347 0.9999630125520804
1660 100 +0.9682607691278691 0.9999662440566122
1660 110 +0.9453948821879909 0.9999687515239428
1660 120 +0.9213856898195332 0.9999707541905017
1660 130 +0.8954054053323663 0.9999723991753846
1660 140 +0.865282614608101 0.9999737895829677
1660 150 +0.8247729924942871 0.9999750010733444
1670 0 +0.6341336484990725 0.5473067386057913
1670 10 -2.244720675302603 0.9991920557139645
1670 20 -2.352090775095212 0.9997299262491923
1670 30 -2.446236004583963 0.99984720302471
1670 40 -2.486611910795295 0.9998940971052128
1670 50 -3.019001985875011 0.9999194708966406
1670 60 -2.469910337799086 0.9999336247241997
1670 70 -1.427703752530593 0.9999453232913478
1670 80 -0.8024567784035312 0.9999533732269873
1670 90 -0.7947101177299298 0.9999578287785809
1670 100 -0.7191884221950868 0.9999611466827787
1670 110 -0.2403928687852431 0.9999654054319809
1670 120 -0.8195646700237271 0.9999692187330458
1670 130 -0.8261581383583652 0.9999709041986544
1670 140 -0.831269886482449 0.9999721930821417
1670 150 -0.8358023612507721 0.9999732424655037
1680 0 -4.063346959086473 0.5469311350756888
1680 10 -1.587167486449365 0.999173325502406
1680 20 -2.587378812656856 0.9997183258532596
1680 30 -2.419400364543122 0.9998415572610082
1680 40 -1.774273354409775 0.9998931628751908
1680 50 -1.76811746001616 0.9999188575209335
1680 60 -1.767007450523018 0.9999338924701131
1680 70 -1.767294285764099 0.9999435768315077
1680 80 -1.767366262748933 0.9999502958052671
1680 90 -1.766752295176388 0.9999552601525832
1680 100 -1.765652050412103 0.9999591298817951
1680 110 -1.76443523949485 0.9999622842895505
1680 120 -1.763330313117851 0.9999649503270391
1680 130 -1.76233268025493 0.9999672663665281
1680 140 -1.761248272096256 0.9999693150571937
1680 150 -1.759788266270265 0.9999711426887917
1690 0 +6.943755815752287 0.5469945496226574
1690 10 -4.482227935498795 0.9991860040011691
1690 20 -4.332992429273961 0.9997266815274464
1690 30 -3.753373741288073 0.9998475189161267
1690 40 -3.79384464679668 0.999894746332517
1690 50 -3.828863072941825 0.9999186761648149
1690 60 -3.857170542165759 0.9999328828939973
1690 70 -3.880395159561578 0.9999422943958189
1690 80 -3.901421411570773 0.9999490015211703
1690 90 -3.924112153104607 0.9999540073043438
1690 100 -3.955010967500438 0.9999578576163229
1690 110 -4.017408017802865 0.9999608895092816
1690 120 -4.684156398091444 0.9999644055153833
1690 130 -4.725504157841213 0.9999670225750068
1690 140 -4.734375999655278 0.9999686534154875
1690 150 -4.743605794661478 0.999969975361467
1700 0 -2.891826800425648 0.5470046570219533
1700 10 -0.9850083008872024 0.9991671209027573
1700 20 +0.1911619539396017 0.9997155576770684
1700 30 +1.143613058322309 0.999838519057101
1700 40 +1.541100066381564 0.9998886716801736
1700 50 +1.40093210381245 0.9999129281899102
1700 60 +0.09128203715210326 0.9999297414181385
1700 70 +0.04066188388230041 0.9999397000190069
1700 80 -0.4610116179109998 0.9999475981144794
1700 90 +0.09026402236045195 0.9999546027547944
1700 100 +0.09817528278314258 0.9999583635114162
1700 110 +0.108311573720455 0.9999612256547963
1700 120 +0.1223017382558858 0.9999634903507111
1700 130 +0.1424857118987862 0.9999653199651688
1700 140 +0.1754127666908447 0.9999668278737126
1700 150 +0.2545119128209709 0.9999681105024719
1710 0 -0.07686490393640644 0.5470394994302172
1710 10 -0.7564586623679874 0.9991790324403158
1710 20 -0.3520744931702346 0.9997291956479828
1710 30 -0.1927424584018076 0.9998516949679441
1710 40 +0.1132469825629128 0.9999009528150113
1710 50 +0.6131234630314533 0.9999279293465873
1710 60 +0.7765497003242465 0.9999432504139073
1710 70 +1.407116126346905 0.9999549977139108
1710 80 +1.647739538180162 0.9999622399802365
1710 90 +2.115213191294727 0.9999690339693086
1710 100 +2.101532168593128 0.99997295709253
1710 110 +2.092265598512653 0.9999759893170023
1710 120 +2.087394910782717 0.9999784103820606
1710 130 +2.086335517583126 0.9999803703958601
1710 140 +2.088567158904623 0.9999819683703388
1710 150 +2.093914767897872 0.9999832777575171
1720 0 +0.6000359820795018 0.5470662331297366
1720 10 -1.058090899696072 0.9991816752000388
1720 20 -1.168801677603253 0.9997208405754936
1720 30 -1.585771075083666 0.9998395406156253
1720 40 -2.698168217894424 0.9998912346158625
1720 50 -2.720131399138826 0.9999170446382726
1720 60 -2.754145376477706 0.9999326470672159
1720 70 -3.131223119699943 0.9999432895936573
1720 80 -3.369425729375728 0.9999520222422809
1720 90 -3.172186456823656 0.9999575510860605
1720 100 -2.572583878429136 0.9999633880757165
1720 110 -2.52324148006789 0.9999666784411716
1720 120 -2.296855930645853 0.9999693271234125
1720 130 -1.76808513799998 0.9999730290912439
1720 140 -1.757581171662683 0.9999747971691018
1720 150 -1.74771455758658 0.9999762369547266
1730 0 +1.660744642744213 0.5471576391800036
1730 10 -2.331409624028293 0.9991489668491169
1730 20 -3.542150217341574 0.9997071486191229
1730 30 -2.470330931243159 0.9998365109676656
1730 40 -2.039159374199337 0.9998889219065301
1730 50 -2.555651681240772 0.9999159481195237
1730 60 -2.48764021378462 0.9999310329302966
1730 70 -1.915549093740534 0.9999413432883173
1730 80 -1.646373540624269 0.9999494101905878
1730 90 -0.9794429256230671 0.99995602606106
1730 100 -0.9820396289704754 0.9999600893839699
1730 110 -0.9907725961055015 0.9999630535180269
1730 120 -1.002554969276061 0.9999654225667904
1730 130 -1.018325275434685 0.9999674015293507
1730 140 -1.039407917619966 0.9999691342188181
1730 150 -1.067636966736861 0.9999707186666063
1740 0 -0.9035529726633167 0.5471983392429385
1740 10 +1.83199789435188 0.9991475533990651
1740 20 -1.25696325802964 0.999707550376941
1740 30 -1.525463128890298 0.9998319075045615
1740 40 -1.700113872161333 0.9998808459536281
1740 50 -1.802506270611655 0.9999056368387323
1740 60 -2.45623153249316 0.9999218353072217
1740 70 -2.516411046975888 0.999933036898107
1740 80 -2.604250033836077 0.9999410511637101
1740 90 -3.065940433101818 0.9999474954508216
1740 100 -3.465880572440748 0.9999536328396104
1740 110 -4.167808074427767 0.9999587895627184
1740 120 -4.220030123994615 0.9999618861698432
1740 130 -4.531558950869429 0.9999642475415411
1740 140 -4.963480322255498 0.9999675125615282
1740 150 -4.963896539807615 0.9999689104652216
1750 0 +6.364185364017855 0.5471420760770215
1750 10 -0.6877680578319372 0.999150575624848
1750 20 -0.7647481310401099 0.9997126363138389
1750 30 -0.6478564017760242 0.9998388381489374
1750 40 -0.08778954001516515 0.9998908187699296
1750 50 -0.1175996095486211 0.9999170209369074
1750 60 -0.3261523913661599 0.9999331316948284
1750 70 -0.8510312220756682 0.9999457319071686
1750 80 -0.8375648716968939 0.9999538150113971
1750 90 -0.8225137782424188 0.9999599357756346
1750 100 -0.8069259425901646 0.9999647705117805
1750 110 -0.791218661274912 0.9999686909443637
1750 120 -0.774295295951984 0.9999719048140807
1750 130 -0.7518434546333888 0.9999745375689064
1750 140 -0.7100536146739245 0.9999766896027276
1750 150 -0.5101542091291749 0.9999785388622289
1760 0 -6.995227354173519 0.5469780258888077
1760 10 -1.297616263390702 0.9991273153894734
1760 20 -1.961368990218935 0.9996907910835937
1760 30 -0.03024214720941187 0.9998248984591153
1760 40 -0.2359386685747558 0.9998804741580822
1760 50 +0.8235089172351916 0.9999115482566945
1760 60 +0.4240722588339483 0.9999287806280444
1760 70 +0.1536364655187777 0.999941496555229
1760 80 +0.1975236147911259 0.999949503975355
1760 90 +0.2929836138855914 0.9999552644339738
1760 100 +0.9686150045865796 0.999961061934985
1760 110 +0.952822514743932 0.9999644671640799
1760 120 +0.8672440163807711 0.9999669767597167
1760 130 +0.2467080390636425 0.9999706298753255
1760 140 +0.3065113579732054 0.9999724542747148
1760 150 +0.9512922383558949 0.9999747497370438
1770 0 +4.154951766636268 0.5470233011185335
1770 10 -4.026489725836529 0.9991196027075361
1770 20 -3.941460045424702 0.999680092451581
1770 30 -3.997807824262365 0.9998096176358484
1770 40 -4.746971174676983 0.9998660837601518
1770 50 -4.836892545371873 0.99989482532244
1770 60 -5.563090427968606 0.9999128398336341
1770 70 -5.981629889568399 0.9999254513176856
1770 80 -5.539308195535188 0.9999346289875022
1770 90 -5.547975300955351 0.999939863735841
1770 100 -5.558701488566293 0.9999437165596278
1770 110 -5.568935849824877 0.999946693702751
1770 120 -5.575966610242483 0.9999490794818864
1770 130 -5.575541779988544 0.9999510555825853
1770 140 -5.555475847607297 0.9999527488488398
1770 150 -5.384888099209683 0.9999543274903592
1780 0 +3.62973764749331 0.5471758639606502
1780 10 +0.3200391673649086 0.9991425924341707
1780 20 +0.4240719616080479 0.9996964399183396
1780 30 +0.6332864085815006 0.9998259487430963
1780 40 +0.5497544592019672 0.9998789167107781
1780 50 -0.07665833067213623 0.9999086672165383
1780 60 -0.03248197735844149 0.9999255523089614
1780 70 +0.4258548776047693 0.9999371593293115
1780 80 -0.05208212288325598 0.9999471070708553
1780 90 -0.04336165207668818 0.9999523908952637
1780 100 -0.03647359698601615 0.9999561983403478
1780 110 -0.03165981064915191 0.9999591198119863
1780 120 -0.02831833442294607 0.9999614739524175
1780 130 -0.02577777231424783 0.9999634545780727
1780 140 -0.02339842419216787 0.9999651749199735
1780 150 -0.02068092798804355 0.9999666956407631
1790 0 -12.33214063510439 0.5470829482301062
1790 10 +0.8613693118617793 0.9991382843233094
1790 20 +3.156694101346788 0.9996926359152005
1790 30 +3.146212219996455 0.9998202680031333
1790 40 +2.70869766320026 0.9998743141088162
1790 50 +2.774381585160022 0.9999020373144706
1790 60 +2.798046104371923 0.999919055431256
1790 70 +2.855561783717623 0.999933851245872
1790 80 +2.886074866596257 0.9999431266465433
1790 90 +2.905308306315802 0.9999505196025277
1790 100 +2.916723157276148 0.9999563320150241
1790 110 +2.922834194723127 0.9999606817166007
1790 120 +2.925483658726957 0.9999639733948729
1790 130 +2.925302766598818 0.9999665141019851
1790 140 +2.921879822121457 0.9999685294563861
1790 150 +2.913303891439844 0.9999701793219062
1800 0 -4.955547617961322 0.5473998043187147
1800 10 +3.285746595718607 0.9991682271584081
1800 20 +3.532351249923302 0.9997177722280457
1800 30 +3.489055124993422 0.9998438385767949
1800 40 +3.778143892043738 0.9998943461419696
1800 50 +3.766376122456646 0.9999197360933472
1800 60 +3.782031729832029 0.9999380124786188
1800 70 +3.780858542044506 0.9999477904093086
1800 80 +3.780698068796745 0.9999543412252223
1800 90 +3.78170102245869 0.9999589673159239
1800 100 +3.784353138317286 0.9999623550868741
1800 110 +3.789547217659095 0.9999649086919227
1800 120 +3.798791711817709 0.9999668798061332
1800 130 +3.815011335978025 0.9999684342091549
1800 140 +3.845597288101473 0.9999696887763283
1800 150 +3.923397294725857 0.999970743484719
1810 0 +3.337676603888908 0.5473364103809519
1810 10 +6.362912523847687 0.9991735633557862
1810 20 +7.215598565342631 0.9997285098137947
1810 30 +6.76955441359217 0.9998539055831998
1810 40 +6.391487676828806 0.9999005281731967
1810 50 +5.302626409243604 0.9999269153865036
1810 60 +5.286779431845544 0.9999403552146983
1810 70 +5.253765879952784 0.9999488406218445
1810 80 +5.187056860122462 0.9999546087402593
1810 90 +4.974980665068277 0.9999587827553675
1810 100 +3.699564021557165 0.9999651027322196
1810 110 +3.69876508770217 0.9999677449132991
1810 120 +3.70047188035338 0.9999695724252666
1810 130 +3.701549803723524 0.9999710101876784
1810 140 +3.701877404310725 0.9999721823329815
1810 150 +3.701368011445245 0.9999731610027955
1820 0 -1.705969603040125 0.5470472976654382
1820 10 +5.23406490768941 0.9991655388375296
1820 20 +4.977645639429093 0.9997195119754196
1820 30 +5.699581456588403 0.999845471533918
1820 40 +5.79825032137457 0.9998947564415531
1820 50 +5.859248085634483 0.9999193159420622
1820 60 +5.907918198106856 0.9999336007673607
1820 70 +5.948345075735122 0.9999425937810237
1820 80 +5.987084375437141 0.9999485759836073
1820 90 +6.040902443093174 0.999952778556546
1820 100 +6.366108907766202 0.9999560836183217
1820 110 +6.767732456896922 0.9999600181513236
1820 120 +6.773511918870014 0.9999620711821041
1820 130 +6.777418913693526 0.999963769803289
1820 140 +6.780077206110607 0.9999652444085477
1820 150 +6.781758558326911 0.9999665559420721
1830 0 -6.807730595497167 0.547216489792244
1830 10 +0.613079072231089 0.9991466584236193
1830 20 -0.4376536023945237 0.9997121644575699
1830 30 -1.002710768157214 0.9998439284686986
1830 40 -1.047976071360051 0.9998952266552139
1830 50 -1.077123774621503 0.9999212218878405
1830 60 -1.110524756334678 0.9999361281656141
1830 70 -1.168597982156851 0.999945435650897
1830 80 -1.475996725225908 0.9999519143758677
1830 90 -1.923955853189265 0.9999581518931883
1830 100 -1.950802844593805 0.9999619391685093
1830 110 -1.98131619580652 0.9999650732970101
1830 120 -2.020207888141366 0.9999677193224512
1830 130 -2.085841291205905 0.9999699233979953
1830 140 -2.671048160149955 0.9999724247161774
1830 150 -2.802336046960789 0.9999749329063096
1840 0 -4.183241828313895 0.5470017674066812
1840 10 +5.602344388415917 0.9991483452504282
1840 20 +4.066715750995523 0.9997120496355896
1840 30 +3.668017502039197 0.9998438198201139
1840 40 +2.885898050038958 0.9998963865069341
1840 50 +2.320040499123689 0.9999239435696072
1840 60 +2.843546039663884 0.9999395295857855
1840 70 +3.112551078992982 0.9999503636064271
1840 80 +3.253257971136725 0.9999567782333507
1840 90 +3.905286112659639 0.999962923316015
1840 100 +3.942280116962443 0.999966341642244
1840 110 +4.011024810805893 0.9999688945716434
1840 120 +4.435071166404899 0.9999712457408947
1840 130 +4.719240447614933 0.9999743697358374
1840 140 +4.720137323898092 0.9999757526843762
1840 150 +4.72011112623768 0.999976889483766
1850 0 +14.29219700189451 0.5470732786395938
1850 10 +9.670085365768529 0.9991399659715441
1850 20 +9.307347944971088 0.9997014704736706
1850 30 +8.733860966070708 0.999830197277743
1850 40 +8.604460048325679 0.9998810844233734
1850 50 +7.760018933080145 0.9999076541354723
1850 60 +6.901466391995081 0.9999255594542175
1850 70 +6.326282346628016 0.9999369415592485
1850 80 +6.290602225314121 0.9999436198377453
1850 90 +6.210563443948326 0.9999483943771529
1850 100 +5.569809381727441 0.9999536324487104
1850 110 +5.571929265584418 0.9999566734294304
1850 120 +5.574704054397381 0.9999590531646123
1850 130 +5.576260651268643 0.9999611165401641
1850 140 +5.576251203228298 0.9999630110346625
1850 150 +5.573833339697181 0.9999648641212369
1860 0 -1.442709991517501 0.5470786475515117
1860 10 +4.227355841130173 0.9991717483027194
1860 20 +5.162452897949501 0.9997253470027958
1860 30 +5.340726585389731 0.9998479510144014
1860 40 +5.750731170492693 0.9998964312135354
1860 50 +5.649515879966128 0.9999195314464238
1860 60 +5.283503340327462 0.9999346946019858
1860 70 +5.797734299704362 0.9999449497677271
1860 80 +5.805149776568536 0.9999509059539745
1860 90 +5.812674738768827 0.9999551768690822
1860 100 +5.821309390532984 0.999958391955853
1860 110 +5.831654314299167 0.9999608951172878
1860 120 +5.844350856448811 0.9999628993471759
1860 130 +5.860246838015467 0.9999645453027968
1860 140 +5.88066194720014 0.9999659308366091
1860 150 +5.908016728311465 0.9999671277876829
1870 0 -1.937778375654732 0.5471360372759081
1870 10 +1.897149138372774 0.9991758029612998
1870 20 +1.857553863374861 0.9997223679167386
1870 30 +1.991167134452394 0.9998448965579469
1870 40 +2.117506879757609 0.999893301780258
1870 50 +2.832845856668882 0.9999189585218162
1870 60 +2.859726644154231 0.9999335175805988
1870 70 +2.870533372209813 0.999942682649908
1870 80 +2.877019101897297 0.9999490159945787
1870 90 +2.884539149131133 0.999953632863859
1870 100 +2.939714204260095 0.9999571835299874
1870 110 +3.259726411743213 0.999961800821642
1870 120 +2.830246943115087 0.999965826184438
1870 130 +2.82216368859517 0.9999677596950554
1870 140 +2.81509222077916 0.9999693325215205
1870 150 +2.809323273328784 0.9999706671203425
1880 0 +0.6277809860994727 0.5471129273677946
1880 10 +2.411016103604313 0.9991555707497178
1880 20 +1.64519489928349 0.9997124672830724
1880 30 +0.7995548178183376 0.9998398800996484
1880 40 +0.6637107445437327 0.9998891014702405
1880 50 -0.120056340162116 0.9999158451744021
1880 60 -0.8646135173958869 0.9999328859643648
1880 70 -1.016017943841212 0.9999434554744573
1880 80 -1.687715126645417 0.9999524795220851
1880 90 -1.710031533727794 0.9999579605235702
1880 100 -1.730502214870036 0.9999619619589373
1880 110 -1.751248692071863 0.9999649965132005
1880 120 -1.773925294661208 0.999967342599926
1880 130 -1.8013125792097 0.9999691918162004
1880 140 -1.840719515213124 0.9999706824255549
1880 150 -1.934164908402704 0.9999719331697162
1890 0 -14.45848479862763 0.5470604812718682
1890 10 +4.181285907413868 0.999179767254864
1890 20 +2.755676059854673 0.9997270020573025
1890 30 +2.725105681776881 0.9998483934813909
1890 40 +2.730776391344242 0.999895861752393
1890 50 +2.726310826549248 0.9999201275624409
1890 60 +2.701590925583673 0.9999347010484183
1890 70 +2.596161778328651 0.9999445351238629
1890 80 +1.983712978837565 0.9999533479359626
1890 90 +2.636582845917619 0.9999599824597721
1890 100 +2.604181563900197 0.999964789903507
1890 110 +2.29147464798803 0.9999682455642747
1890 120 +1.89356261481775 0.9999723963880272
1890 130 +1.893004292868967 0.9999744187344438
1890 140 +1.892505265977915 0.9999760301842333
1890 150 +1.892073830857711 0.9999773664356126
1900 0 -10.18826934195235 0.5469163544477195
1900 10 -1.184420890927974 0.999147910257191
1900 20 -0.2579999992947342 0.9997091443999062
1900 30 -0.3326457079768405 0.9998358534314047
1900 40 +0.2734156873657643 0.999886629345045
1900 50 +0.7583772051159368 0.9999137546733718
1900 60 +0.7796640401428029 0.9999295768961336
1900 70 +0.8224077141548372 0.9999403672752025
1900 80 +0.8427332998901469 0.9999484032567842
1900 90 +0.815634073921273 0.9999544637489243
1900 100 +0.5101435471461293 0.9999590650366401
1900 110 +0.1240223797869612 0.9999638283613401
1900 120 +0.1312270993149641 0.9999662552686174
1900 130 +0.1370370003221713 0.9999681071170471
1900 140 +0.141813127946533 0.9999695777685135
1900 150 +0.1460847610057327 0.9999707781398304
1910 0 -9.985507087180821 0.5469513810940358
1910 10 -6.140208134844219 0.9991529318727872
1910 20 -5.719379528219788 0.9997013961785697
1910 30 -5.515106744944992 0.9998240183833458
1910 40 -4.835284016392459 0.9998733243864844
1910 50 -3.983337505411217 0.9999018539136916
1910 60 -4.151846407591133 0.9999212395802395
1910 70 -4.156281144406108 0.9999324413376955
1910 80 -4.148119418223313 0.9999440606723147
1910 90 -3.786334369027794 0.9999510303388744
1910 100 -3.395732323880228 0.9999578371118737
1910 110 -2.747221015975984 0.9999635833001084
1910 120 -2.74693689531075 0.9999672585202928
1910 130 -2.750115748110475 0.999969761048859
1910 140 -2.752246427650309 0.9999716123170175
1910 150 -2.753677858924056 0.9999730346900467
1920 0 +0.5795562745937723 0.546909605638118
1920 10 -4.429162167954245 0.9991426262401721
1920 20 -2.529605394090352 0.9996986504637695
1920 30 -1.692065693570021 0.9998294683098289
1920 40 -1.644135885394768 0.9998815474968854
1920 50 -1.572033435962813 0.9999089053407247
1920 60 -0.9295408106133568 0.9999265247817715
1920 70 -0.8864884743096834 0.9999387201066965
1920 80 -1.03664141877575 0.9999468822178312
1920 90 -1.649981075639686 0.9999545640253085
1920 100 -1.660498040657601 0.9999592209433605
1920 110 -1.669002361582389 0.9999627595908051
1920 120 -1.674503481287661 0.9999655490216702
1920 130 -1.676238030018185 0.999967784194326
1920 140 -1.673425070275895 0.9999695925581571
1920 150 -1.664681972048907 0.9999710678830636
1930 0 +1.767984927070943 0.5468898618550406
1930 10 +0.9075819081465516 0.9991530005153166
1930 20 -0.6019929803333517 0.9997008006965343
1930 30 -1.205484928753244 0.9998262037604282
1930 40 -1.233394658579317 0.999876746212145
1930 50 -1.241411945216282 0.9999030349889118
1930 60 -1.237670821934817 0.9999188748620098
1930 70 -1.228130887915111 0.9999294109333698
1930 80 -1.21844912020674 0.999936936510736
1930 90 -1.2118128221803 0.9999425774028372
1930 100 -1.208153694581793 0.9999469264755732
1930 110 -1.204770530722989 0.999950333103941
1930 120 -1.197088055477176 0.9999530349943464
1930 130  -1.180062518705 0.9999552129782914
1930 140 -1.152371117548572 0.9999570147432908
1930 150 -1.119457872155162 0.9999585633078427
1940 0 +1.201758595196896 0.5472124252088476
1940 10 +2.605737796243312 0.999121803979286
1940 20 +1.487201143976889 0.9996844491498513
1940 30 +2.119012207400768 0.9998145660567606
1940 40 +2.129457365056575 0.9998677647666213
1940 50 +2.154309403270333 0.9998960884851618
1940 60 +2.230054699288329 0.9999134023009082
1940 70 +2.857805753016454 0.9999264295533059
1940 80 +2.847133135219631 0.9999346731292094
1940 90 +2.832401789593079 0.9999405491869112
1940 100 +2.81720297388215 0.9999449208248298
1940 110 +2.802511493492067 0.9999482555673881
1940 120 +2.788948180415126 0.9999508622930775
1940 130 +2.776955819825038 0.9999529586201132
1940 140 +2.766889274866115 0.9999547067074921
1940 150 +2.759071177639646 0.9999562353330467
1950 0 +0.7607805993437036 0.5470298438000079
1950 10 -3.213382915391128 0.999126437872351
1950 20 -3.34784557768605 0.9996878279181002
1950 30 -3.396273214266337 0.9998154795278085
1950 40 -3.331073149491702 0.9998698416997778
1950 50 -2.728782069871873 0.9999017501413212
1950 60 -2.725451568357663 0.9999210188820802
1950 70 -2.712957466150669 0.9999338275655272
1950 80 -2.691831682677514 0.9999428258129631
1950 90 -2.664298331966963 0.9999494169543117
1950 100 -2.630999430313222 0.999954416082014
1950 110 -2.589790236871469 0.9999583434078592
1950 120 -2.531330484377122 0.9999615538150644
1950 130 -2.38748251669924 0.9999643230978219
1950 140 -1.709540752696309 0.9999684185048354
1950 150 -1.654563082377968 0.9999706844337732
1960 0 -0.09494038562848806 0.547080043712705
1960 10 -7.877360141873012 0.999129345897905
1960 20 -8.036660855481436 0.9996919895380265
1960 30 -7.543847018372713 0.9998224453494953
1960 40 -7.256901837833786 0.9998756553120132
1960 50 -7.900594279836985 0.9999043176214061
1960 60 -8.753538287951123 0.9999220509746369
1960 70 -9.233616123683529 0.9999342807952931
1960 80 -9.026611639718311 0.9999418566084989
1960 90 -8.491279215977002 0.9999490082369016
1960 100 -8.476966463365798 0.9999533062867889
1960 110 -8.454555491027092 0.9999566244286568
1960 120 -8.413531681425411 0.9999592491343838
1960 130 -8.270134806663439 0.9999613996010032
1960 140 -7.63701703461718 0.9999647881089943
1960 150 -7.628148184786355 0.9999663071450746
1970 0 -2.327019197778937 0.5470020940953999
1970 10 -5.945596800634206 0.9991486854834462
1970 20 -5.885547332002701 0.9997121000920838
1970 30 -6.953154528523893 0.9998363539143581
1970 40 -6.98180569386572 0.9998854195120837
1970 50 -6.315609700529526 0.9999118204172128
1970 60 -6.338691565936427 0.9999271721670249
1970 70 -6.900609615704385 0.9999377829577036
1970 80 -6.882560299810258 0.9999456566936096
1970 90 -6.16388890561324 0.9999523691914749
1970 100 -6.084438289199364 0.9999563591760937
1970 110 -5.636572342312381 0.9999596849458996
1970 120 -5.121613730296269 0.9999651154092669
1970 130 -5.106079749930752 0.9999693070934343
1970 140 -4.395846479664112 0.9999727466176356
1970 150 -3.745560757320881 0.9999757870814522
1980 0 +3.345839816841268 0.5469760739409919
1980 10 -5.211784008911394 0.9991457851375838
1980 20 -5.03846589082578 0.9997010667101678
1980 30 -3.864786624899818 0.9998314513656414
1980 40 -3.077494643723587 0.9998853676151694
1980 50 -3.680199793913778 0.999912860335115
1980 60 -3.056244346452175 0.999929603774582
1980 70 -3.492719328905402 0.9999399721439737
1980 80 -3.788845915000764 0.9999479551395867
1980 90 -3.791587752208373 0.9999526250030368
1980 100 -3.792659084782312 0.9999560421721809
1980 110 -3.792763892080818 0.999958642149728
1980 120 -3.792263106161645 0.9999606728319488
1980 130 -3.791451719411345 0.9999622913826747
1980 140 -3.79063252705204 0.999963604539007
1980 150 -3.79013692422776 0.9999646883748876
1990 0 +0.09438325025277305 0.5471719439918117
1990 10 -4.669503808460551 0.9991695213428383
1990 20 -3.257917489352335 0.9997141208179624
1990 30 -4.188904903600959 0.9998363002135262
1990 40 -4.412985408485935 0.9998888914206209
1990 50 -3.683287206408151 0.9999154828218026
1990 60 -3.575488880702005 0.9999307875606468
1990 70 -2.898655137909373 0.9999420360723102
1990 80 -2.892449717148439 0.9999490326865679
1990 90 -2.890556944575196 0.9999538831603184
1990 100 -2.888991466306787 0.9999574335674337
1990 110 -2.887282199017215 0.9999601071305125
1990 120 -2.885064883496302 0.9999621797001546
1990 130 -2.881990230892042 0.9999638371921269
1990 140 -2.877712447026417 0.9999652065162437
1990 150 -2.871905979712247 0.9999663758198448
2000 0 +1.980116259094342 0.5468822516458089
2000 10 -0.6026402550978757 0.9991479703441797
2000 20 -0.4624209118458374 0.9997111525507041
2000 30 -1.231294080109501 0.9998386994456208
2000 40 -1.345991579623451 0.9998886808300682
2000 50 -2.018768099722851 0.9999150623408248
2000 60 -2.099603214523073 0.9999307183990117
2000 70 -2.147226795333564 0.9999403726892478
2000 80 -2.228409766176787 0.9999469827805905
2000 90 -2.907153542386923 0.9999530318436676
2000 100 -2.929116567817949 0.9999570570917482
2000 110 -2.93565625291866 0.99995986980564
2000 120 -2.940556778286219 0.9999621695726431
2000 130 -2.944203316391008 0.999964154769056
2000 140 -2.946786029997368 0.9999659414427057
2000 150 -2.948379944279162 0.9999675937459498
2010 0 -1.428881602258156 0.5470475886024558
2010 10 -2.09211031939288 0.999134357411135
2010 20 -3.759047243886674 0.9997023637364472
2010 30 -3.518893745148338 0.9998288834341134
2010 40 -2.378205545954294 0.9998830573452546
2010 50 -2.343254625610374 0.9999109613994999
2010 60 -1.86046502919405 0.9999283621608936
2010 70 -0.854366439919466 0.999942551252734
2010 80 -0.7986887402272587 0.9999513847827384
2010 90 -0.6111172054670172 0.9999577468172687
2010 100 -0.03474219582555138 0.9999644971601016
2010 110 -0.02861981622868892 0.9999687382183351
2010 120 -0.02592615601899817 0.9999719384675314
2010 130 -0.02394998446139923 0.9999743107613286
2010 140 -0.02193180453394067 0.9999761193509544
2010 150 -0.01978525968157596 0.9999775619315387
2020 0 +1.475541448129184 0.5470397234779778
2020 10 -2.827809745826286 0.999130922163764
2020 20 -1.113789719997374 0.9996977194666259
2020 30 -1.798848587491343 0.999823111489019
2020 40 -2.184790016602487 0.9998727974385683
2020 50 -2.573315094549021 0.9999006235142563
2020 60 -1.936868932648049 0.9999180596016661
2020 70 -1.94528278675252 0.9999299955936736
2020 80 -2.500508181379619 0.9999397925181579
2020 90 -1.90426124681359 0.9999479928553584
2020 100 -1.914754644833968 0.9999529909661415
2020 110 -1.925221430267994 0.9999568751720187
2020 120 -1.933970187372017 0.9999599914245912
2020 130 -1.940496864789459 0.9999625266507781
2020 140 -1.944756524280493 0.9999646246200384
2020 150 -1.946913660798026 0.9999664013789265
2030 0 -2.441571776413231 0.547118745905527
2030 10 -1.312424738862728 0.9991431058114817
2030 20 -3.093258798734521 0.9997058272415598
2030 30 -3.809154336651811 0.999834874970815
2030 40 -3.896863422571445 0.9998867328536811
2030 50 -4.250762637317199 0.9999139969844746
2030 60 -4.695065784856566 0.9999317487518747
2030 70 -4.722020431623999 0.9999423244206371
2030 80 -4.743439990568008 0.9999495826404921
2030 90 -4.760399807235236 0.9999548371044837
2030 100 -4.773824521063046 0.9999587987699787
2030 110 -4.784550413571136 0.9999618662272003
2030 120 -4.793246169060984 0.9999642748728161
2030 130 -4.80042554487026 0.9999661829016335
2030 140 -4.806490027131415 0.9999677100077294
2030 150 -4.811754713006549 0.9999689498034188
2040 0 -2.711380858083268 0.547127410337082
2040 10 +0.03119324862349682 0.9991356025997629
2040 20 +0.982051840424888 0.9996930171320617
2040 30 +0.5427227293849146 0.9998231925981338
2040 40 +1.54808004050325 0.9998757994570349
2040 50 +2.818982211010381 0.9999067288196938
2040 60 +2.84328995264277 0.9999237601807924
2040 70 +2.837551748156717 0.9999349253069907
2040 80 +2.631172622546213 0.9999429356134558
2040 90 +2.874727322926454 0.9999513293903857
2040 100 +2.915434318271477 0.9999564124754906
2040 110 +2.911941763907143 0.9999598021909661
2040 120 +2.90595050212721 0.9999624786391101
2040 130 +2.898636771009377 0.9999646631655852
2040 140 +2.890605911526762 0.9999664895365422
2040 150 +2.882119809868855 0.9999680442997936
2050 0 -7.338454345777315 0.5470775380627525
2050 10 +0.9769911149417747 0.9991383608843974
2050 20 +1.422738329495611 0.9997012211380282
2050 30 +2.8453333812992 0.9998294439058104
2050 40 +2.821733034299617 0.9998801621850306
2050 50 +2.783133135309616 0.9999073458719778
2050 60 +2.744068596312638 0.9999241040883917
2050 70 +2.708594306094746 0.9999353108127328
2050 80 +2.673233092617799 0.9999432777298358
2050 90 +2.619918904611868 0.9999492506710653
2050 100 +2.247567529856553 0.999954208544649
2050 110 +1.919464421505086 0.9999595185396942
2050 120 +1.933865439267761 0.999962519853939
2050 130 +1.945793959482181 0.9999648368866894
2050 140 +1.954900633901718 0.9999666451380758
2050 150 +1.96149581980992 0.9999680866325518
2060 0 -4.75305350629252 0.5471072281111107
2060 10 -2.210640911965154 0.9991451975338981
2060 20 -4.219795442535651 0.9996999106300293
2060 30 -4.242289862621325 0.9998248407828377
2060 40 -3.671144414888459 0.9998763514706462
2060 50 -3.084155212651667 0.9999048250710557
2060 60 -2.897394047794246 0.9999230803863883
2060 70 -2.033905129956011 0.999939175137755
2060 80 -2.024914235573188 0.9999476625634146
2060 90 -1.998318260712903 0.9999534861902712
2060 100 -1.91835473750567 0.9999578124407432
2060 110 -1.242352708963825 0.9999625100997064
2060 120 -1.20778155401172 0.9999654592552444
2060 130 -1.174754545000928 0.9999675346203343
2060 140 -1.14080905817757 0.9999692622945517
2060 150 -1.111310866197575 0.9999707815821789
2070 0 -9.579126185830152 0.5471348334948015
2070 10 +0.9660556250479769 0.9991536167316479
2070 20 +1.257431839932098 0.9997110296834804
2070 30 +0.622043825789484 0.9998351276079842
2070 40 -9.29037368611052e-05 0.9998862854409261
2070 50 +0.02103231799868355 0.999912628345711
2070 60 +0.04340042759480656 0.9999283706847284
2070 70 +0.06467983626663409 0.9999386817520743
2070 80 +0.09679568220074319 0.9999458688349703
2070 90 +0.5804553961394435 0.9999516495108725
2070 100 +0.7099425110251474 0.9999570109621521
2070 110 +0.3624833838658381 0.999960524823331
2070 120 -0.03311285494697869 0.9999648347311233
2070 130 -0.03839137769462286 0.9999672185194529
2070 140 -0.03918299231554073 0.9999692382358691
2070 150 -0.0370802805666437 0.9999709558440977
2080 0 +3.637172809528368 0.5471706387447849
2080 10 +0.4840886966210052 0.9991541155086335
2080 20 +0.7967079424171812 0.9997074680931021
2080 30 +0.2770725318565723 0.9998326016751165
2080 40 +0.7209685475501337 0.9998845994082062
2080 50 +0.6568456079453802 0.9999097897275472
2080 60 -0.02661592211030106 0.9999259355287148
2080 70 -0.02744662902289563 0.9999358719176036
2080 80 -0.01351633811541131 0.9999425766924144
2080 90 +0.01375048481738572 0.9999475478814139
2080 100 +0.084453830938376 0.9999514513676581
2080 110 +0.7550376904439766 0.9999560932040132
2080 120 +0.7591992661200477 0.999959143546056
2080 130 +0.7558157614666889 0.9999615229819895
2080 140 +0.7505048249098403 0.999963643340062
2080 150 +0.7416383390414285 0.9999655816045536
2090 0 -10.35380749526842 0.5471004325054443
2090 10 +4.75591995171431 0.9991362513767644
2090 20 +5.871502382756951 0.999700473714648
2090 30 +7.265184016848488 0.9998289097510314
2090 40 +7.254224368840271 0.9998797360812095
2090 50 +6.716215976934305 0.9999072818774315
2090 60 +6.778205921617986 0.9999227747528037
2090 70 +6.815300339623599 0.9999330211087564
2090 80 +6.812154875890887 0.9999403484081316
2090 90 +6.744307768503871 0.9999458879701622
2090 100 +6.664252912830637 0.9999503081288955
2090 110 +6.601925699937784 0.9999539890947998
2090 120 +6.544217251933347 0.9999571561202693
2090 130 +6.444133775677005 0.999959952231506
2090 140 +5.771110676496687 0.9999640223621846
2090 150 +5.769775861848073 0.9999662986064908
2100 0 +3.098961660072579 0.5471400250994243
2100 10 +2.253238270521122 0.9991166512815999
2100 20 +2.67814887226668 0.9996926052675946
2100 30 +2.850236879343065 0.9998282509452103
2100 40 +2.900644355691067 0.9998825037941681
2100 50 +2.912446104940766 0.9999105321608341
2100 60 +2.89969972887182 0.9999270815024033
2100 70 +2.863247263209268 0.9999376889401302
2100 80 +2.790865970023594 0.9999449355375074
2100 90 +2.470101183749603 0.9999503463433692
2100 100 +2.004626528957568 0.9999559994769504
2100 110 +1.969625748721633 0.9999593013025948
2100 120 +1.937290614031452 0.9999620240003539
2100 130 +1.907551626495274 0.9999642493963496
2100 140 +1.877203457145268 0.9999660204576735
2100 150 +1.838881553053667 0.9999674315333629
2110 0 +7.216737326172419 0.5469568437593529
2110 10 -1.013865754473775 0.9991264654588679
2110 20 -1.245000200069776 0.999697201409351
2110 30 -0.9232098999800586 0.9998299527089356
2110 40 -0.2183244771523899 0.9998837611052904
2110 50 -0.2146282454465197 0.9999102319439257
2110 60 -0.2824288824666932 0.999925746856126
2110 70 -0.9250009855497556 0.9999374470374132
2110 80 -0.9257947437520559 0.9999448061793086
2110 90 -0.9300060575486819 0.9999500950603079
2110 100 -0.9388520583996616 0.9999540935466007
2110 110 -0.9513621959129742 0.9999571882682857
2110 120 -0.9670283142476288 0.9999596255890619
2110 130 -0.9859370257766586 0.9999615765913586
2110 140 -1.009030698454229 0.9999631665027082
2110 150 -1.039170954209134 0.9999644900026765
2120 0 -2.802940898019657 0.5470251643357551
2120 10 -4.753318257694655 0.9991508055129115
2120 20 -4.818011874786978 0.999711340950821
2120 30 -3.747392133692534 0.999839337801596
2120 40 -2.782912103672119 0.9998941243503094
2120 50 -2.807472724247562 0.9999209778480587
2120 60 -2.836534276717233 0.9999369724549183
2120 70 -2.879135485166402 0.9999475462390608
2120 80 -3.027535728684788 0.9999551053553328
2120 90 -3.579701661811009 0.9999624161281798
2120 100 -3.395722400976276 0.9999668274258378
2120 110 -2.84974678676298 0.9999718451795213
2120 120 -2.856783986340498 0.9999745221832481
2120 130 -2.864626438305636 0.9999765944356951
2120 140 -2.872634329738535 0.9999782459949387
2120 150 -2.880533000048699 0.999979579362444
2130 0 -3.209032539260689 0.5469460264225057
2130 10 +1.592439849639045 0.9991449433620061
2130 20 +2.10289032205871 0.9997087573452335
2130 30 +2.068878426281439 0.9998358769513775
2130 40 +1.730052098087926 0.9998877317612038
2130 50 +1.772380572490285 0.9999133729340888
2130 60 +1.823157370144743 0.9999283605672888
2130 70 +1.880534746214716 0.9999380664445694
2130 80 +1.951626143637415 0.9999448565335282
2130 90 +2.143384035501768 0.9999499540172339
2130 100 +2.749103737693764 0.9999555440781744
2130 110 +2.76389145771978 0.9999588164575341
2130 120 +2.773836924820053 0.9999615568611502
2130 130 +2.780030755469151 0.9999639925884936
2130 140 +2.782914038630916 0.9999661461252363
2130 150 +2.783132053281051 0.9999679759137959
2140 0 +5.279817798447598 0.5469114081516628
2140 10 +2.168367177164031 0.9991512538195757
2140 20 +1.753415870916627 0.9997093390056415
2140 30 +2.227706299524652 0.9998349968544389
2140 40 +2.182270816539822 0.9998864102218458
2140 50 +1.445077074896877 0.9999164493003752
2140 60 +0.8163599881877548 0.9999340926736502
2140 70 +0.7806345772369863 0.9999446877630956
2140 80 +0.7501914745993526 0.9999523118134768
2140 90 +0.7263782715693141 0.9999582052685876
2140 100 +0.7072589730549568 0.9999626554737249
2140 110 +0.6896666183620397 0.9999658974123879
2140 120 +0.6712664242403574 0.9999682989920746
2140 130 +0.6491969297132434 0.999970133023515
2140 140 +0.6171058753106324 0.999971573839588
2140 150 +0.548998816417672 0.9999727464611311
2150 0 +11.41685802848937 0.5470493637473368
2150 10 -0.8066115142122592 0.9991791220872754
2150 20 +1.493246643702405 0.9997327250036167
2150 30 +1.28929122119815 0.9998526155517102
2150 40 +0.7318928100874436 0.9999003677703722
2150 50 +0.7341446593551089 0.9999238434424149
2150 60 +0.7348867222589024 0.9999376456082265
2150 70 +0.7298326422222914 0.9999465413723809
2150 80 +0.7150222908124002 0.9999526155176723
2150 90 +0.6771962430264082 0.9999569448509587
2150 100 +0.4385712838062383 0.999960262945554
2150 110 -0.06214242432766848 0.9999643467335009
2150 120 -0.06092437847138976 0.9999663015090663
2150 130 -0.06014023443945327 0.9999678073619016
2150 140 -0.06012846738522915 0.9999690248826144
2150 150 -0.06089348365470637 0.999970037602404
2160 0 +4.798290710476154 0.5472747664275974
2160 10 +3.596084455349288 0.999173233609445
2160 20 +2.251745212415912 0.9997268935989784
2160 30 +1.83672583845755 0.9998513512061944
2160 40 +1.441223833746447 0.9999027712159578
2160 50 +1.342223671871965 0.9999286084329803
2160 60 +0.8636474228925202 0.9999439592554367
2160 70 +0.5454206242423014 0.9999547708684218
2160 80 +0.4397760989360819 0.9999610273132513
2160 90 -0.1969476471120419 0.9999659163318864
2160 100 -0.7593213997550214 0.999970536500176
2160 110 -1.86077917508794 0.9999755837220836
2160 120 -1.919557594513437 0.9999782946435622
2160 130 -1.926087142901384 0.9999797819081293
2160 140 -1.932032150678551 0.9999809635445259
2160 150 -1.937449717934723 0.9999819448096205
2170 0 -6.660595477489632 0.5470972380090819
2170 10 -5.716955639522149 0.9991846944396616
2170 20 -4.629620878916862 0.9997333250280489
2170 30 -4.653080023600058 0.9998550270626242
2170 40 -4.66770379078738 0.9999036430251653
2170 50 -4.661405950156952 0.9999286002993149
2170 60 -4.643724976087167 0.9999432312286325
2170 70 -4.616331519993442 0.9999525823249861
2170 80 -4.571384093556659 0.9999589583306567
2170 90 -4.428449700386615 0.9999635876088192
2170 100 -3.821844961960085 0.9999687437097797
2170 110 -3.824797943444812 0.9999715123251693
2170 120 -3.829188390981471 0.9999736913130595
2170 130 -3.833935239571401 0.9999755088313056
2170 140 -3.838485542558534 0.9999770494441127
2170 150 -3.842536597251224 0.9999783491495455
2180 0 +12.90301753192662 0.5472409933356122
2180 10 +2.855792628532852 0.9991853342125172
2180 20 +1.86018572030948 0.9997241210592394
2180 30 +0.2707483996151496 0.9998466311641139
2180 40 +0.1306347999812715 0.9998938938461641
2180 50 +0.1705638665830986 0.9999165195986129
2180 60 +0.1972852805768566 0.9999293909695207
2180 70 +0.2054274948627826 0.9999374537045103
2180 80 +0.1776585790133923 0.9999429250754233
2180 90 +0.1266675993110574 0.9999469428540673
2180 100 +0.08935897681765198 0.9999501176956341
2180 110 +0.06920518540846665 0.9999527748611585
2180 120 +0.06046544934662446 0.9999550728575313
2180 130 +0.05840090876588822 0.9999570600619934
2180 140 +0.0601849178878317 0.999958746699902
2180 150 +0.06503508398039209 0.9999601639686182
2190 0 +4.84105939783014 0.5471675309269339
2190 10 +3.981859525650958 0.9991763873445458
2190 20 +3.802195995062156 0.9997223397538219
2190 30 +2.478265716874939 0.9998430634461413
2190 40 +1.805527779240854 0.9998919670668951
2190 50 +1.824423507510012 0.9999171849747681
2190 60 +1.595161483978353 0.9999353057460419
2190 70 +0.9502618545948255 0.9999468055986998
2190 80 +0.9265240951333588 0.9999535514206475
2190 90 +0.8998311483557966 0.9999582543991541
2190 100 +0.8640346872543339 0.9999617416486422
2190 110 +0.7925314438191784 0.9999644609259338
2190 120 +0.09992049637459521 0.9999679717539729
2190 130 +0.08358824331435219 0.9999702840605718
2190 140 +0.08151478682927366 0.9999718827434075
2190 150 +0.07996808588090404 0.999973261562074
2200 0 -6.868102816238816 0.5470630564860723
2200 10 -1.96219140686251 0.9991709765385474
2200 20 -2.788666759489477 0.9997260538395536
2200 30 -1.33249492425629 0.9998525463407661
2200 40 -1.804995751303309 0.9999029046556205
2200 50 -1.780850023465603 0.9999277656359497
2200 60 -1.767704163559525 0.9999424048871618
2200 70 -1.762151199235656 0.9999517564783571
2200 80 -1.760566518110257 0.9999580063486215
2200 90 -1.760715417354891 0.9999623377185791
2200 100 -1.761458326899734 0.9999654542640308
2200 110 -1.762317860546178 0.9999677864416169
2200 120 -1.763408501847601 0.9999696018044232
2200 130 -1.766218277696585 0.9999710710033907
2200 140 -1.779035654677536 0.9999723100640765
2200 150 -1.930482970843124 0.9999734782443495
2210 0 -10.91763374713209 0.547146463339126
2210 10 -7.57697676739898 0.9991523789867457
2210 20 -4.165764572871391 0.9997159881112191
2210 30 -3.497271044565567 0.9998438773828058
2210 40 -3.69836868105949 0.999893252164854
2210 50 -3.68679005285402 0.9999178878042314
2210 60 -3.670954649027888 0.9999326403166696
2210 70 -3.657734597993264 0.9999424487309195
2210 80 -3.666332081596081 0.9999495262224803
2210 90 -4.200940428844241 0.9999555893799998
2210 100 -4.258684552018011 0.9999609937714176
2210 110 -3.915643608583625 0.999964589448708
2210 120 -3.456622925597782 0.9999688346925443
2210 130 -2.831400676672008 0.9999718135111395
2210 140 -2.752032739664486 0.9999743656413165
2210 150 -2.753850539443586 0.9999757566749942
2220 0 +4.071074537854686 0.5470772477312938
2220 10 +0.8127222173791542 0.9991408652280476
2220 20 +0.3001024073494367 0.9997013175586937
2220 30 +0.9867161859034415 0.9998310200603455
2220 40 +0.2992348370753759 0.9998848985386892
2220 50 +0.1342538788386789 0.9999164287789373
2220 60 +0.4337283437644559 0.9999327707528087
2220 70 +0.9483997451279069 0.9999444474460923
2220 80 +0.9538061460521592 0.999951677852889
2220 90 +0.9558365453870121 0.9999571985718145
2220 100 +0.9579240603756638 0.9999616702877541
2220 110 +0.9610317077996597 0.9999653267055986
2220 120 +0.9643730387745534 0.9999682587016945
2220 130 +0.966912534742445 0.9999705765814242
2220 140 +0.9681566862434366 0.9999724192975361
2220 150 +0.9680212283198767 0.9999739211335482
2230 0 +5.142185317981272 0.5472037692939477
2230 10 +8.2624830481746 0.999155439257166
2230 20 +6.207861273021053 0.9997078603824707
2230 30 +6.486199381992205 0.9998351860688293
2230 40 +5.896868519462755 0.9998878126123514
2230 50 +5.229135200995541 0.999915553202974
2230 60 +4.533868707199405 0.9999334706522411
2230 70 +4.451337148129349 0.9999449472909872
2230 80 +4.455131323023992 0.9999521445687982
2230 90 +4.455803153360009 0.9999572935514851
2230 100 +4.450274387869197 0.9999611414666012
2230 110 +4.429835835940112 0.9999641243700742
2230 120 +4.344368580765249 0.9999665325035005
2230 130 +3.706375506805277 0.9999700945637223
2230 140 +3.713687163212038 0.9999719309247708
2230 150 +3.721492901187299 0.9999733474220331
2240 0 +9.370950060512051 0.5472722150411111
2240 10 +4.459229804422531 0.9991617589838766
2240 20 +3.671079177020373 0.9997061455054355
2240 30 +3.681442250009066 0.9998267732347448
2240 40 +3.83344762676366 0.9998754530720477
2240 50 +4.39531968504061 0.9999027108457854
2240 60 +4.239261178115251 0.9999184557513336
2240 70 +3.668595534804634 0.9999305530195512
2240 80 +3.652712725304359 0.9999380269605934
2240 90 +3.631628524767349 0.9999434483838179
2240 100 +3.602178713384436 0.9999475537831459
2240 110 +3.557701528337639 0.9999507769548073
2240 120 +3.453717497721436 0.9999535341970853
2240 130 +3.287478535164592 0.9999592337606151
2240 140 +2.796700164420781 0.9999627569640854
2240 150 +2.798565015575347 0.9999642851236147
2250 0 -8.258256907199808 0.5470175397723697
2250 10 -5.023592586546873 0.999125033930523
2250 20 -3.567095733613636 0.9996965348303842
2250 30 -2.373808198432934 0.999826148834845
2250 40 -1.656398364119243 0.9998789030929935
2250 50 -1.664847845123521 0.9999054191272458
2250 60 -1.679165822015453 0.9999218731320586
2250 70 -1.697354815831809 0.9999332383086135
2250 80 -1.719564078807035 0.9999413811626161
2250 90  -1.744744868006 0.9999473904568452
2250 100 -1.771733378048744 0.9999519478536285
2250 110 -1.799411965957229 0.9999554870926219
2250 120 -1.826729659759978 0.9999583044496249
2250 130 -1.852747975560032 0.9999606132604731
2250 140 -1.876752583053308 0.9999625704492945
2250 150 -1.898378934580629 0.9999642908011359
2260 0 +6.271844188665505 0.5469346505643399
2260 10 -2.681380483413861 0.9991581044125212
2260 20 -2.434211045952869 0.9996986370733454
2260 30 -1.955515361590925 0.9998256657337243
2260 40 -3.126623289273033 0.9998785193730472
2260 50 -2.534647228892099 0.9999052933888839
2260 60 -1.700596656891946 0.9999232939203935
2260 70 -1.129390499541657 0.9999358011107531
2260 80 -1.76010759844474 0.9999453129810436
2260 90 -1.773778298144668 0.999950804010224
2260 100 -1.77361692849984 0.9999548582834582
2260 110 -1.752045210797687 0.9999579522624769
2260 120 -1.62604952855868 0.9999604095380157
2260 130 -1.000882653951933 0.9999640169405288
2260 140 -1.004753816388877 0.9999657231179164
2260 150 -1.005988929249583 0.9999670582132836
2270 0 -0.7455810499524091 0.5468609691630977
2270 10 -0.3183756515351561 0.9991631647371246
2270 20 +1.205024336521771 0.9997185408715676
2270 30 +0.6650671457506927 0.9998465433894151
2270 40 +0.2585540916720399 0.9998991217717836
2270 50 +0.7862505437916789 0.9999273182346615
2270 60 +0.7825728394424349 0.9999428391035067
2270 70 +0.773393791186321 0.9999527966532373
2270 80 +0.7610478335521007 0.9999595947601043
2270 90 +0.7462913779953652 0.9999644329983162
2270 100 +0.7293092695219676 0.9999679888295623
2270 110 +0.7099733551231544 0.9999706754730991
2270 120 +0.687853707911394 0.9999727572267119
2270 130 +0.6620664925442469 0.9999744082387847
2270 140 +0.6308557704379618 0.9999757460515055
2270 150 +0.590386745096483 0.9999768525133447
2280 0 -4.365425631884755 0.5471644699215051
2280 10 -4.66757684923652 0.9991618891334966
2280 20 -4.067560458934199 0.9997189891528655
2280 30 -3.596291445529234 0.9998459671606232
2280 40 -3.613837664458253 0.9998961976649734
2280 50 -4.158654912661039 0.999923109590413
2280 60 -2.962607091169017 0.9999405319863126
2280 70 -2.694093549361354 0.9999518507004639
2280 80 -2.634143144075714 0.9999584252497487
2280 90 -2.310665393293676 0.9999632422397129
2280 100 -1.850529509043445 0.9999682668989924
2280 110 -1.830466382110273 0.999970916021625
2280 120 -1.808164978150468 0.9999729689700314
2280 130 -1.78309845890608 0.9999746458541011
2280 140 -1.753905407848356 0.9999760720970865
2280 150 -1.71614322401072 0.9999773335530178
2290 0 +0.6483311631232208 0.5471333342122744
2290 10 +0.4790177287917929 0.9991590107583741
2290 20 +1.524625472953985 0.9997079174694955
2290 30 +1.417105779389836 0.999835301545916
2290 40 +1.411916918080811 0.9998882628463257
2290 50 +0.6336147776875291 0.9999149459879124
2290 60 -0.09981762050809173 0.9999314412705747
2290 70 -0.1575713341819117 0.999940883406333
2290 80 -0.2128336509599198 0.9999471636359285
2290 90 -0.2706026969302912 0.9999516715429244
2290 100 -0.3386414950729879 0.9999551335008787
2290 110 -0.4546862338326648 0.9999580075692722
2290 120 -1.113411903017715 0.999962096801901
2290 130 -1.127246965551152 0.9999643930732276
2290 140 -1.136035154096581 0.9999661333630279
2290 150 -1.143655120459378 0.999967518268541
2300 0 +12.42307612853727 0.5469775726880136
2300 10 -0.1933274607912673 0.9991176703612611
2300 20 +1.154747626541718 0.999684738577822
2300 30 +1.058584182462797 0.9998147117812415
2300 40 +1.020713900367244 0.9998688651955403
2300 50 +1.017228468753427 0.9998973594704427
2300 60 +1.022135045412681 0.9999143683938838
2300 70 +1.019896909753075 0.9999253929265399
2300 80 +0.9871166837631526 0.9999329606427175
2300 90 +0.4239744390721365 0.9999390817602054
2300 100 +0.3237571497874685 0.999944225187869
2300 110 +0.3594562314994234 0.9999473378495889
2300 120 +0.4125295735649599 0.99994979077433
2300 130 +0.5344425063844558 0.9999518299570862
2300 140 +1.449472045475683 0.9999551834033726
2300 150 +1.939376840279058 0.9999585894814371
2310 0 +9.143796589299482 0.5469211049633405
2310 10 +2.096563117298776 0.9991158742912509
2310 20 +2.746299385620538 0.9996819973373584
2310 30 +4.134520428551491 0.9998134529733851
2310 40 +5.035967488635415 0.9998697502001703
2310 50 +3.717913366035573 0.999900959860295
2310 60 +3.693094915382933 0.9999180733509914
2310 70 +3.643209183792956 0.9999309489374297
2310 80 +3.797096328373545 0.9999395345439874
2310 90 +3.798101460233544 0.999944787943394
2310 100 +3.79554476045767 0.9999487464585444
2310 110 +3.786526192593736 0.9999519111778064
2310 120 +3.747787569761518 0.9999545808827864
2310 130 +3.159131815708111 0.9999583692363685
2310 140 +3.838531462044474 0.9999622486323162
2310 150 +3.842424883196778 0.9999643423507704
2320 0 -7.735495988322093 0.5468044904924967
2320 10 -2.632096390077218 0.9991441853855774
2320 20 -1.800668817541489 0.9996961834096469
2320 30 -1.805170735697701 0.9998192885352598
2320 40 -1.85601517988414 0.9998698626728068
2320 50 -1.635526147134442 0.9998995454098436
2320 60 -0.9347941383196503 0.99991865582762
2320 70 -0.2674804564674108 0.9999310273692643
2320 80 -0.2259923859461146 0.99993957858173
2320 90 -0.212177841873254 0.999945270501944
2320 100 -0.1937388985860518 0.9999494779034049
2320 110 -0.17297415246416 0.9999527125856306
2320 120 -0.151714637879106 0.9999553190262889
2320 130 -0.131275946619656 0.9999575319503637
2320 140 -0.112508598684202 0.9999595051723872
2320 150 -0.0958643302673442 0.9999613278415876
2330 0 +2.002818795096203 0.5468723250925951
2330 10 -2.184729938854969 0.9991235876443326
2330 20 -2.230628137320949 0.9996953673433169
2330 30 -1.587009731482005 0.9998239833180064
2330 40 -1.466545126141091 0.9998751685116747
2330 50 -0.8233190221564138 0.9999040401109581
2330 60 -0.8053561097701053 0.9999211309241661
2330 70 -0.7743149166299317 0.9999327827976283
2330 80 -0.7145752023430677 0.9999411765842665
2330 90 -0.2281447402954455 0.9999476927924001
2330 100 +0.09648959694714915 0.9999535849681276
2330 110 +0.720440055059294 0.9999586260967659
2330 120 +0.1085144625012189 0.9999621995587464
2330 130 +0.01181404547619169 0.9999652488607712
2330 140 +0.01670183783165469 0.9999668779336048
2330 150 +0.02171982904913661 0.9999681402223946
2340 0 +8.123132364669884 0.5469486815387424
2340 10 -3.187971794217226 0.9991067380081934
2340 20 -3.20278425808056 0.9996742619922463
2340 30 -3.638333763013176 0.9998068230032927
2340 40 -3.631275759871426 0.9998604206940629
2340 50 -3.617688797322003 0.9998895735366703
2340 60 -3.606980770762655 0.9999082875816532
2340 70 -3.596684357536811 0.9999214183508482
2340 80 -3.586024629543848 0.9999309936897518
2340 90 -3.575415260757116 0.999938089016878
2340 100 -3.565270203044602 0.9999434682569964
2340 110 -3.555654764004518 0.9999477006907548
2340 120 -3.546316631855773 0.999951181649203
2340 130 -3.536634022558167 0.9999541732542163
2340 140 -3.525413113728769 0.9999568350154693
2340 150 -3.510582625964132 0.9999592332057259
2350 0 +0.1657230205869422 0.5472007607585601
2350 10 -3.500636615054768 0.999106041210216
2350 20 -3.975288063398794 0.9996600473992912
2350 30 -5.253425969591757 0.999794859770853
2350 40 -4.703240410092724 0.9998518571297252
2350 50 -4.880031039189102 0.9998824564418289
2350 60 -5.464176644246987 0.9999032757784476
2350 70 -5.424081877357593 0.9999167862881173
2350 80 -4.780122071371513 0.9999278626886975
2350 90 -4.739996575295597 0.9999364861783639
2350 100 -4.73635615646276 0.9999428186976902
2350 110 -4.725818468247876 0.9999479634223274
2350 120 -4.70651643552027 0.9999521639210379
2350 130 -4.669260035849208 0.9999556091621622
2350 140 -4.561578793885801 0.9999584840992464
2350 150 -3.951782457359185 0.9999625158359189
2360 0 -4.3402314764238 0.546875031187101
2360 10 -7.423574432400255 0.9990960796505081
2360 20 -8.107680123827059 0.9996656674131497
2360 30 -7.89970527771066 0.9997992096742978
2360 40 -8.248253254149773 0.9998579875272917
2360 50 -8.888165138202966 0.9998896296244586
2360 60 -9.034128231419842 0.9999081524707985
2360 70 -9.713473771702471 0.9999220254098133
2360 80 -10.30795617073126 0.9999323854477762
2360 90 -9.651031914515768 0.9999408315779921
2360 100 -9.652741854504111 0.9999460901223809
2360 110 -9.65423630735966 0.9999501300428171
2360 120 -9.653997429266147 0.9999534801976528
2360 130 -9.653107520515231 0.999956357477778
2360 140 -9.652511195156821 0.9999588850284111
2360 150 -9.652883284920129 0.9999611390942118
2370 0 +4.595583302029848 0.5470430638552948
2370 10 -6.601328865834801 0.9990821778106322
2370 20 -7.075457070631932 0.999666978253601
2370 30 -6.572060234522027 0.9998024865907453
2370 40 -6.523636757075018 0.9998605355554165
2370 50 -6.490662748085292 0.9998902229903592
2370 60 -5.911079348901993 0.9999123504812817
2370 70 -5.879738214372575 0.9999254785243219
2370 80 -5.896921727520054 0.9999340304905743
2370 90 -5.905703062940251 0.9999406264874522
2370 100 -5.911744926007712 0.9999460149875393
2370 110 -5.917072926094008 0.9999503316530849
2370 120 -5.920782889585579 0.9999537560293013
2370 130 -5.92230889964465 0.9999565672806207
2370 140 -5.921678528075505 0.9999589625327892
2370 150 -5.919163370608942 0.9999610499045612
2380 0 +4.815621359943799 0.5469258738319581
2380 10 +2.920545029255745 0.9991172271998805
2380 20 +3.333048801040644 0.9996802789112861
2380 30 +2.150705869538085 0.9998131376987207
2380 40 +1.026025627132306 0.9998706993294219
2380 50 +1.019401170246819 0.9998995286271994
2380 60 +1.01149757794271 0.9999165983403125
2380 70 +1.001279718975148 0.9999276662634673
2380 80 +0.9817249879861281 0.999935352232145
2380 90 +0.9187817941047105 0.9999410047184201
2380 100 +0.314710943073619 0.9999469348873616
2380 110 +0.4267953151714108 0.9999505520734088
2380 120 +1.069166141202992 0.9999549959318799
2380 130 +1.06711770744679 0.9999574217712559
2380 140 +1.064167534230774 0.9999593955461576
2380 150 +1.063440850115513 0.9999611263684481
2390 0 +6.406725803627803 0.5469656156744922
2390 10 +8.804257848688597 0.9991318228362153
2390 20 +10.32481728514135 0.9996908450047668
2390 30 +9.892800196661593 0.9998211814865399
2390 40 +9.698612232898551 0.9998758735348751
2390 50 +9.361687539531953 0.9999057160345336
2390 60 +9.383868676002988 0.9999228032951414
2390 70 +9.396807308401501 0.9999341376985889
2390 80 +9.404898452628267 0.9999422322195233
2390 90 +9.408518316122432 0.9999483466448809
2390 100 +9.406580282848441 0.9999531784079617
2390 110 +9.396250247440697 0.9999571293367507
2390 120 +9.368904442099439 0.9999604337906289
2390 130 +9.2677533181743 0.9999632569440868
2390 140 +8.644274324810079 0.9999672922845986
2390 150 +8.65045545505637 0.9999693990647855
2400 0 -9.330660986933173 0.5469134762632795
2400 10 +0.6512716664189434 0.9991270691741095
2400 20 +0.9958466309931351 0.9996871654433369
2400 30 +0.7599749489695056 0.9998197814593255
2400 40 +0.8228065704525247 0.9998740755325625
2400 50 +0.8837585484917984 0.999903056439454
2400 60 +0.969876477707636 0.9999208689230601
2400 70 +1.588303418924333 0.9999333730909414
2400 80 +1.75716891799276 0.9999427540098962
2400 90 +1.777079671065095 0.9999486898941747
2400 100 +1.79409283067364 0.9999530571560984
2400 110 +1.808177943046515 0.9999563718924465
2400 120 +1.819388604040183 0.9999589563078708
2400 130 +1.827875719515006 0.9999610265372643
2400 140 +1.833816300032796 0.9999627340631376
2400 150 +1.837372291082994 0.9999641900793735
2410 0 -4.701671512342499 0.5468295115268288
2410 10 -1.894825061859986 0.9991215487329645
2410 20 -1.237569556395018 0.9996833267921159
2410 30 -0.7404833743976509 0.9998133907254431
2410 40 -0.1751116222057187 0.9998681434407044
2410 50 -0.268942621672319 0.9998975037655967
2410 60 -0.9919482526039558 0.9999175252761755
2410 70 -1.069988435719165 0.999930916997865
2410 80 -1.261685907875042 0.9999403829384331
2410 90 -1.868836355593109 0.9999490606535959
2410 100 -1.894611935017867 0.9999544268462857
2410 110 -1.91622173179101 0.9999584402956851
2410 120 -1.934284250394667 0.9999615362481922
2410 130 -1.948912585326016 0.9999639857642107
2410 140 -1.960034262645022 0.9999659787081275
2410 150 -1.967449408998424 0.999967649197236
2420 0 -7.261654070393334 0.5471086145700349
2420 10 -1.885799135314467 0.9991269549613704
2420 20 -1.459049574921629 0.999689087325748
2420 30 -1.122450491908896 0.9998190668367126
2420 40 -1.177125488069263 0.9998708483345109
2420 50 -1.270029092961252 0.9998980027263216
2420 60 -1.958071475371354 0.9999160716363036
2420 70 -1.952041709640844 0.999927424080294
2420 80 -1.938863161124015 0.9999354829351178
2420 90 -1.92528194552222 0.9999417143968469
2420 100 -1.913046362839506 0.9999468161849492
2420 110 -1.903185580868589 0.999951175687693
2420 120 -1.896428603906449 0.9999550016346687
2420 130 -1.893329719430039 0.9999583900546591
2420 140 -1.894185414963636 0.9999613740547921
2420 150 -1.898978264817855 0.9999639726489686
2430 0 +8.763936043429549 0.5469869243111443
2430 10 +0.5690091544195328 0.9991273056289505
2430 20 +1.421582446110666 0.9996792377902002
2430 30 +2.123626719893609 0.9998049297987408
2430 40 +3.508136772162679 0.9998582658560945
2430 50 +3.454814087987724 0.9998888751864906
2430 60 +3.440270210429149 0.9999090941076518
2430 70 +3.519601368576574 0.9999219542472517
2430 80 +3.51171237499069 0.9999305132086513
2430 90 +3.502189191805443 0.9999369977818661
2430 100 +3.489250799410601 0.9999421184962556
2430 110 +3.456009633320614 0.9999463372332592
2430 120 +3.149377944580869 0.9999501863118638
2430 130 +2.783151140961172 0.9999550416188874
2430 140 +2.800630444342484 0.9999580752666761
2430 150 +2.815945460351979 0.999960803854264
2440 0 -4.530845289910961 0.5468449912864157
2440 10 -1.919694394574491 0.999103218143973
2440 20 -0.5087496633165645 0.9996754523637508
2440 30 +0.2927195485386989 0.9998105719065471
2440 40 +0.1026326019640229 0.9998623727827077
2440 50 -0.6070322177690479 0.9998909343770559
2440 60 -1.88880750027001 0.9999099770209436
2440 70 -1.442034243863096 0.9999233297511574
2440 80 -1.932259118367662 0.9999336715654188
2440 90 -1.910075171139509 0.9999397054960395
2440 100 -1.892089063735954 0.9999442637814679
2440 110 -1.876369531027972 0.999947816822134
2440 120 -1.860690252936228 0.9999506403749994
2440 130 -1.842644935404326 0.9999529346035957
2440 140 -1.818328599667658 0.9999548512688397
2440 150 -1.776888191243495 0.9999565079012511
2450 0 +11.46489484406355 0.5470550782183192
2450 10 -1.240777780939461 0.9991440929784625
2450 20 -2.946666062123919 0.9996964358046407
2450 30 -2.842369669055196 0.9998239261868263
2450 40 -3.521241227939132 0.9998775971862439
2450 50 -3.522617488349526 0.9999081013957711
2450 60 -3.496660017263288 0.999924598836275
2450 70 -3.279042380384872 0.9999352267561108
2450 80 -2.797434830850491 0.9999441071894311
2450 90 -2.812424336561587 0.9999493284578379
2450 100 -2.82612349402044 0.9999532503858303
2450 110 -2.838710526995621 0.9999563960195863
2450 120 -2.850321192797126 0.9999590682696692
2450 130 -2.86085100852343 0.9999614414243045
2450 140 -2.869925904307865 0.9999635993955525
2450 150 -2.877076976825957 0.9999655718155557
2460 0 +6.573110695220182 0.5471247246040204
2460 10 -0.8623056190229843 0.9991564407712106
2460 20 -1.18115705187225 0.9997002308348297
2460 30 -1.361253533551581 0.9998233357543767
2460 40 -1.158766598111125 0.9998738648716636
2460 50 -0.357897249520757 0.9999025693539813
2460 60 +0.5938211498491776 0.9999206703631451
2460 70 +1.112709449215288 0.9999336081199468
2460 80 +1.121645609341419 0.999941151954083
2460 90 +1.137196005665446 0.9999466452645084
2460 100 +1.166747621316943 0.9999508623702961
2460 110 +1.241790344182923 0.9999542556665839
2460 120 +1.901190333230375 0.9999585551319846
2460 130 +1.905838042562201 0.9999612035839347
2460 140 +1.906560054354054 0.9999632081592782
2460 150 +1.908003710444956 0.9999648983197582
2470 0 -13.04420852011944 0.5471318182333438
2470 10 +3.492204134783162 0.9991597390180471
2470 20 +3.138261354204521 0.999705909085534
2470 30 +4.472464766960842 0.999831862403523
2470 40 +4.454135722376691 0.9998824116034515
2470 50 +4.075024188903783 0.9999109017099734
2470 60 +5.284369399976363 0.9999291388216394
2470 70 +5.576448085735301 0.999941786644267
2470 80 +5.609325271496197 0.9999495068091298
2470 90 +5.635212095349289 0.9999550747872636
2470 100  +5.656154195637 0.9999592438892759
2470 110 +5.673564316111602 0.9999624621075394
2470 120 +5.688449404319601 0.9999650204008996
2470 130 +5.701494076542433 0.9999671140607425
2470 140 +5.71314109297162 0.9999688747480729
2470 150 +5.723660507161114 0.9999703901652848
2480 0 -1.572165525338574 0.546949434265828
2480 10 +1.094505850054616 0.9991619110967458
2480 20 +2.646901063611716 0.9997120906202913
2480 30 +2.72339661558524 0.9998366379283992
2480 40 +2.773133779168051 0.9998879685505643
2480 50 +2.820712155506619 0.99991499118954
2480 60 +2.86085541075041 0.9999313888618948
2480 70 +2.887295550830285 0.9999422653904237
2480 80 +2.902405111606772 0.9999498204848525
2480 90 +2.912991424789011 0.9999551461153204
2480 100 +2.924380894841497 0.9999589324644202
2480 110 +2.939459201105438 0.9999616775289111
2480 120 +2.960318244208501 0.9999637295784758
2480 130 +2.989785040807814 0.9999653209387991
2480 140 +3.033489565167363 0.9999666051799081
2480 150 +3.111770428522374 0.9999676931778869
2490 0 -10.47142473577503 0.546984304672111
2490 10 +0.630257186115912 0.9991493449153345
2490 20 +0.6931004072298537 0.9997100616894999
2490 30 +0.4398805106196015 0.9998360212153401
2490 40 +1.437987795401945 0.9998871402595157
2490 50 +1.838814036924487 0.999914337421121
2490 60 +1.76496497308236 0.9999315565855125
2490 70 +2.024663290669761 0.9999426918180683
2490 80 +2.172868213138624 0.9999495077616246
2490 90 +2.754316116310354 0.9999561207836993
2490 100 +2.761317819914598 0.9999599905803882
2490 110 +2.766725717878437 0.9999630213014514
2490 120 +2.772271161897364 0.9999654645104006
2490 130 +2.778310013352377 0.9999674457008438
2490 140 +2.784732490005652 0.9999690612688248
2490 150 +2.791325161481697 0.9999703897369616
2500 0 +4.709934156131057 0.5472708465500801
2500 10 -4.875094732386328 0.9991520519822197
2500 20 -4.726716964190761 0.999710633766961
2500 30 -4.274835696989969 0.9998379459079101
2500 40 -4.374021820089737 0.9998886420694922
2500 50 -4.312187802551033 0.9999159079083719
2500 60 -3.633166452098252 0.9999341460768627
2500 70 -3.567688248629169 0.9999450147583147
2500 80 -2.907377173910709 0.9999529920696771
2500 90 -2.813629226531978 0.9999589320311244
2500 100 -2.792267118968408 0.9999626816490579
2500 110 -2.76070658463104 0.9999655888156264
2500 120 -2.699290873398682 0.999967957603872
2500 130 -2.178679637809473 0.9999704511887642
2500 140 -1.977416354664351 0.9999734445456474
2500 150 -1.980528829439679 0.9999748598245473
