5.113636363635976068e-02
7.386363636364023932e-02
2.840909090909349288e-02
1.988636363635976068e-02
8.522727272719521352e-03
1.136363636364023932e-02
1.136363636364023932e-02
0.000000000000000000e+00
0.000000000000000000e+00
4.829545454545325356e-02
0.000000000000000000e+00
6.250000000000000000e-02
6.534090909092071797e-02
1.988636363635976068e-02
2.840909090909349288e-02
1.704545454545325356e-02
1.136363636362602847e-02
5.681818181827225089e-03
0.000000000000000000e+00
2.840909090907928203e-02
6.534090909092071797e-02
2.272727272726626779e-02
3.409090909090650712e-02
1.420454545454674644e-02
0.000000000000000000e+00
4.829545454545325356e-02
4.545454545454674644e-02
5.681818181817277491e-02
0.000000000000000000e+00
7.102272727271952135e-02
0.000000000000000000e+00
5.681818181818698577e-02
1.420454545454674644e-02
4.261363636362602847e-02
3.693181818182722509e-02
1.988636363635976068e-02
0.000000000000000000e+00
5.681818181818698577e-02
7.102272727271952135e-02
3.693181818182722509e-02
1.136363636364023932e-02
8.522727272719521352e-03
8.522727272733732207e-03
5.681818181813014235e-03
0.000000000000000000e+00
3.977272727273373221e-02
5.113636363635976068e-02
0.000000000000000000e+00
3.125000000000000000e-02
7.954545454545325356e-02
0.000000000000000000e+00
4.261363636364023932e-02
4.829545454545325356e-02
0.000000000000000000e+00
5.113636363635976068e-02
6.250000000000000000e-02
0.000000000000000000e+00
6.534090909090650712e-02
2.840909090909349288e-02
0.000000000000000000e+00
3.977272727271952135e-02
5.965909090909349288e-02
0.000000000000000000e+00
0.000000000000000000e+00
0.000000000000000000e+00
3.977272727273373221e-02
2.272727272726626779e-02
4.829545454546746441e-02
1.136363636362602847e-02
1.704545454545325356e-02
1.420454545454674644e-02
0.000000000000000000e+00
3.125000000000000000e-02
0.000000000000000000e+00
1.704545454545325356e-02
0.000000000000000000e+00
3.125000000000000000e-02
1.420454545454674644e-02
0.000000000000000000e+00
