3.664772727272804786e-01
3.380681818181869858e-01
4.801136363636260285e-01
4.176136363636402393e-01
3.948863636363597607e-01
0.000000000000000000e+00
7.357954545454532536e-01
5.681818181818130142e-01
1.761363636363597607e-01
0.000000000000000000e+00
3.579545454545467464e-01
1.164772727272662678e-01
6.164772727272804786e-01
1.846590909090792820e-01
1.988636363636402393e-01
2.698863636363597607e-01
4.943181818181869858e-01
2.414772727272804786e-01
0.000000000000000000e+00
2.130681818181869858e-01
0.000000000000000000e+00
7.187500000000000000e-01
1.363636363636402393e-01
4.829545454545467464e-01
4.232954545454532536e-01
3.039772727272662678e-01
2.073863636363739715e-01
1.960227272727195214e-01
2.613636363636402393e-01
2.414772727272662678e-01
6.534090909092071797e-02
1.619318181818130142e-01
0.000000000000000000e+00
5.625000000000000000e-01
4.147727272727337322e-01
0.000000000000000000e+00
3.210227272727195214e-01
4.630681818181869858e-01
4.147727272727195214e-01
2.840909090909065071e-01
2.414772727272804786e-01
1.931818181818130142e-01
2.102272727272804786e-01
3.522727272727195214e-01
2.045454545454532536e-01
1.704545454545467464e-01
3.039772727272804786e-01
5.681818181817277491e-02
1.420454545454532536e-01
0.000000000000000000e+00
5.312500000000000000e-01
2.982954545454532536e-01
4.375000000000000000e-01
0.000000000000000000e+00
0.000000000000000000e+00
5.625000000000000000e-01
6.818181818181869858e-01
3.636363636363597607e-01
1.960227272727337322e-01
0.000000000000000000e+00
0.000000000000000000e+00
4.545454545454674644e-01
4.318181818181727749e-01
5.397727272728047865e-02
0.000000000000000000e+00
2.840909090909065071e-01
6.647727272727195214e-01
5.681818181818272251e-01
2.840909090909349288e-02
6.306818181818130142e-01
1.392045454545467464e-01
1.988636363636402393e-01
0.000000000000000000e+00
6.278409090909065071e-01
4.857954545454532536e-01
1.534090909090934929e-01
3.551136363636402393e-01
4.289772727272662678e-01
0.000000000000000000e+00
6.477272727272662678e-01
2.727272727272804786e-01
2.897727272727195214e-01
3.238636363636402393e-01
3.835227272727337322e-01
3.693181818181727749e-01
6.250000000000000000e-02
5.113636363636402393e-01
1.647727272727337322e-01
1.278409090909065071e-01
1.363636363636402393e-01
1.903409090909065071e-01
9.090909090909349288e-02
4.261363636362602847e-02
2.272727272728047865e-02
3.409090909090650712e-02
8.238636363635976068e-02
0.000000000000000000e+00
7.500000000000000000e-01
1.051136363636402393e-01
4.090909090909065071e-01
5.397727272727337322e-01
1.846590909090934929e-01
0.000000000000000000e+00
6.079545454545325356e-01
0.000000000000000000e+00
0.000000000000000000e+00
4.232954545454532536e-01
6.676136363636402393e-01
0.000000000000000000e+00
8.153409090909065071e-01
0.000000000000000000e+00
3.295454545454532536e-01
0.000000000000000000e+00
3.721590909090934929e-01
5.681818181818272251e-01
2.869318181818130142e-01
2.954545454545467464e-01
2.585227272727195214e-01
2.471590909090934929e-01
3.181818181818272251e-01
0.000000000000000000e+00
3.181818181818130142e-01
9.715909090909065071e-01
1.619318181818272251e-01
3.096590909090792820e-01
2.357954545454532536e-01
1.590909090909207180e-01
2.926136363636260285e-01
3.238636363636402393e-01
0.000000000000000000e+00
3.551136363636402393e-01
4.801136363636260285e-01
4.914772727272804786e-01
2.727272727272662678e-01
2.954545454545467464e-01
2.556818181818130142e-01
5.426136363636402393e-01
1.818181818181869858e-01
1.278409090909065071e-01
2.755681818181869858e-01
1.107954545454532536e-01
1.193181818181727749e-01
9.375000000000000000e-02
7.670454545454674644e-02
4.431818181818130142e-01
7.982954545454532536e-01
1.164772727272804786e-01
0.000000000000000000e+00
4.204545454545467464e-01
6.250000000000000000e-01
5.681818181818130142e-01
8.806818181818698577e-02
1.988636363636402393e-01
3.068181818181727749e-01
4.829545454545467464e-01
1.278409090909207180e-01
1.306818181818130142e-01
9.943181818181301423e-02
1.647727272727337322e-01
9.659090909090650712e-02
1.193181818181869858e-01
1.022727272727195214e-01
3.693181818182722509e-02
0.000000000000000000e+00
2.954545454545467464e-01
3.778409090909065071e-01
3.295454545454674644e-01
4.261363636363597607e-01
0.000000000000000000e+00
5.653409090909065071e-01
1.789772727272662678e-01
3.323863636363597607e-01
4.062500000000000000e-01
6.988636363636402393e-01
1.590909090909065071e-01
0.000000000000000000e+00
5.454545454545467464e-01
8.522727272726626779e-02
7.982954545454532536e-01
2.187500000000000000e-01
2.244318181818272251e-01
1.392045454545325356e-01
3.181818181818272251e-01
3.664772727272662678e-01
2.073863636363739715e-01
1.420454545454532536e-01
0.000000000000000000e+00
4.517045454545467464e-01
3.153409090909065071e-01
3.948863636363597607e-01
4.232954545454532536e-01
2.528409090909207180e-01
1.420454545454532536e-01
2.642045454545467464e-01
4.687500000000000000e-01
1.676136363636260285e-01
0.000000000000000000e+00
4.914772727272804786e-01
3.977272727272662678e-01
0.000000000000000000e+00
5.056818181818272251e-01
0.000000000000000000e+00
3.607954545454674644e-01
4.886363636363597607e-01
0.000000000000000000e+00
3.238636363636260285e-01
3.664772727272804786e-01
6.164772727272662678e-01
4.630681818181869858e-01
3.096590909090934929e-01
4.829545454545325356e-02
3.522727272727195214e-01
2.500000000000000000e-01
3.267045454545467464e-01
1.136363636363739715e-01
1.051136363636260285e-01
1.193181818181869858e-01
8.806818181818698577e-02
3.977272727271952135e-02
9.943181818181301423e-02
0.000000000000000000e+00
5.738636363636402393e-01
2.954545454545325356e-01
0.000000000000000000e+00
3.039772727272662678e-01
4.573863636363739715e-01
5.426136363636260285e-01
2.755681818181869858e-01
4.715909090909065071e-01
2.272727272727337322e-01
1.136363636363597607e-01
2.784090909090934929e-01
0.000000000000000000e+00
5.255681818181869858e-01
0.000000000000000000e+00
4.204545454545467464e-01
2.045454545454532536e-01
2.812500000000000000e-01
4.431818181818272251e-01
3.664772727272662678e-01
1.647727272727337322e-01
0.000000000000000000e+00
2.840909090909065071e-01
2.727272727272662678e-01
3.579545454545467464e-01
2.897727272727337322e-01
0.000000000000000000e+00
2.613636363636260285e-01
6.107954545454674644e-01
2.272727272727195214e-01
4.289772727272804786e-01
0.000000000000000000e+00
3.465909090909065071e-01
4.318181818181869858e-01
2.045454545454532536e-01
4.147727272727195214e-01
3.693181818181869858e-01
2.642045454545467464e-01
0.000000000000000000e+00
4.119318181818130142e-01
5.170454545454674644e-01
2.698863636363597607e-01
5.539772727272662678e-01
1.335227272727337322e-01
3.181818181818130142e-01
1.789772727272804786e-01
3.011363636363597607e-01
0.000000000000000000e+00
2.357954545454532536e-01
0.000000000000000000e+00
7.045454545454674644e-01
4.659090909090792820e-01
9.375000000000000000e-02
4.573863636363739715e-01
5.681818181818130142e-01
1.903409090909065071e-01
5.397727272728047865e-02
1.704545454545467464e-01
2.698863636363597607e-01
1.363636363636402393e-01
1.676136363636260285e-01
1.363636363636402393e-01
0.000000000000000000e+00
7.073863636363597607e-01
2.727272727272662678e-01
5.312500000000000000e-01
3.096590909090934929e-01
3.267045454545467464e-01
2.329545454545467464e-01
1.306818181818130142e-01
2.414772727272804786e-01
2.585227272727195214e-01
2.556818181818698577e-02
1.562500000000000000e-01
1.136363636363597607e-01
1.278409090909065071e-01
6.250000000000000000e-02
1.363636363636402393e-01
5.965909090909065071e-01
2.045454545454532536e-01
6.221590909090934929e-01
3.465909090909065071e-01
3.039772727272804786e-01
2.869318181818130142e-01
1.051136363636402393e-01
2.670454545454532536e-01
7.670454545454674644e-02
2.045454545454532536e-01
0.000000000000000000e+00
7.755681818181869858e-01
3.750000000000000000e-01
1.505681818181727749e-01
6.193181818181869858e-01
1.051136363636402393e-01
8.238636363635976068e-02
2.102272727272662678e-01
0.000000000000000000e+00
0.000000000000000000e+00
0.000000000000000000e+00
5.767045454545325356e-01
3.522727272727337322e-01
4.204545454545467464e-01
2.159090909090934929e-01
3.096590909090934929e-01
3.267045454545325356e-01
1.164772727272804786e-01
1.704545454545467464e-01
3.181818181818130142e-01
1.647727272727337322e-01
1.278409090909065071e-01
5.681818181818698577e-02
1.903409090909065071e-01
0.000000000000000000e+00
7.670454545454532536e-01
4.545454545454532536e-01
1.732954545454532536e-01
3.778409090909065071e-01
1.619318181818272251e-01
1.676136363636260285e-01
3.153409090909065071e-01
1.818181818181869858e-01
2.556818181818130142e-01
2.642045454545467464e-01
1.306818181818272251e-01
1.306818181818130142e-01
1.420454545454532536e-01
0.000000000000000000e+00
4.886363636363597607e-01
5.397727272727337322e-01
4.488636363636260285e-01
0.000000000000000000e+00
3.920454545454532536e-01
9.943181818182722509e-02
3.522727272727195214e-01
4.289772727272804786e-01
0.000000000000000000e+00
6.505681818181869858e-01
2.272727272727195214e-01
3.039772727272804786e-01
4.204545454545467464e-01
2.869318181818130142e-01
1.903409090909065071e-01
3.323863636363739715e-01
2.471590909090792820e-01
2.073863636363739715e-01
1.278409090909065071e-01
5.965909090909349288e-02
0.000000000000000000e+00
5.596590909090934929e-01
0.000000000000000000e+00
1.014204545454546746e+00
1.846590909090792820e-01
3.778409090909207180e-01
1.505681818181727749e-01
2.869318181818272251e-01
3.607954545454532536e-01
1.477272727272662678e-01
2.727272727272804786e-01
1.420454545454532536e-01
2.159090909090792820e-01
9.375000000000000000e-02
1.363636363636402393e-01
1.164772727272804786e-01
0.000000000000000000e+00
0.000000000000000000e+00
2.272727272727337322e-01
5.625000000000000000e-01
2.784090909090792820e-01
0.000000000000000000e+00
7.102272727273373221e-02
5.539772727272662678e-01
2.272727272727337322e-01
3.579545454545467464e-01
4.090909090909065071e-01
2.130681818181727749e-01
2.897727272727337322e-01
4.573863636363597607e-01
1.704545454545467464e-01
2.244318181818272251e-01
1.619318181818130142e-01
1.164772727272662678e-01
7.670454545454674644e-02
1.193181818181869858e-01
0.000000000000000000e+00
3.778409090909207180e-01
2.670454545454532536e-01
4.460227272727195214e-01
3.948863636363597607e-01
1.761363636363739715e-01
3.323863636363597607e-01
1.534090909090934929e-01
2.500000000000000000e-01
1.505681818181727749e-01
2.869318181818272251e-01
2.187500000000000000e-01
0.000000000000000000e+00
3.011363636363597607e-01
2.897727272727195214e-01
4.232954545454532536e-01
4.431818181818272251e-01
0.000000000000000000e+00
0.000000000000000000e+00
4.204545454545467464e-01
4.176136363636402393e-01
0.000000000000000000e+00
5.596590909090934929e-01
1.960227272727195214e-01
4.630681818181869858e-01
6.363636363636402393e-01
2.187500000000000000e-01
2.500000000000000000e-01
9.659090909090650712e-02
1.875000000000000000e-01
1.619318181818130142e-01
2.159090909090934929e-01
1.221590909090934929e-01
0.000000000000000000e+00
2.017045454545467464e-01
0.000000000000000000e+00
5.198863636363739715e-01
5.198863636363597607e-01
3.380681818181869858e-01
3.494318181818130142e-01
2.926136363636402393e-01
1.590909090909065071e-01
1.448863636363597607e-01
2.585227272727337322e-01
0.000000000000000000e+00
3.068181818181727749e-01
5.454545454545467464e-01
3.948863636363597607e-01
2.528409090909207180e-01
3.693181818181727749e-01
1.931818181818272251e-01
2.301136363636260285e-01
0.000000000000000000e+00
3.693181818181727749e-01
2.045454545454674644e-01
2.784090909090792820e-01
3.977272727272804786e-01
0.000000000000000000e+00
6.960227272727337322e-01
3.750000000000000000e-01
7.386363636362602847e-02
0.000000000000000000e+00
0.000000000000000000e+00
4.914772727272804786e-01
3.664772727272662678e-01
7.556818181818272251e-01
6.534090909090650712e-02
2.982954545454532536e-01
2.500000000000000000e-01
1.647727272727195214e-01
2.755681818181869858e-01
2.357954545454532536e-01
1.107954545454532536e-01
1.164772727272804786e-01
4.829545454545325356e-02
8.806818181817277491e-02
8.522727272728047865e-02
0.000000000000000000e+00
4.005681818181727749e-01
6.363636363636402393e-01
1.789772727272662678e-01
2.642045454545467464e-01
2.755681818181869858e-01
3.125000000000000000e-01
1.534090909090934929e-01
2.443181818181727749e-01
1.903409090909207180e-01
2.897727272727195214e-01
0.000000000000000000e+00
0.000000000000000000e+00
3.551136363636402393e-01
3.096590909090792820e-01
4.176136363636402393e-01
5.028409090909065071e-01
3.295454545454532536e-01
2.812500000000000000e-01
2.670454545454674644e-01
3.210227272727195214e-01
7.386363636364023932e-02
1.335227272727195214e-01
1.051136363636402393e-01
2.244318181818130142e-01
1.079545454545467464e-01
4.545454545454674644e-02
1.335227272727337322e-01
3.210227272727337322e-01
6.477272727272662678e-01
2.329545454545467464e-01
2.869318181818130142e-01
2.755681818181869858e-01
1.534090909090934929e-01
4.573863636363597607e-01
2.215909090909065071e-01
2.982954545454532536e-01
1.193181818181869858e-01
1.136363636363597607e-01
8.238636363637397153e-02
1.278409090909065071e-01
5.681818181817277491e-02
8.806818181818698577e-02
7.386363636364023932e-02
9.630681818181869858e-01
1.477272727272662678e-01
4.403409090909207180e-01
0.000000000000000000e+00
3.210227272727337322e-01
1.704545454545467464e-01
5.880681818181869858e-01
4.119318181818130142e-01
1.107954545454532536e-01
4.375000000000000000e-01
1.761363636363597607e-01
2.301136363636402393e-01
3.465909090909065071e-01
3.409090909090650712e-02
2.073863636363739715e-01
1.960227272727195214e-01
6.250000000000000000e-02
4.545454545454674644e-02
0.000000000000000000e+00
5.482954545454532536e-01
2.244318181818130142e-01
3.778409090909065071e-01
4.318181818181869858e-01
3.039772727272804786e-01
2.897727272727195214e-01
4.005681818181869858e-01
1.875000000000000000e-01
0.000000000000000000e+00
4.062500000000000000e-01
3.750000000000000000e-01
0.000000000000000000e+00
3.238636363636402393e-01
2.301136363636402393e-01
3.693181818181727749e-01
4.232954545454532536e-01
0.000000000000000000e+00
4.431818181818272251e-01
3.892045454545467464e-01
0.000000000000000000e+00
5.340909090909065071e-01
3.125000000000000000e-01
4.857954545454532536e-01
1.903409090909065071e-01
3.380681818181869858e-01
3.778409090909065071e-01
2.215909090909065071e-01
1.931818181818130142e-01
7.954545454545325356e-02
4.005681818181869858e-01
7.670454545454674644e-02
1.022727272727337322e-01
8.238636363635976068e-02
0.000000000000000000e+00
7.585227272727195214e-01
4.943181818181869858e-01
1.590909090909065071e-01
4.829545454545467464e-01
1.420454545454532536e-01
2.642045454545467464e-01
2.755681818181869858e-01
2.443181818181727749e-01
2.613636363636402393e-01
3.977272727273373221e-02
1.363636363636260285e-01
8.238636363637397153e-02
0.000000000000000000e+00
1.704545454545467464e-01
4.659090909090934929e-01
3.380681818181727749e-01
1.676136363636402393e-01
6.420454545454532536e-01
1.704545454545467464e-01
0.000000000000000000e+00
6.221590909090934929e-01
4.772727272727337322e-01
1.960227272727195214e-01
4.289772727272804786e-01
2.642045454545467464e-01
2.869318181818130142e-01
1.931818181818130142e-01
1.619318181818272251e-01
2.329545454545467464e-01
1.988636363635976068e-02
1.392045454545467464e-01
2.017045454545467464e-01
6.250000000000000000e-02
1.448863636363597607e-01
2.556818181818698577e-02
0.000000000000000000e+00
0.000000000000000000e+00
2.556818181818130142e-01
7.386363636364023932e-02
6.761363636363597607e-01
2.045454545454532536e-01
3.494318181818130142e-01
3.096590909090934929e-01
1.818181818181869858e-01
8.806818181818698577e-02
0.000000000000000000e+00
3.380681818181727749e-01
6.136363636363739715e-01
4.005681818181727749e-01
3.039772727272804786e-01
2.585227272727195214e-01
1.875000000000000000e-01
2.897727272727337322e-01
1.931818181818130142e-01
2.784090909090934929e-01
2.159090909090934929e-01
7.954545454545325356e-02
6.534090909090650712e-02
0.000000000000000000e+00
3.011363636363597607e-01
4.517045454545467464e-01
4.147727272727337322e-01
3.721590909090934929e-01
1.534090909090792820e-01
3.892045454545467464e-01
1.250000000000000000e-01
3.267045454545467464e-01
5.965909090909349288e-02
0.000000000000000000e+00
3.522727272727337322e-01
2.471590909090934929e-01
0.000000000000000000e+00
3.039772727272804786e-01
4.659090909090934929e-01
4.062500000000000000e-01
1.647727272727195214e-01
4.517045454545467464e-01
2.443181818181869858e-01
4.318181818181727749e-01
1.619318181818272251e-01
1.420454545454532536e-01
2.897727272727195214e-01
9.943181818182722509e-02
1.193181818181727749e-01
8.806818181818698577e-02
1.107954545454532536e-01
3.352272727272662678e-01
3.323863636363597607e-01
0.000000000000000000e+00
6.704545454545467464e-01
4.204545454545467464e-01
4.204545454545325356e-01
1.136363636363739715e-01
4.573863636363597607e-01
2.812500000000000000e-01
2.159090909090934929e-01
1.931818181818130142e-01
3.068181818181869858e-01
1.164772727272662678e-01
5.681818181818698577e-02
9.090909090909349288e-02
1.221590909090934929e-01
3.522727272727195214e-01
3.267045454545467464e-01
5.170454545454532536e-01
4.715909090909207180e-01
2.215909090909065071e-01
1.988636363636402393e-01
7.954545454545325356e-02
0.000000000000000000e+00
1.903409090909065071e-01
3.153409090909065071e-01
9.431818181818272251e-01
5.965909090909349288e-02
2.840909090909065071e-01
4.488636363636402393e-01
2.585227272727195214e-01
1.619318181818130142e-01
3.693181818182722509e-02
1.875000000000000000e-01
2.670454545454532536e-01
8.522727272726626779e-02
1.335227272727337322e-01
5.965909090909349288e-02
1.420454545454674644e-02
1.164772727272662678e-01
4.232954545454532536e-01
3.750000000000000000e-01
2.244318181818272251e-01
5.340909090909065071e-01
2.670454545454532536e-01
2.528409090909065071e-01
0.000000000000000000e+00
2.301136363636402393e-01
3.664772727272804786e-01
5.056818181818130142e-01
2.301136363636402393e-01
0.000000000000000000e+00
1.676136363636260285e-01
7.386363636363739715e-01
5.795454545454532536e-01
3.721590909090934929e-01
3.153409090909065071e-01
1.420454545454532536e-01
2.840909090909065071e-01
2.187500000000000000e-01
1.562500000000000000e-01
1.420454545454532536e-01
1.051136363636402393e-01
1.164772727272662678e-01
1.164772727272804786e-01
5.340909090909065071e-01
1.448863636363597607e-01
6.250000000000000000e-01
2.670454545454532536e-01
2.613636363636402393e-01
2.130681818181869858e-01
3.181818181818130142e-01
1.846590909090934929e-01
1.903409090909065071e-01
1.647727272727337322e-01
1.647727272727195214e-01
0.000000000000000000e+00
0.000000000000000000e+00
1.988636363636402393e-01
6.136363636363597607e-01
2.869318181818272251e-01
3.039772727272662678e-01
4.886363636363597607e-01
2.585227272727337322e-01
1.704545454545467464e-01
1.136363636363597607e-01
2.443181818181869858e-01
0.000000000000000000e+00
4.659090909090934929e-01
2.443181818181869858e-01
1.420454545454532536e-01
0.000000000000000000e+00
2.215909090909065071e-01
5.653409090909065071e-01
4.232954545454532536e-01
2.130681818181869858e-01
2.471590909090792820e-01
2.187500000000000000e-01
3.693181818181869858e-01
1.107954545454532536e-01
3.295454545454532536e-01
1.363636363636402393e-01
1.164772727272662678e-01
1.363636363636402393e-01
9.659090909090650712e-02
1.193181818181869858e-01
0.000000000000000000e+00
3.522727272727195214e-01
5.170454545454532536e-01
3.153409090909207180e-01
3.551136363636260285e-01
1.789772727272804786e-01
2.301136363636260285e-01
3.607954545454674644e-01
0.000000000000000000e+00
6.534090909090934929e-01
2.017045454545467464e-01
3.977272727272662678e-01
2.613636363636402393e-01
4.488636363636402393e-01
1.562500000000000000e-01
0.000000000000000000e+00
1.960227272727337322e-01
3.039772727272662678e-01
0.000000000000000000e+00
6.789772727272804786e-01
2.357954545454532536e-01
2.244318181818130142e-01
4.886363636363597607e-01
2.556818181818272251e-01
3.863636363636402393e-01
1.505681818181727749e-01
1.931818181818272251e-01
0.000000000000000000e+00
3.664772727272804786e-01
5.568181818181869858e-01
1.818181818181727749e-01
3.437500000000000000e-01
3.664772727272804786e-01
1.818181818181727749e-01
2.187500000000000000e-01
9.375000000000000000e-02
2.244318181818272251e-01
3.380681818181727749e-01
1.335227272727337322e-01
0.000000000000000000e+00
3.806818181818130142e-01
5.142045454545467464e-01
1.875000000000000000e-01
1.960227272727195214e-01
3.153409090909207180e-01
0.000000000000000000e+00
2.642045454545467464e-01
5.085227272727195214e-01
2.698863636363739715e-01
4.005681818181727749e-01
2.272727272727337322e-01
1.221590909090934929e-01
2.329545454545467464e-01
2.982954545454532536e-01
2.130681818181727749e-01
8.806818181818698577e-02
1.363636363636402393e-01
0.000000000000000000e+00
5.625000000000000000e-01
3.579545454545467464e-01
2.272727272727337322e-01
2.812500000000000000e-01
6.960227272727195214e-01
1.420454545454532536e-01
1.335227272727337322e-01
6.250000000000000000e-02
2.698863636363597607e-01
1.988636363636402393e-01
1.107954545454532536e-01
4.261363636364023932e-02
1.761363636363597607e-01
1.051136363636402393e-01
3.977272727271952135e-02
3.437500000000000000e-01
5.511363636363739715e-01
2.386363636363597607e-01
0.000000000000000000e+00
2.812500000000000000e-01
0.000000000000000000e+00
3.664772727272662678e-01
5.397727272727337322e-01
2.926136363636260285e-01
3.664772727272804786e-01
2.017045454545467464e-01
2.386363636363597607e-01
4.005681818181869858e-01
1.051136363636260285e-01
1.732954545454674644e-01
1.647727272727195214e-01
1.960227272727337322e-01
5.397727272726626779e-02
0.000000000000000000e+00
5.539772727272662678e-01
1.988636363636402393e-01
4.346590909090934929e-01
2.698863636363597607e-01
4.090909090909065071e-01
1.761363636363739715e-01
3.068181818181727749e-01
1.477272727272804786e-01
0.000000000000000000e+00
5.823863636363739715e-01
3.295454545454532536e-01
3.181818181818130142e-01
4.147727272727337322e-01
2.414772727272662678e-01
1.363636363636402393e-01
3.267045454545467464e-01
3.380681818181727749e-01
1.079545454545467464e-01
0.000000000000000000e+00
2.954545454545467464e-01
5.255681818181869858e-01
1.875000000000000000e-01
4.573863636363597607e-01
2.755681818181869858e-01
2.102272727272662678e-01
2.500000000000000000e-01
1.534090909090934929e-01
3.522727272727337322e-01
1.875000000000000000e-01
1.051136363636260285e-01
5.397727272728047865e-02
0.000000000000000000e+00
3.352272727272662678e-01
4.403409090909065071e-01
3.551136363636402393e-01
2.272727272727337322e-01
3.778409090909065071e-01
2.301136363636260285e-01
1.505681818181869858e-01
4.431818181818130142e-01
0.000000000000000000e+00
5.653409090909065071e-01
1.477272727272662678e-01
4.261363636363739715e-01
3.892045454545467464e-01
1.704545454545467464e-01
0.000000000000000000e+00
5.681818181818130142e-01
1.960227272727337322e-01
3.806818181818130142e-01
4.488636363636402393e-01
4.488636363636402393e-01
9.375000000000000000e-02
3.323863636363597607e-01
2.642045454545467464e-01
1.363636363636402393e-01
1.704545454545467464e-01
8.522727272726626779e-02
5.113636363635976068e-02
1.079545454545467464e-01
2.840909090909349288e-02
1.079545454545467464e-01
0.000000000000000000e+00
3.636363636363597607e-01
4.772727272727195214e-01
4.176136363636402393e-01
3.750000000000000000e-01
2.698863636363597607e-01
2.357954545454532536e-01
2.556818181818272251e-01
1.704545454545467464e-01
1.534090909090934929e-01
0.000000000000000000e+00
2.215909090909065071e-01
5.369318181818272251e-01
0.000000000000000000e+00
3.778409090909065071e-01
3.693181818181727749e-01
2.443181818181869858e-01
3.295454545454532536e-01
3.125000000000000000e-01
3.579545454545467464e-01
8.522727272728047865e-02
1.704545454545325356e-01
0.000000000000000000e+00
4.630681818181727749e-01
4.857954545454674644e-01
1.960227272727195214e-01
3.295454545454532536e-01
2.500000000000000000e-01
3.664772727272804786e-01
1.818181818181727749e-01
1.051136363636402393e-01
3.323863636363597607e-01
0.000000000000000000e+00
4.005681818181869858e-01
2.755681818181727749e-01
0.000000000000000000e+00
4.573863636363597607e-01
1.164772727272804786e-01
3.693181818181727749e-01
4.460227272727337322e-01
1.534090909090934929e-01
0.000000000000000000e+00
4.346590909090934929e-01
2.982954545454532536e-01
4.460227272727337322e-01
2.556818181818130142e-01
0.000000000000000000e+00
3.664772727272662678e-01
2.784090909090934929e-01
2.187500000000000000e-01
3.920454545454532536e-01
3.011363636363597607e-01
2.500000000000000000e-01
2.528409090909065071e-01
1.505681818181869858e-01
0.000000000000000000e+00
3.238636363636402393e-01
1.903409090909065071e-01
7.244318181818130142e-01
1.505681818181869858e-01
5.198863636363597607e-01
1.164772727272662678e-01
2.045454545454674644e-01
1.392045454545325356e-01
1.477272727272804786e-01
2.755681818181869858e-01
9.659090909090650712e-02
1.534090909090934929e-01
1.051136363636260285e-01
9.090909090909349288e-02
7.670454545454674644e-02
6.193181818181869858e-01
0.000000000000000000e+00
5.028409090909065071e-01
1.732954545454532536e-01
3.096590909090934929e-01
3.664772727272662678e-01
6.392045454545467464e-01
2.698863636363597607e-01
6.534090909092071797e-02
1.818181818181727749e-01
1.903409090909065071e-01
0.000000000000000000e+00
2.301136363636402393e-01
5.454545454545467464e-01
2.500000000000000000e-01
4.659090909090792820e-01
1.534090909090934929e-01
0.000000000000000000e+00
4.147727272727337322e-01
3.465909090909065071e-01
3.096590909090934929e-01
2.443181818181727749e-01
5.454545454545467464e-01
2.670454545454532536e-01
1.903409090909065071e-01
1.590909090909207180e-01
9.375000000000000000e-02
2.698863636363597607e-01
1.704545454545467464e-01
1.477272727272662678e-01
5.397727272728047865e-02
1.079545454545467464e-01
3.409090909090934929e-01
3.522727272727337322e-01
5.056818181818130142e-01
2.926136363636402393e-01
2.613636363636402393e-01
3.465909090909065071e-01
1.704545454545467464e-01
1.079545454545467464e-01
1.477272727272662678e-01
2.073863636363597607e-01
1.107954545454532536e-01
1.079545454545467464e-01
1.988636363636402393e-01
0.000000000000000000e+00
1.051136363636260285e-01
4.176136363636402393e-01
3.750000000000000000e-01
0.000000000000000000e+00
0.000000000000000000e+00
6.676136363636402393e-01
0.000000000000000000e+00
7.500000000000000000e-01
3.977272727272804786e-01
4.346590909090792820e-01
1.818181818181869858e-01
3.380681818181869858e-01
3.465909090909065071e-01
1.363636363636402393e-01
1.619318181818130142e-01
5.113636363635976068e-02
2.159090909090934929e-01
1.079545454545467464e-01
1.107954545454532536e-01
4.261363636364023932e-02
3.522727272727195214e-01
5.113636363636402393e-01
2.897727272727337322e-01
5.454545454545325356e-01
1.590909090909207180e-01
2.556818181818130142e-01
2.528409090909065071e-01
9.659090909090650712e-02
1.534090909090934929e-01
2.840909090909065071e-01
2.357954545454532536e-01
9.375000000000000000e-02
1.420454545454674644e-02
3.977272727273373221e-02
1.136363636363597607e-01
1.014204545454546746e+00
2.159090909090934929e-01
2.102272727272662678e-01
2.926136363636402393e-01
3.096590909090934929e-01
3.153409090909065071e-01
2.556818181818130142e-01
9.659090909092071797e-02
0.000000000000000000e+00
0.000000000000000000e+00
4.772727272727195214e-01
1.846590909090934929e-01
4.119318181818130142e-01
1.875000000000000000e-01
2.698863636363739715e-01
0.000000000000000000e+00
2.698863636363739715e-01
0.000000000000000000e+00
4.573863636363597607e-01
1.221590909090934929e-01
3.409090909090934929e-01
1.505681818181727749e-01
4.204545454545467464e-01
0.000000000000000000e+00
3.125000000000000000e-01
2.784090909090934929e-01
5.539772727272804786e-01
2.471590909090934929e-01
3.039772727272662678e-01
2.357954545454532536e-01
1.221590909090934929e-01
2.130681818181869858e-01
2.414772727272662678e-01
0.000000000000000000e+00
2.414772727272662678e-01
6.988636363636402393e-01
1.761363636363597607e-01
4.488636363636402393e-01
1.590909090909065071e-01
2.471590909090934929e-01
2.329545454545467464e-01
1.647727272727195214e-01
1.647727272727337322e-01
2.215909090909065071e-01
1.903409090909065071e-01
5.681818181818698577e-02
1.193181818181869858e-01
8.806818181817277491e-02
4.261363636364023932e-02
0.000000000000000000e+00
5.056818181818130142e-01
3.437500000000000000e-01
3.011363636363739715e-01
3.096590909090792820e-01
4.034090909090934929e-01
1.988636363636402393e-01
1.505681818181869858e-01
1.789772727272662678e-01
1.732954545454532536e-01
7.102272727273373221e-02
1.164772727272662678e-01
1.647727272727337322e-01
9.659090909090650712e-02
1.562500000000000000e-01
7.386363636364023932e-02
2.642045454545467464e-01
4.659090909090934929e-01
2.727272727272662678e-01
3.409090909090934929e-01
6.250000000000000000e-02
4.517045454545467464e-01
2.244318181818130142e-01
1.051136363636402393e-01
1.534090909090934929e-01
3.323863636363597607e-01
1.392045454545467464e-01
7.386363636364023932e-02
6.250000000000000000e-02
1.221590909090934929e-01
1.164772727272662678e-01
6.818181818181301423e-02
2.982954545454532536e-01
4.204545454545467464e-01
4.829545454545325356e-02
0.000000000000000000e+00
9.090909090909349288e-02
3.607954545454532536e-01
6.051136363636402393e-01
2.244318181818130142e-01
0.000000000000000000e+00
5.028409090909207180e-01
1.676136363636260285e-01
3.210227272727337322e-01
3.039772727272662678e-01
2.130681818181869858e-01
1.704545454545467464e-01
2.528409090909065071e-01
2.670454545454532536e-01
0.000000000000000000e+00
4.232954545454532536e-01
2.926136363636402393e-01
3.437500000000000000e-01
2.301136363636260285e-01
2.272727272727337322e-01
4.488636363636402393e-01
9.659090909090650712e-02
2.329545454545467464e-01
1.647727272727195214e-01
1.022727272727337322e-01
6.534090909090650712e-02
0.000000000000000000e+00
2.073863636363597607e-01
8.920454545454532536e-01
1.420454545454674644e-01
2.784090909090792820e-01
3.806818181818272251e-01
1.732954545454532536e-01
1.931818181818130142e-01
1.448863636363597607e-01
2.840909090909207180e-01
3.693181818181301423e-02
1.335227272727337322e-01
8.806818181817277491e-02
8.806818181818698577e-02
7.102272727271952135e-02
1.221590909090934929e-01
3.125000000000000000e-01
4.772727272727337322e-01
1.931818181818130142e-01
6.448863636363597607e-01
2.840909090909065071e-01
3.039772727272804786e-01
9.943181818181301423e-02
1.704545454545467464e-01
2.301136363636402393e-01
5.681818181818698577e-02
1.392045454545325356e-01
9.375000000000000000e-02
1.846590909090934929e-01
3.295454545454532536e-01
5.000000000000000000e-01
3.636363636363597607e-01
0.000000000000000000e+00
5.454545454545467464e-01
1.846590909090934929e-01
3.323863636363597607e-01
1.619318181818130142e-01
4.602272727272804786e-01
2.926136363636402393e-01
1.562500000000000000e-01
1.732954545454532536e-01
2.613636363636260285e-01
7.670454545454674644e-02
0.000000000000000000e+00
1.988636363636402393e-01
2.556818181818130142e-01
3.977272727272804786e-01
3.267045454545467464e-01
1.590909090909065071e-01
3.750000000000000000e-01
1.335227272727195214e-01
0.000000000000000000e+00
5.397727272727195214e-01
2.215909090909065071e-01
1.647727272727337322e-01
4.346590909090934929e-01
9.943181818181301423e-02
1.477272727272804786e-01
4.062500000000000000e-01
2.727272727272662678e-01
7.670454545454674644e-02
1.193181818181869858e-01
0.000000000000000000e+00
4.460227272727195214e-01
3.806818181818272251e-01
1.676136363636260285e-01
4.659090909090934929e-01
1.931818181818130142e-01
2.869318181818272251e-01
3.181818181818130142e-01
1.136363636363597607e-01
1.193181818181869858e-01
7.954545454545325356e-02
1.448863636363597607e-01
1.278409090909207180e-01
1.079545454545467464e-01
0.000000000000000000e+00
2.926136363636402393e-01
3.806818181818130142e-01
4.573863636363597607e-01
2.187500000000000000e-01
3.380681818181869858e-01
2.301136363636402393e-01
2.272727272727195214e-01
2.130681818181869858e-01
1.931818181818130142e-01
1.079545454545467464e-01
1.505681818181869858e-01
0.000000000000000000e+00
6.477272727272662678e-01
2.130681818181869858e-01
6.534090909090650712e-02
3.011363636363597607e-01
2.244318181818272251e-01
3.039772727272662678e-01
2.215909090909065071e-01
0.000000000000000000e+00
1.392045454545467464e-01
6.676136363636402393e-01
2.784090909090934929e-01
4.772727272727195214e-01
3.181818181818272251e-01
2.698863636363597607e-01
1.647727272727195214e-01
1.221590909090934929e-01
8.238636363637397153e-02
1.335227272727195214e-01
1.051136363636402393e-01
9.943181818181301423e-02
5.681818181818698577e-02
3.664772727272662678e-01
2.102272727272804786e-01
2.642045454545467464e-01
2.698863636363597607e-01
1.590909090909065071e-01
3.579545454545467464e-01
0.000000000000000000e+00
2.357954545454674644e-01
3.778409090909065071e-01
1.732954545454532536e-01
3.465909090909065071e-01
1.988636363636402393e-01
3.977272727272662678e-01
2.187500000000000000e-01
1.590909090909065071e-01
0.000000000000000000e+00
