4.088910621341276114e-02
1.720483642477525429e-02
1.491071385833252563e-02
1.670142483198669772e-02
1.429544465728705728e-02
1.270002240778287002e-02
1.259978422072809655e-02
1.704762708477468997e-02
1.854856429642886759e-02
1.285209887936804816e-02
1.500913870249155624e-02
2.766078143649786103e-02
1.262616849270175451e-02
1.639959447064673684e-02
1.293901351135986512e-02
1.735540076016578795e-02
1.292423137274454140e-02
2.137343541922382892e-02
1.390892901041470078e-02
2.500027803900480711e-02
1.211850814980129296e-02
1.993205002902371376e-02
1.440487761321008336e-02
2.952652153200032228e-02
2.155460391944795384e-02
2.674402135385079565e-02
1.586079467416983899e-02
1.861028344945923202e-02
2.051875354187993050e-02
1.140823055848740747e-02
1.251778758710188691e-02
2.100762466451979935e-02
9.755981852536682250e-03
