3.390900039921948637e-03
3.077280383364696271e-03
2.553737190413844782e-03
2.488648570394895801e-03
2.620642058533869008e-03
2.589099436738794089e-03
2.801869726349881518e-03
2.521695216116207408e-03
2.445350904431372024e-03
1.959034824205881185e-03
2.044411963810333945e-03
2.151378764386450634e-03
2.177783162126275922e-03
2.780996288851408059e-03
2.107175146732022993e-03
2.216185876823536811e-03
2.858290222101512405e-03
1.902138399011510297e-03
2.448288659728632688e-03
2.271066533916130462e-03
3.234796642377410665e-03
2.346601131794000001e-03
3.043911788169890737e-03
2.375831713572021473e-03
2.248338788103158153e-03
2.600017666525348842e-03
2.518134916130792319e-03
2.464839169398008560e-03
3.302497990898399082e-03
2.646705466844920425e-03
2.550429902485989477e-03
2.547218280795601579e-03
2.583311617682840667e-03
3.069859673903556092e-03
3.038901633151163979e-03
2.745609351832274669e-03
2.478903184575267146e-03
2.568030476589632568e-03
2.529785145015900436e-03
2.599708425141239107e-03
3.361683673244041104e-03
2.496627503592436376e-03
2.963927533749295511e-03
2.593379849497390657e-03
4.149275026381338966e-03
2.843526093948772673e-03
2.197652597492137389e-03
2.636124835101275564e-03
2.772356190209437736e-03
2.761071360451703566e-03
3.174204877181065546e-03
3.114157518126195803e-03
4.782026478991741221e-03
3.328841628243615902e-03
3.438300041811025599e-03
3.513501262016301054e-03
2.815710329003102454e-03
3.011149882679901683e-03
3.303628016998764235e-03
3.015730026250597936e-03
2.881394683051981091e-03
2.942367303543900071e-03
2.579114019662239691e-03
4.028907218885587581e-03
2.639808748384797708e-03
3.521885810070624068e-03
2.593314128350873542e-03
3.996244091777686504e-03
3.907345749771751198e-03
3.683228128026367915e-03
3.423546717918293358e-03
4.690282697450256881e-03
3.205556111962085033e-03
3.534626460215752573e-03
2.882524445731283937e-03
3.472291551967454128e-03
3.467341673315430407e-03
2.985346801523067802e-03
3.914984899941601967e-03
3.708308072461428354e-03
3.868223520821510112e-03
3.776919750911982444e-03
4.095044636079264722e-03
2.704773803577524127e-03
3.759126483140703447e-03
3.247701892348249953e-03
3.016583710802468732e-03
2.779614044680669450e-03
3.346622479077781837e-03
4.646429053994790941e-03
3.064962688681809998e-03
3.485593981337926223e-03
3.637378144537424269e-03
5.256629586833388816e-03
2.741343873105658770e-03
3.926182309094047515e-03
4.105041125357257806e-03
3.882824081481242758e-03
3.796041903222844172e-03
4.555652032546199555e-03
