3.699089911555396293e-02
3.068067384826166782e-02
3.409217814248339390e-02
2.384992709556637072e-02
2.800431441152023693e-02
3.337498092888012413e-02
3.183160777423704041e-02
2.756802246675943771e-02
2.852841161383172855e-02
3.362930005323670757e-02
3.454089260422730373e-02
2.105931839820038634e-02
2.718127926829847288e-02
2.859267475126116634e-02
2.785199397682571257e-02
3.312964295549916671e-02
2.542461426548409814e-02
2.641384947413117149e-02
2.539513121385333916e-02
2.310212948020934007e-02
3.194561649845208823e-02
2.910141504778265831e-02
2.662852206239843880e-02
2.917192460902489834e-02
2.801801856220057646e-02
3.444573923024340373e-02
2.928487487477993839e-02
3.138315253424441703e-02
3.293767585097794742e-02
3.818342889305976345e-02
5.772993289103127423e-02
1.493456974621956146e-01
2.250109890894433640e-01
