1.809291863644578446e-02
9.684492199302768140e-03
1.182790904765652733e-02
1.350254652976429215e-02
9.347028553043127200e-03
9.167805228811639132e-03
8.570946014352993914e-03
9.986131104760702371e-03
7.448585179504248026e-03
9.029219123342435011e-03
9.461797093034761408e-03
9.252409696151965568e-03
7.484133000745235055e-03
1.116727177882189878e-02
8.126483115173461363e-03
1.019206603703875884e-02
8.549521483715563294e-03
8.523269305903372062e-03
8.866942354545629887e-03
8.127297384233457891e-03
8.045819857490713045e-03
8.515996625606521084e-03
1.100814526130145486e-02
1.482498556123718406e-02
1.071461830949288138e-02
8.836656226881239515e-03
1.136933611119415703e-02
2.184304319666375074e-02
1.503827575703819801e-02
1.184681866064429996e-02
1.299520539089607345e-02
2.039341715996993015e-02
1.156125472994975513e-02
