3.747454279384504483e-02
1.543983095077579651e-02
1.389274578744453467e-02
1.675992936903987138e-02
1.268582856321778633e-02
1.241605208271877141e-02
1.299719190869883835e-02
1.309647713893277721e-02
1.456993274222714158e-02
1.254539230161481889e-02
1.697269939535519384e-02
1.924234976908288652e-02
1.359333093550295878e-02
3.299855004349413340e-02
1.409726790152979713e-02
1.480457628145170901e-02
1.279387055139546980e-02
2.211634451221639389e-02
1.401155810037198537e-02
3.028247566864671059e-02
1.265693438623910309e-02
2.108896665091045466e-02
1.423850988270355424e-02
3.524436855531939278e-02
2.226281807640729735e-02
2.434057781990066338e-02
1.611740191968579622e-02
2.020513483465343277e-02
2.576085192227145493e-02
1.150986059892246741e-02
1.201217028297770634e-02
2.070990913954192866e-02
8.160045711597792295e-03
