3.287927579074517936e+00
3.054124641204614132e+00
3.012967207356807453e+00
2.187746152964183732e+00
2.141561800942299865e+00
2.514394348763080878e+00
2.528645882219769714e+00
2.546136924221032771e+00
2.018980853336060033e+00
1.347573136892796786e+00
2.439234368692897004e+00
2.191358640770135313e+00
2.212571653531449467e+00
2.893365420220177509e+00
2.584140935150243124e+00
2.121349479547450567e+00
2.903435663429736913e+00
1.998930728380962973e+00
3.211194367989746112e+00
2.578938949047636875e+00
3.296042841281438651e+00
2.109061869627176566e+00
3.796926205782504837e+00
2.083150777569885648e+00
2.302838048727937181e+00
2.732491955980896670e+00
2.739760542067768423e+00
2.288137576107812876e+00
4.363541603371976052e+00
3.522372780789280178e+00
2.889404638789219160e+00
4.209319773456411617e+00
3.102757032002442461e+00
3.482149945909931432e+00
2.738040330250889554e+00
4.599929300491155004e+00
2.813489764840141127e+00
2.417861790909284547e+00
2.875914886780693625e+00
3.115165786843317353e+00
5.050024722165161961e+00
2.231177568732769512e+00
3.590731257147099953e+00
2.926785620354752204e+00
4.122575211181339405e+00
3.057050366566494315e+00
2.299234658837015832e+00
2.809841574778682904e+00
2.641869148542727253e+00
3.463533404728613263e+00
3.322496534757003239e+00
3.761722479861521418e+00
5.263251521206710137e+00
3.641288268567587583e+00
3.332991817828193870e+00
4.499110539843756307e+00
4.052395562972144205e+00
3.008723320734655537e+00
3.885285959617154283e+00
2.424738712880710967e+00
2.425405098477311228e+00
3.485384211362072993e+00
2.264424091058141908e+00
4.404524057754382049e+00
2.986773718369497121e+00
4.867819702586718478e+00
2.932829435595311729e+00
4.911991166089425320e+00
3.348527063466955500e+00
5.069560888598182657e+00
3.975955177947430030e+00
6.142600245548853088e+00
3.448562581728995546e+00
4.025983049153744275e+00
2.985554168289394017e+00
3.457312895872482361e+00
3.007598322600820051e+00
4.264249755121034546e+00
4.869178863161977233e+00
4.662838332043415690e+00
4.375981005886617758e+00
3.877868592127429181e+00
4.251460608952369213e+00
2.660672667457446572e+00
3.755443903947957907e+00
3.665721355432976392e+00
4.252904696654189465e+00
2.763778132938288667e+00
3.938965557174795240e+00
5.246914027860650975e+00
3.590869424009194955e+00
3.881758318971548771e+00
3.751802133570089293e+00
5.786349766301735364e+00
2.309338264844344568e+00
4.731542627668366308e+00
4.825807130676133205e+00
3.639266698159028923e+00
3.982036391289940802e+00
3.870656758182310586e+00
