1.166083238145292772e-01
6.087309038080815360e-02
7.058416566859566921e-02
5.895224802255154967e-02
6.396295037418017748e-02
5.329357175209690350e-02
5.885286123668934805e-02
4.556578289148011107e-02
4.223305228935011341e-02
3.350398724368892911e-02
3.536103192504341797e-02
3.354325889411836209e-02
3.303500174578447718e-02
3.485198197344401699e-02
3.277292143389743534e-02
3.127989094183669661e-02
2.903708531658541828e-02
2.936198862864437126e-02
2.799510962317290283e-02
3.083061194917240816e-02
2.662497930279760644e-02
3.065161195414347825e-02
2.553807026653310067e-02
2.309428070862810933e-02
2.859082350082954235e-02
3.084417984253513823e-02
3.998582558683699134e-02
4.829030871511110629e-02
4.476351074712746347e-02
6.825938963787664404e-02
9.085340694298221775e-02
1.646773559559101541e-01
2.263321410434340208e-01
