5.583518953828910114e-02
2.327385199800559995e-02
2.934306308287401577e-02
1.552755524436635545e-02
1.235163658151167305e-02
1.944330057257895317e-02
2.620129649490288842e-02
1.184922908812160655e-02
1.140143915274311782e-02
8.906955413413969111e-03
1.205282743354295014e-02
9.304497859348802302e-03
9.490444155895489883e-03
1.029893195235683130e-02
9.083261904258030026e-03
1.237761602068198317e-02
1.101608180199709422e-02
9.222736599662439971e-03
7.812486517351362701e-03
1.164179509258188479e-02
1.045076090249469521e-02
9.114018654523478591e-03
1.127523641807494890e-02
9.865971355349299754e-03
8.542484572358911496e-03
1.450902546440707708e-02
1.571788247987905562e-02
9.926639629629478018e-03
1.072369699406455594e-02
1.296370725287669494e-02
2.010168268529633970e-02
1.373822520147159089e-02
1.252116298431613962e-02
