8.825888556165394083e-02
5.566045143589967020e-02
4.376961566988577662e-02
5.563384405984501957e-02
6.293933811443362669e-02
7.742052835741486394e-02
7.008712906075843796e-02
7.018182444333866121e-02
2.653169678464742040e-02
1.913148254230219447e-02
1.729570209841263528e-02
2.150453687993201038e-02
2.096706219577757976e-02
1.544854578109630325e-02
1.438130704485465934e-02
1.321480351135621498e-02
1.664915011181596419e-02
1.807280300523361055e-02
1.347221846363828336e-02
1.573091146613861055e-02
1.659983841820402914e-02
1.592771057678995031e-02
1.559678838721472761e-02
1.663895079320485207e-02
1.539692817123772262e-02
2.170698635853475500e-02
2.790844765350832327e-02
1.824108800016763579e-02
1.244268621504348790e-02
2.409195280687691926e-02
1.256854360159202939e-02
6.472760770165992758e-03
1.309050972683229938e-02
