6.947365691653220425e-03 6.613302968595134376e-03 6.258596105223643985e-03 7.321289694607473024e-03 9.063065381268527523e-03 5.619721923624557310e-03 4.985525617723568677e-03 6.306214449497107161e-03 6.732922569654881118e-03 5.505778559372896327e-03 5.191781018228568308e-03 6.291281084736755069e-03 6.014703615657622689e-03 5.871034712687520779e-03 7.042949602295366096e-03 6.943684035303947580e-03 6.237649816368437752e-03 6.745805366721380376e-03 7.596886704173686986e-03 6.118284653687446062e-03 5.998963342972962048e-03 6.139440696550001186e-03
7.275293391678719357e-03 6.305754456441382307e-03 5.527619336013348331e-03 5.871638573226771809e-03 7.007410607391800425e-03 6.494254911432003306e-03 7.037597536044801032e-03 6.951399466373402170e-03 8.536235407883768084e-03 6.511341263083453811e-03 5.788718612896857386e-03 7.096492144685392391e-03 5.698823745114901633e-03 5.144923429947692931e-03 5.754176095002454423e-03 7.021468706759157602e-03 7.251236204161497917e-03 8.317124730974489663e-03 1.208977465985730006e-02 7.284040418967106106e-03 6.689469422755743577e-03 6.657423876791632340e-03
8.183299284485506114e-03 6.383403890131346403e-03 5.629338243651358861e-03 6.386335303646645083e-03 8.457022316482138910e-03 6.322527080377035417e-03 5.706636626054116708e-03 6.717776396665751416e-03 6.915254948529147606e-03 5.513880050670655689e-03 4.622851855452598385e-03 5.354865792103462134e-03 4.897626198224451152e-03 5.172707672269634405e-03 5.815735889401189677e-03 6.705943446315270999e-03 6.672954884402567712e-03 6.682335979824114390e-03 7.427351465838021374e-03 6.021237854163096620e-03 5.451579543093131031e-03 6.747456310716135747e-03
7.535779466414570422e-03 6.884077894908774420e-03 7.089447259581901570e-03 6.657360928398747824e-03 6.253111648132881131e-03 5.407147250166438081e-03 5.034590424713427867e-03 6.850036455107707048e-03 6.966386129076274601e-03 5.531322414521661762e-03 4.382386016163736416e-03 4.320532750802963395e-03 4.346958219146205248e-03 5.741619087861452378e-03 6.785031987289608102e-03 7.193989175994629053e-03 7.564031731007276986e-03 9.515668709659187013e-03 9.461782366400767544e-03 6.476699960350346813e-03 7.768898208587877649e-03 7.163995093229876335e-03
5.872016362534425091e-03 5.385540486585762426e-03 5.427565780537151920e-03 6.161548919217617153e-03 7.814963868673172748e-03 6.032195660559645789e-03 6.130514529896877347e-03 7.354608448796929633e-03 7.909317704074601482e-03 6.725399589112551237e-03 6.817384189374220416e-03 7.408805103212676331e-03 6.314688976644638151e-03 6.155913025212323385e-03 7.147759715384874660e-03 6.332485638676988576e-03 6.845578851647779808e-03 6.776246861628119206e-03 7.508216366555806390e-03 5.489679454784032395e-03 4.832412746849037814e-03 5.709420665845785399e-03
8.258156939721338075e-03 7.908496559886610267e-03 7.628174774901166390e-03 7.273170649260776027e-03 6.054370653942557981e-03 6.002522302031986813e-03 6.121533901322684205e-03 6.922360742820169756e-03 7.649117662351795355e-03 7.281499336752290420e-03 5.776349061709980942e-03 5.207728466796653424e-03 4.165685882805370173e-03 4.000672076441330952e-03 4.029636613508418182e-03 4.888526646128450032e-03 4.818356720633088126e-03 5.712823024606811934e-03 6.812141207578082183e-03 5.073566141456073257e-03 5.059916238604176587e-03 6.440556763216240266e-03
5.744074014915295616e-03 5.711367269131567906e-03 6.743307719073769746e-03 6.061491625324847907e-03 5.089066035979263568e-03 5.232156078406452297e-03 5.829479807942400740e-03 1.131167030852990932e-02 9.864145954220504206e-03 6.486483078070360425e-03 5.393660582941751068e-03 5.704220794947050324e-03 5.577233458289455013e-03 5.881047626247191615e-03 6.006737349620592734e-03 5.531428038822104078e-03 6.378352018746477788e-03 6.515623217581791894e-03 9.321006652641598486e-03 6.321083427648475569e-03 4.963369690546358404e-03 5.348618325371357757e-03
7.128988826407521573e-03 7.225393474720729833e-03 7.192937715299756868e-03 7.635513844318977603e-03 7.532770713427630604e-03 6.045372018746970368e-03 5.847169173298501568e-03 6.303398352586832981e-03 7.587625702506080837e-03 5.838091062449066865e-03 5.029167486767373990e-03 5.457135110782375571e-03 5.006314661194013159e-03 5.073010517433937036e-03 6.227679926626587814e-03 6.414630860333498177e-03 7.123789340059782579e-03 7.608849210742947393e-03 7.088302499919279902e-03 5.180385382326946168e-03 6.226265169925366237e-03 6.620037332036926223e-03
6.303016701858118326e-03 5.510838562456162049e-03 6.230767590971202433e-03 7.648480036245674032e-03 7.052667848621737429e-03 6.610589654647125619e-03 6.580105752702588781e-03 9.028374627995876256e-03 9.720143202636604210e-03 7.860663450320775833e-03 5.706397065326568145e-03 6.220684452288393999e-03 5.473736496591453601e-03 5.432518437583770329e-03 6.581296553949068408e-03 8.256107047799485232e-03 9.605804347610607738e-03 6.868749331757774412e-03 6.598179218298193781e-03 4.902511409556092187e-03 4.879279918086715413e-03 4.750413594345367398e-03
7.864327392350474108e-03 7.480060487205475797e-03 6.635872476536076349e-03 7.952480178263571925e-03 9.152843541129530858e-03 9.345803024185419042e-03 1.056510163066115039e-02 8.726773329323219905e-03 1.015213061329216064e-02 6.854884863445448277e-03 4.803524596745474204e-03 4.807100897761181282e-03 4.820794123731207345e-03 5.794412834907386803e-03 5.099373483257622214e-03 4.788100283473331609e-03 5.510829298844039000e-03 6.117678133665144583e-03 7.155676384917127389e-03 6.073446076061353102e-03 6.618728760523255421e-03 6.849689986453227214e-03
7.286964599721301207e-03 5.484832598700700376e-03 5.902324608637619062e-03 6.848893559543509611e-03 8.256371756522801197e-03 6.339978374453789610e-03 6.273872541868280930e-03 7.852043697845657519e-03 1.031057948069576992e-02 9.620379158005920930e-03 6.389266305134213252e-03 5.787543044144571706e-03 5.063969326664516379e-03 5.377975596422364737e-03 6.138089200815021081e-03 5.646849486988543033e-03 6.184366764138996171e-03 6.472862486623871640e-03 5.792586675093294377e-03 4.156206506667475299e-03 4.289775275625564918e-03 5.270296857418073876e-03
6.994454041690702749e-03 7.239633534890961043e-03 7.421060339523208316e-03 8.400466588960105174e-03 7.559956089664062254e-03 7.330405401766933865e-03 8.301646718498659205e-03 1.062055571008834950e-02 1.052760600808813965e-02 6.712695921241504382e-03 5.212414457051128130e-03 6.619519194124194941e-03 4.922001489393799424e-03 4.589740393008664814e-03 6.148729821849211429e-03 5.239474137296288095e-03 5.580232316197292382e-03 5.664480082098820313e-03 6.747974836822771133e-03 5.466087274312393662e-03 6.021683729950801089e-03 6.160420161843019674e-03
8.582139384515552125e-03 7.137321569461414078e-03 7.425854409986731158e-03 6.988324931911669979e-03 7.245670410313762196e-03 5.998556396940880713e-03 5.779994470364646642e-03 6.586676368198552886e-03 6.412840219110583356e-03 4.797603898932156254e-03 4.511009901749457075e-03 4.168509486284045946e-03 4.637695923457649597e-03 4.830243513705151023e-03 5.329696054882550847e-03 7.331610865815933395e-03 7.596043832325097972e-03 8.787851460019063810e-03 1.012925675398242999e-02 6.683561842543884676e-03 8.497587040630449548e-03 7.552506050612609219e-03
7.394172356007640973e-03 6.682454829951905810e-03 6.251839953992905860e-03 7.365556439914567113e-03 8.793882206533952528e-03 6.158393118343804228e-03 7.124850885084139072e-03 7.954814396659921211e-03 8.795843343091604843e-03 7.424302549654832745e-03 6.697750579103996238e-03 6.049452834149027930e-03 4.904918698692998721e-03 5.178211019898955152e-03 6.344507486805331387e-03 6.848256483707708051e-03 6.136389651329270806e-03 6.743445798991488244e-03 8.765318055571125200e-03 6.499857626661687329e-03 6.101397370052638429e-03 6.959497339897187905e-03
9.641090076703507858e-03 7.264085537014980214e-03 6.634729568487828660e-03 8.603165983351805657e-03 8.894242555379900175e-03 7.197085254577343348e-03 7.442580641494758210e-03 8.402583956980057625e-03 9.819061200223827557e-03 6.955683401619496171e-03 5.810811145975666378e-03 5.198659548228187245e-03 6.303596938379497222e-03 8.193319248016025375e-03 7.021770580343553690e-03 6.530002350535493022e-03 7.192707252259298092e-03 7.776370580114540937e-03 7.819824428961272278e-03 5.671697767969485597e-03 6.601181572660155643e-03 8.138920590156908594e-03
7.034524860271281627e-03 7.306460381743286152e-03 8.578692456651231327e-03 8.833189806789753032e-03 7.587748936519741159e-03 7.896014585136001962e-03 8.562619436036320378e-03 9.522416143681086687e-03 9.932814341776003211e-03 6.918056713123024726e-03 5.091415054858650785e-03 5.499923400769828226e-03 4.293844306609405186e-03 4.569472498049897101e-03 4.773752447778125373e-03 4.773261313902561927e-03 4.902342828878729179e-03 5.413442715565272914e-03 5.835380664496555257e-03 4.830907576431956590e-03 5.320262760167953839e-03 5.406626245057603863e-03
6.541602972126316605e-03 6.489819421552443096e-03 5.657369871746133379e-03 6.268171942629268377e-03 6.909822740234652580e-03 5.241255014370843276e-03 5.468411980503939604e-03 7.853788353986056181e-03 9.003458312092083721e-03 6.428881353596438593e-03 5.824630602727773852e-03 5.324560777416319571e-03 4.916110271361523107e-03 4.630073091649222240e-03 5.498333423188461917e-03 6.069749109780596223e-03 7.167538467966310008e-03 7.449703420944044606e-03 8.255386523622688585e-03 5.769867055165732797e-03 5.684631502596832961e-03 5.676489341258561180e-03
8.350698710837919925e-03 7.068915443931795238e-03 6.667234999595576632e-03 7.056811823605244408e-03 7.610165380048747145e-03 5.541435829375301013e-03 5.676243331772289416e-03 6.774721472272657655e-03 7.291017422381995162e-03 5.497505390329476826e-03 5.004227134908823676e-03 5.257381780183553385e-03 5.318966241941043213e-03 5.082703585520218295e-03 5.698811735562298378e-03 6.285073884072571622e-03 6.471877366165673315e-03 6.616380819612949389e-03 7.211184243590622323e-03 5.633142534133933968e-03 5.803900054550463830e-03 7.006853469871570858e-03
6.578713731468687625e-03 5.632579783781662373e-03 6.358603237918095813e-03 7.545120869348638862e-03 9.355557851864761479e-03 5.791679372065727284e-03 5.415761929253594918e-03 8.169567285388645850e-03 9.674482563240225166e-03 8.617344182504177441e-03 6.303685897417790097e-03 5.188953858908286997e-03 5.391289486334485334e-03 5.794830626737129155e-03 6.342353816587426377e-03 8.104199228600741933e-03 8.524338932722173162e-03 6.860467282031083684e-03 7.062429403028968114e-03 5.024172045064966875e-03 4.405498515696021355e-03 5.246071597800525815e-03
6.357222036089203721e-03 6.152402564230711156e-03 5.385944652618220030e-03 5.975507535074076754e-03 7.034599221001844316e-03 5.751718937332692648e-03 6.414967554252258390e-03 9.090698006058330408e-03 1.117043981930630064e-02 8.412263962514208646e-03 6.328035467400068385e-03 6.640517632413408394e-03 6.963704713347536671e-03 7.657708054319449162e-03 6.390297673208161604e-03 6.380464581870820377e-03 6.182900595308608686e-03 5.699277633601763926e-03 5.920097224285455692e-03 4.504355890759892747e-03 4.422987979723164327e-03 4.728114349422104373e-03
5.406343913613839182e-03 5.243029937357346869e-03 5.858481279743155308e-03 6.753224120403801024e-03 7.179755064765686208e-03 6.663825427728416011e-03 7.525518274854745872e-03 7.524158239314247647e-03 9.469065520847507952e-03 6.682797080291555392e-03 5.637201849806240672e-03 5.182944478359284568e-03 5.139464881525989196e-03 5.698598943665268354e-03 5.980383325728601783e-03 6.120286131781744327e-03 6.919504407559505174e-03 6.472477157717769318e-03 6.869270792205519303e-03 5.252785203886748029e-03 5.171910977498619423e-03 4.637405638026154304e-03
6.605635772767570746e-03 5.814269874791211205e-03 5.407557703381202577e-03 6.443019595926709371e-03 5.960897396121364600e-03 5.633615626785304017e-03 5.765110489710257961e-03 7.600394162083826295e-03 8.456813117061163371e-03 6.190180493445001861e-03 5.070578498247476328e-03 5.519611210184439953e-03 4.850432440592881631e-03 5.423667119738313953e-03 6.711702079293243792e-03 6.372778406509499623e-03 6.616416711918965583e-03 6.451728704392998247e-03 6.703694450874949848e-03 5.451220663608835094e-03 5.892423690636757784e-03 5.798756262999447270e-03
7.325554694850409596e-03 6.284075965618965941e-03 5.452452395280884406e-03 5.125272238722469037e-03 5.205116975684545393e-03 5.685850575591874616e-03 6.075202816510951766e-03 6.521530170173954130e-03 6.644010963177130608e-03 5.066416627471263985e-03 4.124951050404839122e-03 4.050934914052266127e-03 4.229447497319646296e-03 5.088938963031158606e-03 5.803183748736851118e-03 7.840445221058651992e-03 8.267628056734791300e-03 8.918216228994621519e-03 1.009027689788642018e-02 6.862774423260156395e-03 6.218300576846005380e-03 5.847829293735445390e-03
7.410997971871721886e-03 7.158564854817267391e-03 6.318215164857731922e-03 5.498003856888306409e-03 5.912691500426886862e-03 5.887846318583397041e-03 6.035639829920318861e-03 5.699767722254411341e-03 6.454461984537896400e-03 5.994875490604354221e-03 5.251014615910232566e-03 5.136955198189180685e-03 5.049182821423144930e-03 4.973053614553636995e-03 5.767550199084986971e-03 8.451974196002166873e-03 9.719695647502635261e-03 1.056735340873948999e-02 9.044858867704150956e-03 5.485489071819098922e-03 5.893469278809129568e-03 6.362477373144571728e-03
9.715494773368004919e-03 1.055433885955751015e-02 9.474655687307501073e-03 1.013028878460412938e-02 8.220925027248143432e-03 6.440181239294399951e-03 6.682806449883903037e-03 8.546975923336272082e-03 9.493965249892037661e-03 7.260004876816450632e-03 5.386320293869338582e-03 4.942094057932082049e-03 4.931372066948221111e-03 6.071928359866325849e-03 6.587578160675148717e-03 5.475016785654972587e-03 6.174966477140816923e-03 6.139960150826947148e-03 5.765329245352326590e-03 5.008431512926210007e-03 5.315617509033523577e-03 7.229898185566194582e-03
7.454163686090036108e-03 7.135551174718868239e-03 7.698439504200078887e-03 8.175529009476321593e-03 8.206668483951745294e-03 6.235919323259873220e-03 6.930457118281783783e-03 7.519094589381536235e-03 9.571557469419208000e-03 7.003452053197823171e-03 4.749122977172011428e-03 4.434738722841776587e-03 4.491302146137702601e-03 5.172176464915984734e-03 5.734466920151516309e-03 6.937784509939010080e-03 7.330542317229599147e-03 8.193730961207724289e-03 7.580574738116879763e-03 5.266919002023110960e-03 6.661396800041094989e-03 6.333608732430632757e-03
8.429701489975259532e-03 7.104736627376400347e-03 5.356415573072340237e-03 6.072347271732555368e-03 6.595864803809474604e-03 5.377684020905291150e-03 5.891797701541313589e-03 8.703784573221710549e-03 7.954281865100946286e-03 5.984726511002219813e-03 5.301813348768458396e-03 5.806736398131315952e-03 5.575808400792051263e-03 6.694764947273307287e-03 7.587743687775755710e-03 7.040351745646772873e-03 7.623237626994668580e-03 6.739358057702138187e-03 7.061280114429580902e-03 5.663581028616895309e-03 5.489972430125417135e-03 5.936552525731341595e-03
9.036511605796054489e-03 6.933369608151751171e-03 7.030551202455389594e-03 7.285136506819726160e-03 7.092534553697016353e-03 5.858603911410684324e-03 6.627525155530866394e-03 7.873665688940545415e-03 8.841023193338650582e-03 7.409260213633709659e-03 6.174190909642347964e-03 6.723923854237418354e-03 5.734746322011127599e-03 5.113825078059756370e-03 5.275350567679549033e-03 4.753123465277029301e-03 4.641505949405966801e-03 5.058878301159141187e-03 5.804920869391545606e-03 4.911820326275202937e-03 5.173750953572748938e-03 6.161656682099869373e-03
6.978049542834799737e-03 5.334458208859286892e-03 5.281898838408649946e-03 6.228415508007610103e-03 5.384505666811569002e-03 4.729521006522557219e-03 5.023946465976347406e-03 4.887124153369536324e-03 5.970647774868861717e-03 5.883683215715793981e-03 5.182594495598279866e-03 5.316080873423524415e-03 4.836423484121965891e-03 5.250811870083769116e-03 6.716320103632559581e-03 8.318888133550465802e-03 8.609438131169544484e-03 8.049215028311063752e-03 8.219018966546457264e-03 6.495859762285360363e-03 5.311468098739322019e-03 6.164540262246010968e-03
1.062957409340365041e-02 8.036428721665980421e-03 6.278473224465973279e-03 6.720795052372063177e-03 6.313034845660637356e-03 5.514154241535453374e-03 5.344542390402062977e-03 5.111512304278447404e-03 6.750103981414893282e-03 5.641447210917335635e-03 4.790455841892258051e-03 5.318457884166664755e-03 4.892563931296737591e-03 4.955590064878196734e-03 5.607629068915009375e-03 7.729966353337347669e-03 6.870850634418184180e-03 6.644729354821620262e-03 7.435269330299429727e-03 5.721228530565477914e-03 6.307393912766357837e-03 8.538906128454410924e-03
8.947098809052358645e-03 7.741089276924630405e-03 7.403727140985223200e-03 7.805278679465023003e-03 7.343020482337687602e-03 6.070773173377622817e-03 6.590823713504005872e-03 7.212492438428418605e-03 8.664322864788591774e-03 6.331427865020249589e-03 4.654733103144529684e-03 4.844725676679657866e-03 5.031679796522922112e-03 5.547838843922404430e-03 5.724203058112794715e-03 8.717388783906548574e-03 8.801450312277570714e-03 8.496189357962055308e-03 9.148892900126059241e-03 6.714556984465286198e-03 5.679401736973801150e-03 7.623500882223526939e-03
5.447171964683111822e-03 5.886667440346292357e-03 7.059621507267511281e-03 8.188720489000106059e-03 8.360089352581345432e-03 5.768845182214228824e-03 5.948268811616568702e-03 8.032186384357455772e-03 9.014920076872609891e-03 7.377245459866807117e-03 5.610865555246351104e-03 5.994279047286448121e-03 4.996923938165373849e-03 4.983386723318448779e-03 5.273487700246873820e-03 7.233626897269440983e-03 6.199236698112958396e-03 6.267320150283751425e-03 6.206689218679215837e-03 5.469662539272845264e-03 3.574671651778413110e-03 4.543248383528212392e-03
6.492026238286061589e-03 6.259670480301276346e-03 6.174271960838327578e-03 6.689106712295463282e-03 6.093967717880723230e-03 5.339986372306937575e-03 5.094738245689186575e-03 5.889447915630636327e-03 6.159858363269972090e-03 4.917255791241013398e-03 4.490081993375009788e-03 5.083582592851968590e-03 4.677521214686523356e-03 5.081823273343649867e-03 5.756432833903025320e-03 6.103584124695705590e-03 7.430732417756074314e-03 6.382946570294474424e-03 6.305244725970458007e-03 5.165272024730245895e-03 5.331866880729966597e-03 5.634337866470840069e-03
7.622721765715834326e-03 7.581500918492178713e-03 6.960157710266122628e-03 6.543290520021412433e-03 6.671641620866288792e-03 5.175252448150750861e-03 4.899682118067123608e-03 5.460725382152839362e-03 7.116851737956448112e-03 6.341661710395712914e-03 5.308803704492435702e-03 5.763958186728696323e-03 4.956712197210701165e-03 5.287973238776279630e-03 5.511211098547231374e-03 5.636272762734310070e-03 6.243499481515476374e-03 7.724342080501185072e-03 8.651418802342191947e-03 6.445049346748152330e-03 5.765442873469773036e-03 6.170683271895290728e-03
6.225580648214388939e-03 6.770665998926142688e-03 6.306637133287988639e-03 6.378101577994755959e-03 6.405296608479862409e-03 6.437319202851790427e-03 6.001245952562168570e-03 6.764088137317536380e-03 8.524141181988966268e-03 8.491492965112115016e-03 5.912098128491364429e-03 5.892495851376539778e-03 5.302458713048511206e-03 4.794947919595382406e-03 4.215644055989021741e-03 4.667009057838211392e-03 5.089070332959228990e-03 6.078659910877157700e-03 6.300721489234197004e-03 4.809417118384206810e-03 4.898166500701674371e-03 5.002246368617254031e-03
6.922209067753063057e-03 6.625953360670601422e-03 1.099313112338259034e-02 1.070694597083009063e-02 1.281758944616787077e-02 6.686284713225562615e-03 6.853885326092205854e-03 6.970112902973319043e-03 8.178748824433887052e-03 6.856836380420593298e-03 4.913953460049202276e-03 4.671354723481073619e-03 4.836870993468159359e-03 5.831146538575852911e-03 7.091398680666082151e-03 5.957840820453041281e-03 6.453135675789705913e-03 5.815716993248800336e-03 7.500114546548138778e-03 6.086732933342652377e-03 5.403379989176864372e-03 5.590631239853110016e-03
5.893518938206128606e-03 6.052801081370860585e-03 6.896560688425597274e-03 8.234034914110234873e-03 8.592082167401144180e-03 6.574736730241581908e-03 6.540903796071200101e-03 8.175294782802870752e-03 8.947035877828602227e-03 7.394588197149038963e-03 5.095004994636851380e-03 4.870549986990507611e-03 4.662027668751177710e-03 4.846758089084944772e-03 5.065604155104610172e-03 5.669445143497265673e-03 6.300508025358636868e-03 6.192516723939780858e-03 6.590811501549703050e-03 5.515390637365705576e-03 5.572786053557998893e-03 4.598589750410582780e-03
7.034386473681494313e-03 7.056265330671920334e-03 7.366946898073920870e-03 7.112220650155092784e-03 5.840246433008748107e-03 5.668385054932429876e-03 6.074053214989283585e-03 7.364821347317115734e-03 7.973997436879331352e-03 6.349208939291531989e-03 5.126814709165442019e-03 4.740580824522223381e-03 5.886070286091436322e-03 6.705583512662147312e-03 8.692560127733320666e-03 1.200567320184398046e-02 6.988907203255145285e-03 6.499012000359099227e-03 6.573080775076768634e-03 5.315455051488715381e-03 4.637143744559056591e-03 5.143048396226768300e-03
7.972195671500786895e-03 6.703381144592132114e-03 6.893445334629128007e-03 7.989425268013434014e-03 1.039671486928486072e-02 8.881429817361360599e-03 1.007958312054372044e-02 7.935957514910703045e-03 9.024248950641975200e-03 7.916924275222081767e-03 5.397504093789027776e-03 5.457702115951608597e-03 4.966653033826096998e-03 5.081817087458645119e-03 5.796873984896083222e-03 5.133678349321629808e-03 5.249751714698230702e-03 5.037051837720299234e-03 6.096265416123373623e-03 5.294398561436900949e-03 5.900861076511877863e-03 6.276343519175017413e-03
6.301130844717420416e-03 6.131431620111594573e-03 6.367702350096925666e-03 7.048400753449720821e-03 8.995446038334018943e-03 5.849513828858184106e-03 6.301346664527066391e-03 7.217065476064798632e-03 9.204225256186101753e-03 8.957246634962343426e-03 6.197871367826558037e-03 5.508695925289146603e-03 5.267333776886727603e-03 5.174946627656902727e-03 5.787505898093043590e-03 6.841299104807015835e-03 7.304491470926119043e-03 7.067899877620568115e-03 8.091549957826103118e-03 5.937088119920293401e-03 6.037868234331836975e-03 4.864885756633106212e-03
6.946671566569833332e-03 7.864896334811325926e-03 1.026209434879724915e-02 1.126889759725497979e-02 9.845826191642566630e-03 6.456455240665202010e-03 5.441575185020653023e-03 5.950129009103582653e-03 6.511926095157750949e-03 5.643798606655195914e-03 4.730896190815058258e-03 4.560719375153402672e-03 4.260922659823846055e-03 4.298623443482485658e-03 4.670761048275146737e-03 4.783959369198663783e-03 4.671092831141586930e-03 4.745177631287317288e-03 5.876480293875729205e-03 5.511726325863853040e-03 5.695243113491988383e-03 5.733612929040413954e-03
6.612864143531385110e-03 5.875920937618528579e-03 5.957186157451676428e-03 6.184309360367592351e-03 6.260954333978260844e-03 6.726917544654171383e-03 7.779773045793422249e-03 7.231484750787269856e-03 1.027189695598743069e-02 8.830301932403392812e-03 5.836149597244768943e-03 5.460938224402273056e-03 5.014020948998424224e-03 5.108718275874177608e-03 5.476761767029554584e-03 5.354869078418222385e-03 6.064942272628185901e-03 5.261687063164772159e-03 6.685077925020368669e-03 5.600124460412008592e-03 4.216024119760230886e-03 5.135274219373140749e-03
6.483978873312475771e-03 5.854804502574646741e-03 5.789829943828533367e-03 5.320345374444910604e-03 5.815254074764368911e-03 5.179018771424151631e-03 5.475228096078450270e-03 6.459047754778238053e-03 7.354154001173150886e-03 6.312028052996528950e-03 5.486685720632176154e-03 7.060699152089608410e-03 7.106486539921802979e-03 6.054242704234474165e-03 8.292245458315111728e-03 9.016245802311447302e-03 7.867606950757397369e-03 8.815702831168737916e-03 9.227991777343236279e-03 5.753324449015481679e-03 7.265764591063475150e-03 5.560869060426206975e-03
7.108785997877865685e-03 5.627411059213729971e-03 5.203208768084950642e-03 6.438374093489782068e-03 6.099006846814828894e-03 4.801001423521286671e-03 4.662689510130127619e-03 5.795955575256640270e-03 8.706473401290812375e-03 6.761767980615692938e-03 5.750859888200396570e-03 5.392941467531992342e-03 4.987748435186945689e-03 5.467312629866254853e-03 5.964827222078377192e-03 8.572147710172610402e-03 1.001607861132506987e-02 8.416741589500259524e-03 7.255880592376477006e-03 5.308347582190770138e-03 4.507351351958965163e-03 5.984488656310781377e-03
6.068137276050748589e-03 6.052750799700937386e-03 6.612585818213042275e-03 6.588239805119270806e-03 6.294020371837923296e-03 6.025157780555388289e-03 6.675963008054309859e-03 7.153299591050221035e-03 9.155280278738573904e-03 7.093400607252689678e-03 5.651766383058714864e-03 5.139004869387072717e-03 5.316513240991605285e-03 5.589989942786804424e-03 7.477221637301928285e-03 8.400955948334790785e-03 7.036275185140549414e-03 8.295088493831490398e-03 8.331855856083196510e-03 5.557851009166537258e-03 5.096380572836439055e-03 4.793232100123315589e-03
7.549917647918984696e-03 7.180765603688333241e-03 6.119977118883491995e-03 6.959864264629517586e-03 7.487612257487413596e-03 6.333373253111515902e-03 5.761603445104843298e-03 8.132027239202484215e-03 9.742235151961233658e-03 7.504436087657354211e-03 4.529866484766925834e-03 4.288801739578775030e-03 4.570254867005800643e-03 4.812204466469437343e-03 4.415038412935808412e-03 5.673653638133971736e-03 5.644162401168482425e-03 6.440005759306467042e-03 9.798158423489565852e-03 6.110195472903682049e-03 5.656671757803730625e-03 6.162148671836576927e-03
7.639944645305434164e-03 5.928170109393608722e-03 6.545967286833430029e-03 7.016873498285989587e-03 7.017106848302197102e-03 5.230489792382258391e-03 5.887911054242403984e-03 6.442762446771758793e-03 7.235205023949297168e-03 6.130729567842366570e-03 6.091937703008810413e-03 6.272059390294497210e-03 5.593624830373999761e-03 4.418454874641346806e-03 4.709322940061121121e-03 5.977301666103889896e-03 6.125743568575367677e-03 6.686759955807597584e-03 7.420851450417292015e-03 6.169163257911373759e-03 5.603838387192408219e-03 6.222408851868191024e-03
6.330052667023270026e-03 5.333105652956533771e-03 5.903003378789721360e-03 5.898634395830851425e-03 6.106606392264849609e-03 5.588958622793768587e-03 6.240566056764713931e-03 6.512591982516205413e-03 8.399405956521242833e-03 6.822378046391054662e-03 5.547912605086803908e-03 5.908696209345793045e-03 5.105945949762709206e-03 5.702735219284440875e-03 6.526019221232306003e-03 7.376079526868793181e-03 6.497011912428895045e-03 5.234948885245734908e-03 6.750771929597543068e-03 5.776467391872300641e-03 5.578109938239841220e-03 5.368415249410235165e-03
7.136920991597467054e-03 5.975938595100379648e-03 8.011317428040929528e-03 8.411203301343331273e-03 8.159959985791579926e-03 6.997812743401748102e-03 6.810052729185162371e-03 6.985866478846629313e-03 8.087557491827261635e-03 6.549507819378430108e-03 5.080817254600229413e-03 4.648728190956660615e-03 4.138784612437522957e-03 4.874074037628984071e-03 4.895459080203606352e-03 6.534360456645819590e-03 7.908403973362716430e-03 8.298846378175893726e-03 8.006405335156098479e-03 5.536471326898052304e-03 6.421467986388760749e-03 6.097169486261187939e-03
7.085713639632579101e-03 6.010758753881600101e-03 6.524085567098603967e-03 7.069634533853810104e-03 6.713813268433608573e-03 5.682385949842390371e-03 5.872406580054318100e-03 6.644336611942256235e-03 7.625175343543896117e-03 6.046247997221512217e-03 4.924145994957965407e-03 5.122464486718645606e-03 5.226581351281688742e-03 5.947339988882810978e-03 7.351814117540987278e-03 7.288848569695047762e-03 7.007033264666738363e-03 6.575555759454963616e-03 7.382303843158560114e-03 5.884448667251305880e-03 5.597874547212999818e-03 5.446666050769963068e-03
6.522185997456232849e-03 7.547833672370321198e-03 8.661827082205740894e-03 8.532800241411920075e-03 7.738366342440716403e-03 5.799090260845992176e-03 5.079510292546404390e-03 4.880988995733372658e-03 5.769708534157473589e-03 5.467099234694732836e-03 5.270230516817562584e-03 6.027779679094683735e-03 5.980991881984694218e-03 5.695031286613181677e-03 5.249141153011335076e-03 7.168586297922312049e-03 7.973165012521777825e-03 8.086930903900772794e-03 8.574466380395677836e-03 6.029144038959723638e-03 4.538330338439700018e-03 4.971940942549163064e-03
5.782139618160635902e-03 6.592745276668624324e-03 5.269868465562318333e-03 4.719027332867200587e-03 5.082759793411413887e-03 4.447039552145522733e-03 4.899394533644824135e-03 5.926704464442091209e-03 6.868936334074511943e-03 6.447232589206558333e-03 5.496428265430673352e-03 6.015721210012961798e-03 5.637252559900373175e-03 6.171547070178078943e-03 7.204107737009523248e-03 7.221592005159871430e-03 6.992105585063352127e-03 8.571157297189838098e-03 8.977484941225520251e-03 6.030593745117518792e-03 4.876371577383568912e-03 4.587509866282520575e-03
9.889903039125838222e-03 7.340586492262480417e-03 6.147241199255515202e-03 5.851087011986987399e-03 5.583548324580292141e-03 4.616805683361864358e-03 4.915541166071724782e-03 5.935969971824735410e-03 6.425092450325372781e-03 5.558598482501035318e-03 5.018478014927994432e-03 4.705986072126673234e-03 4.411980422396537260e-03 4.410753563340088883e-03 4.740113205854593580e-03 6.218719909066067371e-03 7.108642435808307930e-03 9.368090970575693524e-03 8.692204281038026434e-03 6.795606489807344899e-03 7.483440714996777120e-03 9.079457230132691528e-03
7.737859450479223078e-03 7.653706542049205572e-03 6.632998316755648813e-03 7.461925998523372822e-03 8.398645176936662959e-03 6.053596974120942394e-03 6.322643328286379170e-03 1.073677588339102922e-02 9.366704472478707202e-03 6.094577944585688641e-03 4.905919158048300047e-03 4.626841577224987886e-03 4.856132668674779593e-03 4.621452643413652070e-03 4.810145903598111311e-03 4.493406689927540582e-03 4.850150798252022763e-03 4.944932941991221111e-03 5.230309247570763195e-03 5.083209834150106618e-03 4.740199624235837128e-03 5.147898062925459692e-03
1.152662736905070082e-02 9.968393307210393281e-03 7.411951971564382721e-03 7.567946526309481114e-03 6.628018994597771607e-03 8.121150135635225864e-03 7.964808360466519785e-03 6.210225675126371248e-03 7.382984333190342925e-03 5.653391569752809834e-03 4.298974016604108390e-03 4.638942524990493851e-03 3.998892860228599709e-03 4.706182164265482019e-03 5.409181552533571732e-03 6.501211381113315181e-03 7.035170808939191119e-03 6.294672741719328606e-03 6.695623814395794231e-03 5.883108524353954961e-03 7.207151131550790409e-03 8.075424549531234203e-03
5.546706251763667411e-03 6.668566612805425231e-03 7.232947209821772791e-03 8.298930464864984549e-03 7.804607222034999625e-03 7.701112668472706417e-03 7.669652191517514414e-03 7.335998837134691253e-03 7.474294755513422907e-03 6.091385776502461664e-03 5.328430274645806417e-03 6.449192557939910711e-03 4.699393885306236800e-03 4.759036366030407715e-03 5.416535721632038947e-03 5.965790029462818798e-03 5.349644663430424066e-03 5.756085763878399965e-03 6.480850766479772686e-03 4.224783500052678269e-03 4.432645917561334019e-03 4.433714742301141619e-03
6.018416337188328864e-03 6.608813174506735291e-03 6.643277592486733669e-03 7.642293812594866918e-03 7.468966144144577844e-03 6.181196024920861294e-03 6.382705098253273375e-03 6.969160346059346395e-03 7.713873944709792596e-03 6.066192529837221604e-03 4.738006245186100057e-03 4.335402152267626812e-03 4.860131415006413956e-03 6.583621094679080119e-03 7.275022192758360401e-03 7.135694365399661634e-03 6.508423567791977657e-03 6.613235957009040884e-03 6.852398385985726016e-03 4.981752065325473211e-03 4.709840510562617218e-03 4.476479192617128199e-03
7.495273721893303161e-03 6.013770281725928056e-03 5.645147576699948745e-03 6.327147828269242234e-03 7.392321426720958356e-03 5.428721744862904930e-03 5.564283377704301592e-03 5.654635294468633375e-03 6.774199579028140385e-03 6.127566841473259217e-03 4.976347422020624932e-03 5.059434576900903591e-03 4.784060523723342173e-03 5.660292017793457607e-03 6.395200940213087264e-03 7.361997346913479179e-03 7.300374993381798794e-03 6.752378411385662367e-03 7.519976854528859396e-03 6.674793790633408615e-03 5.659876076525295098e-03 7.482396392377367242e-03
5.713916751640921686e-03 6.134608174666480659e-03 5.995416310999542031e-03 7.753946686423421851e-03 9.427125794532037126e-03 7.172730239814497678e-03 6.933721309092762998e-03 6.724296015071455634e-03 7.043271116195124956e-03 6.272885432858465830e-03 5.612899416659430235e-03 5.492298281909354860e-03 4.617398089457799663e-03 4.799072643037961133e-03 5.979553602109680122e-03 6.714188046858792294e-03 6.728892984168042407e-03 5.763611624157376039e-03 6.480644204294381573e-03 5.010561474921185025e-03 5.532542722473526853e-03 6.087786087318751600e-03
6.244991180316517877e-03 6.951464626634515191e-03 6.125544360584435702e-03 6.308202226150985692e-03 5.914493174396643661e-03 5.788590991446830591e-03 6.120839003797918024e-03 8.249853385948776111e-03 8.240675073733275818e-03 6.048268513263481937e-03 4.939274977931855728e-03 5.522437434068755598e-03 5.533951892348562725e-03 5.332921678422133591e-03 4.847362670726522091e-03 5.508455699118714952e-03 5.510338954937490236e-03 5.706091108914812006e-03 6.473483375575764427e-03 5.870841160064751291e-03 5.103841135795883673e-03 4.717558013587939102e-03
6.686095852438744130e-03 6.268620172465329266e-03 7.784354764927853103e-03 7.955323502847323064e-03 8.170974703897281727e-03 6.704597522155662098e-03 6.406875925558122575e-03 7.244104632532703640e-03 7.184477274128310206e-03 6.855518389856560778e-03 5.232049744592024224e-03 5.583466636698331681e-03 4.324339200176637379e-03 4.246240594091101918e-03 4.472932580697914877e-03 5.802632899863356848e-03 7.062054999066332169e-03 6.815017113147355671e-03 6.392974900566756637e-03 5.978991628302987235e-03 4.607690624118389137e-03 5.197772190894190021e-03
5.535612023753164017e-03 5.736523372899199683e-03 5.551024119015261077e-03 6.745359527187864794e-03 8.637832283462404392e-03 5.947430083139903893e-03 5.871359358268737200e-03 6.626756738759616121e-03 8.556756685173085367e-03 6.816518624159961272e-03 6.182576188636351722e-03 5.936892194454079612e-03 5.477940600578871076e-03 5.613622250613452269e-03 5.406367259574106597e-03 5.831586957985620233e-03 6.343809169173865621e-03 7.248224056159741080e-03 6.469768672800772433e-03 4.746235549158117975e-03 4.231434589048441164e-03 4.301009880211890089e-03
5.503031329060848256e-03 5.773284773906353987e-03 6.675788391005029777e-03 6.960458247272979099e-03 7.547817995989401264e-03 6.327197634876173885e-03 6.801303237806396833e-03 7.122214881546831168e-03 7.881659642392046736e-03 5.977571208578764603e-03 5.307230447756121697e-03 5.689252659345617712e-03 5.908229840594751009e-03 6.448343651264882778e-03 6.933410707288564616e-03 6.520154774699173962e-03 7.213974166036817709e-03 7.153217149840021376e-03 7.914499876779342025e-03 5.219986633369306898e-03 4.519310921547834911e-03 4.603709086167515063e-03
8.916060792962074433e-03 9.418975494716435790e-03 1.302730861525142926e-02 1.165206889858055005e-02 9.903321495411404260e-03 7.205193120978285910e-03 6.261819008884436655e-03 7.449477160028874188e-03 7.340914704947996278e-03 6.489207532217500414e-03 5.198141321314159180e-03 4.452856812328729284e-03 3.999260487036348892e-03 4.158766269065966061e-03 4.830098437641611869e-03 5.693679709500979770e-03 5.170784143767345568e-03 5.478102191127682576e-03 5.799301940364511715e-03 4.694649216754362246e-03 4.284659876560736880e-03 5.374945642921073047e-03
5.204775458738948764e-03 5.136997121101612163e-03 5.002645455779840961e-03 6.970639060799237001e-03 6.978384512901584721e-03 6.400292486071367318e-03 6.601694791764115174e-03 6.647403547378672416e-03 8.693954093217406282e-03 8.623157649717076365e-03 6.600254676420052626e-03 7.792430363273981572e-03 7.082268486588560313e-03 7.143726097367249228e-03 7.293533570860139155e-03 7.346681232021257113e-03 8.264636547559555541e-03 8.666050905674188218e-03 7.414111445621381080e-03 4.767485055188057375e-03 5.786280246273338077e-03 5.115661719463667975e-03
6.573394459253222889e-03 5.172750925732363426e-03 5.177853595782809862e-03 6.328370162383804148e-03 7.140675967068717614e-03 5.525785946832910758e-03 5.779397915279385622e-03 6.320165294911275072e-03 6.899594586831342413e-03 5.995205823582227568e-03 5.062973768050023880e-03 5.339778689357345398e-03 5.396010524651323817e-03 5.768347681130021366e-03 5.991616713059588761e-03 8.206877115433016887e-03 8.893410568106555752e-03 8.585076901037429209e-03 9.499158386474162302e-03 6.266866983755652737e-03 4.569736222506553570e-03 5.620911343625667120e-03
5.699133819249152348e-03 6.572914732135348020e-03 7.937525358366928976e-03 7.204579685471356777e-03 6.795113953839214405e-03 5.835246803839069622e-03 5.463363761228587703e-03 6.812154081890291375e-03 6.900987317458060627e-03 5.866887555403330415e-03 4.635827649811581630e-03 4.871801854121955710e-03 4.528153349547595768e-03 5.076813848624659592e-03 5.157885198472471171e-03 5.310367043776150972e-03 5.430263432686798127e-03 5.527736673604384185e-03 5.258898713535599227e-03 4.141347140308677087e-03 4.226147605109046614e-03 4.430167827552002231e-03
5.727709988168521067e-03 5.770996889337475649e-03 5.573981176088413370e-03 5.292420021714856412e-03 6.076143001702975430e-03 5.055996699758888956e-03 5.677313210758294301e-03 7.253499521048102291e-03 7.692018126549037861e-03 6.380601391408111285e-03 5.749680168599841622e-03 5.981045563024422161e-03 6.148442819777381017e-03 5.816667118406244202e-03 6.446906644457654420e-03 6.202594743371163746e-03 5.974057535429213618e-03 4.871144872873138347e-03 5.571879249443417378e-03 4.597584932315773240e-03 4.393001820020013375e-03 4.224172907450067342e-03
7.369925921068472621e-03 6.877882500006753975e-03 6.637502572106603396e-03 7.387670940708235962e-03 5.625987084121200285e-03 5.329730986152894125e-03 4.859962561529878808e-03 5.309060881770243621e-03 7.161307347578970382e-03 6.865750064133275404e-03 5.071206829729464800e-03 5.007123244205147899e-03 4.646116967416239613e-03 5.551066181242253310e-03 6.959026066805397252e-03 1.141066108952363926e-02 1.045814493103842079e-02 9.530826114321709272e-03 8.622901276701762721e-03 6.236159475366439588e-03 4.654772953221582993e-03 5.044035652675692670e-03
5.527874187444700715e-03 6.240544977932870746e-03 6.932790444300220185e-03 7.527456523169171257e-03 7.004547761062096881e-03 6.033118241434564689e-03 5.835504416528928574e-03 6.861490065072305654e-03 8.244648189921486778e-03 7.235878537735846577e-03 5.946499941575837320e-03 5.770000872729236924e-03 5.927410786258536721e-03 6.037071983657040994e-03 5.042292823244189266e-03 5.294275763628569428e-03 5.536376237152778289e-03 5.869453523865840634e-03 6.354364441391211274e-03 4.884772831318681327e-03 4.390800728293270568e-03 4.741974312598232384e-03
9.647635295634083077e-03 7.676934422331729325e-03 8.381121275524721151e-03 1.041736386332306995e-02 9.734814659708705686e-03 8.302976810799972407e-03 7.059578014365887333e-03 6.629276635557251711e-03 7.732176474928765912e-03 7.003889435777737801e-03 5.565263356213782410e-03 5.617763787967189337e-03 4.633876683182129239e-03 4.384926797517755756e-03 4.363514088015539062e-03 4.406925363103278252e-03 4.869692993441025741e-03 5.270401603942454286e-03 6.402839611021991263e-03 4.696352901234170617e-03 5.341912471864324399e-03 6.709474946410621740e-03
6.862970911467303030e-03 7.003710316944729806e-03 7.153729402511901578e-03 6.888148613634621602e-03 7.428501666890824362e-03 7.440581159379757586e-03 8.607039815168079228e-03 8.779242662500887084e-03 1.177021652542394915e-02 8.736373606598183544e-03 6.529722571499685206e-03 5.340120143029702948e-03 5.547507375434026881e-03 5.328784097480441725e-03 5.331405219946938265e-03 6.767646839710739735e-03 6.486267524227122203e-03 5.922816613044648917e-03 6.003899526733971585e-03 4.917083800592201084e-03 5.032588879598723884e-03 5.488086663174010157e-03
6.348063519172853289e-03 7.250999597166542070e-03 9.889314079988354225e-03 9.185909066509496609e-03 7.479832063525656584e-03 6.094902747008354611e-03 5.743981754843197930e-03 7.016587562548007653e-03 8.504678487026098160e-03 6.911344430249902367e-03 5.635619444887605620e-03 5.000747810566416769e-03 4.582982526986188396e-03 4.950019114428839614e-03 5.206574212029133238e-03 5.912958246043844429e-03 7.308259611800579057e-03 8.360150023047307338e-03 7.334308681588870733e-03 5.007871601808301654e-03 4.245226883553878880e-03 4.895146871773473247e-03
7.336530703074871720e-03 6.179488290547881235e-03 6.749570486230409977e-03 6.891813269627080317e-03 7.406006160604622184e-03 5.966982742535598995e-03 6.438314457879707776e-03 6.760831582429001861e-03 7.740561381305584299e-03 6.452137326490530941e-03 5.317070559458181300e-03 4.917398710234431938e-03 4.663374068679483619e-03 5.891504025080128611e-03 6.048152018792806936e-03 7.080922641681860336e-03 6.684490237435882984e-03 6.100948526491077432e-03 6.707131009485360271e-03 4.444925708347588662e-03 4.425583315303425157e-03 5.163123246940525685e-03
8.567299515687869585e-03 9.241937018437590412e-03 8.249174858580165040e-03 8.203173145953590595e-03 6.559902853144748691e-03 5.101158237013676648e-03 4.701998541163384705e-03 6.129487240144433288e-03 7.761376550810064612e-03 7.574185385894273773e-03 5.791943767956287022e-03 6.457607223560410392e-03 6.128873133607426298e-03 5.406597694128269585e-03 5.896095636335031177e-03 5.720364328191699863e-03 6.377235334985156996e-03 6.906179851896795431e-03 6.800031024611470631e-03 5.086445589746758575e-03 5.473116527598440723e-03 6.122407141628317430e-03
5.501105338261831797e-03 5.283774984540867865e-03 6.684308806187383260e-03 6.619397664062548828e-03 5.539539805273063951e-03 5.098216007223713847e-03 5.833101018130488688e-03 6.150430178245651011e-03 7.612795604150893701e-03 6.493536778384436173e-03 6.179960422936103641e-03 6.409879463691997396e-03 6.152829506033533069e-03 7.067732701685646400e-03 6.875116494338403238e-03 7.050257953951261612e-03 6.804355992324880031e-03 8.099835340458825736e-03 9.378492403838988717e-03 6.874286602681765022e-03 4.973337639058129749e-03 4.710956629029968389e-03
7.098470263655436846e-03 5.884088553856602066e-03 5.660461195378787246e-03 7.844135756672308488e-03 8.078653645035962019e-03 6.027815745054744198e-03 5.945194308122522288e-03 7.305722219922929431e-03 8.122961607553300795e-03 7.397032589822643417e-03 5.474451201087822579e-03 4.831221457232776940e-03 5.027827276337546933e-03 4.690943251228874879e-03 5.947741905217573087e-03 5.868117180108271998e-03 5.260050224434322311e-03 5.040199256469008772e-03 6.376940510395595792e-03 5.108853308615910610e-03 4.232831719454366141e-03 5.050168064331237230e-03
9.213829562069592027e-03 9.513273159932772796e-03 7.498848523895842305e-03 8.008350299640698555e-03 6.157349885906038961e-03 5.882185476366277865e-03 5.609747764785084218e-03 6.042953937178085350e-03 6.375797370495419822e-03 6.003410739115182942e-03 5.224370654080299353e-03 5.585647595762437655e-03 5.152820028795855253e-03 5.606662716954992007e-03 5.882107318304050786e-03 6.865181990036742406e-03 7.793669730361363866e-03 7.100138423273835882e-03 7.267043297248589398e-03 5.523250511809896061e-03 5.381905965107501924e-03 6.089705240249704624e-03
7.232521109598624882e-03 6.803735780458560617e-03 6.468271444968648129e-03 6.790434842206595836e-03 6.392993382149447963e-03 5.137269913400546902e-03 6.014701167167468138e-03 7.662832859191654085e-03 8.645596207340618816e-03 8.477586502023126691e-03 5.578345962035775006e-03 4.950324665765009832e-03 5.482227296171644608e-03 5.728485109459727047e-03 6.667398265240506369e-03 7.855650479739283501e-03 6.375118718637459367e-03 6.944806406611780253e-03 7.083469310999635990e-03 5.004149350108149340e-03 4.619377253564234745e-03 5.018676341807620962e-03
9.369536441526084281e-03 1.063145741266331018e-02 9.365789154025801894e-03 7.537390791603632186e-03 5.986563154852840921e-03 5.113792548884438585e-03 4.531264350868365737e-03 4.987743604286796160e-03 5.597618426033309710e-03 5.334161477695157326e-03 4.957467077654238198e-03 5.332416037689789202e-03 5.200808110777531586e-03 5.538389627034714414e-03 6.382214680148434738e-03 9.047626817774712116e-03 8.346498711038737375e-03 7.579314457314705392e-03 7.155655538449353162e-03 5.633886801020797711e-03 5.333498325033998733e-03 6.026549080337412906e-03
7.600209625928631106e-03 9.343297073386585411e-03 9.824652231376008321e-03 7.944134920363174826e-03 6.867386288200870784e-03 6.439082604560438655e-03 6.777690516617113081e-03 1.205706821356052928e-02 9.190313802209562968e-03 6.175919475894214861e-03 4.728222264562658046e-03 4.506328615819778401e-03 4.679300805836055822e-03 5.058292369018195164e-03 5.342068274119934380e-03 6.322779937854137826e-03 6.089999357494308915e-03 7.626463108429227394e-03 7.393833598206077384e-03 6.661368503861463813e-03 5.205987794747724690e-03 5.660424239271260628e-03
5.633098579272830669e-03 5.371140030140686764e-03 5.492142077132273863e-03 5.793371504582512342e-03 8.092049981928639557e-03 5.096241501519229410e-03 4.810098619148557575e-03 5.343529191886601734e-03 6.507088880779853847e-03 5.157200493455568746e-03 4.669410726320707278e-03 4.955203740968479320e-03 5.688061329273731877e-03 7.060467236021585914e-03 8.772341226088768706e-03 1.154201877757016041e-02 1.466128040878218047e-02 1.804746387651010031e-02 1.288965508936869980e-02 6.156431597865204795e-03 4.926672551327992804e-03 5.305159111380646289e-03
9.707878588694629149e-03 1.259052020938366927e-02 8.626834841534590168e-03 7.921230509577303555e-03 7.735951718795021359e-03 6.066960612838094222e-03 6.218681391214796010e-03 5.732327519719149396e-03 7.053625021163031396e-03 5.377841525886990597e-03 4.060417118522436850e-03 4.028206307854425433e-03 4.150744434319949411e-03 4.093538269634768370e-03 5.449893912402352381e-03 9.063335518004134866e-03 1.005888205983919079e-02 9.772085121074471428e-03 1.002264063605024999e-02 7.157044223821742816e-03 7.043227312854115005e-03 8.138487654798501683e-03
8.176100221993646069e-03 1.093597624257560026e-02 1.008605948862631961e-02 7.638062076181065078e-03 7.415872521956335360e-03 5.800501385082091656e-03 4.979157250725311720e-03 5.543795177767383946e-03 5.799467334844573066e-03 5.375279589188381411e-03 3.958736475979517978e-03 4.094372828188270336e-03 3.929688021853163134e-03 4.709834956627093928e-03 4.872012672964892363e-03 5.640520281817370217e-03 6.887719449639124157e-03 6.684506757318019708e-03 6.936478633465032427e-03 5.781179742602398849e-03 6.427536436537436594e-03 6.396421354554105050e-03
9.059172891909007472e-03 9.186035192765852272e-03 7.722456480949005386e-03 7.043452461426854584e-03 7.464926563826568100e-03 5.337053874108316567e-03 6.092274924222369596e-03 6.762488330655347379e-03 7.562236863410505376e-03 6.761578762364864673e-03 5.561367864776445985e-03 5.369863270809054762e-03 5.200082506613770868e-03 5.689713780258168728e-03 6.124602221355663657e-03 5.988979498531413377e-03 5.704901324399374619e-03 5.317897288929215871e-03 5.823469368599538433e-03 4.692976107343591226e-03 5.257022402185990324e-03 6.448424890432672384e-03
6.330309675605754610e-03 7.860616294797789436e-03 8.982399349112752882e-03 7.060680172933059967e-03 6.802123549811287841e-03 5.821742081951023634e-03 6.843583116012914858e-03 8.903996572928439893e-03 1.409583434240879035e-02 9.395292944049218539e-03 7.102198357423183603e-03 6.735495914909807834e-03 6.248265082691309771e-03 6.084718751708516858e-03 5.947392586960730150e-03 5.974683007564737629e-03 7.000048781557292009e-03 8.028448259629110406e-03 7.552745415732285000e-03 4.911681056687849066e-03 5.731503788294446851e-03 4.692195649720539222e-03
1.006550245551078929e-02 7.833072158588588393e-03 7.006498279697051870e-03 7.873521765563872357e-03 8.506139481514450942e-03 6.024074710383809858e-03 5.739471799102183192e-03 6.640001299264839014e-03 6.557876067487794676e-03 6.221296763718937341e-03 5.004013667970409751e-03 4.744454681366640572e-03 3.864997745461967119e-03 4.000535832892874837e-03 4.359246283355600916e-03 4.570858480780455070e-03 4.673755111189207938e-03 4.471568980717190167e-03 5.181533148877725571e-03 5.258344477974532215e-03 6.455768663010123982e-03 7.071215341494363656e-03
7.208026885411374617e-03 6.161868637318840096e-03 6.622766191167516261e-03 7.573982582619833391e-03 6.933076562350598201e-03 5.645968544383814409e-03 4.982092438300922063e-03 6.141744372397845396e-03 6.608602155535298929e-03 5.992740883321158278e-03 4.906429361633215906e-03 5.521875028282053656e-03 5.154539336473211789e-03 5.327197047975000370e-03 6.382587948458509110e-03 6.784626685740152360e-03 6.142519751905987056e-03 6.954365052160402412e-03 7.698702028026912364e-03 6.312307908896737894e-03 5.501764264678027025e-03 5.921386167859162171e-03
7.093648727620052025e-03 6.474813561946990079e-03 7.261976296066344032e-03 8.497552414116043770e-03 7.186808245241548682e-03 5.972791558190962934e-03 5.432010495230174714e-03 6.191707439538091107e-03 6.978971560454295432e-03 5.801775230657704209e-03 5.183824490034488752e-03 4.583303710128817238e-03 4.613992533916064925e-03 4.701421552890176249e-03 4.736664310102699400e-03 4.703777653819633982e-03 4.605589425798622266e-03 4.874509053575931845e-03 5.868130579231702580e-03 4.742264570519853090e-03 4.554570666512750346e-03 4.998687826368975774e-03
7.439695239115388589e-03 7.463051384010092014e-03 1.019982147657954967e-02 7.672769066464787957e-03 5.450842774604212383e-03 4.474491465519593071e-03 5.179786322918994955e-03 6.462367569128998381e-03 6.532031338096235679e-03 5.675630949508473667e-03 5.037865036347215046e-03 5.630724114279836608e-03 5.266717396914863576e-03 5.431947492647829119e-03 6.109609531940667082e-03 6.166359108495821431e-03 7.184652984305765940e-03 6.627028504313403623e-03 6.444129158470965346e-03 4.617557853053353215e-03 5.422993453747889173e-03 6.298039474619768034e-03
7.689482277211308683e-03 9.653700496279478752e-03 8.416603168210806327e-03 8.943155906022919391e-03 7.411583615135521746e-03 6.848052850952503212e-03 6.048561077396405299e-03 5.830607106560361033e-03 6.753611301999632409e-03 6.196251131955813306e-03 4.655488806236914197e-03 4.233294535757573147e-03 4.968345540243929333e-03 5.083347085650957026e-03 6.258006614801642740e-03 6.084378285312114741e-03 5.470544746563856670e-03 5.121932588553453417e-03 6.140107647059294717e-03 4.251474695520946270e-03 5.233219874136286684e-03 6.044912938146195652e-03
7.020885419027719787e-03 8.077713761781988439e-03 8.862757459633581816e-03 8.243033000462134108e-03 8.563638217845814457e-03 8.395006601715672076e-03 7.251033223576520623e-03 6.919200250398746359e-03 8.013820361246421289e-03 7.454036473619203573e-03 5.169842389948598599e-03 4.848776402512370610e-03 5.041140914125390345e-03 5.465459417110019036e-03 5.962246889236584579e-03 6.709521719906129909e-03 4.890402191269230779e-03 4.749759389839612080e-03 5.394395866189980598e-03 5.015375779829243583e-03 4.622129391210181432e-03 5.225531123016323963e-03
7.075734971172840254e-03 7.925363434193945927e-03 6.466976272218339164e-03 6.472919132307780772e-03 5.989634023225573999e-03 4.909182342104936175e-03 4.903950580003281316e-03 5.849084521571914184e-03 7.360317477568218379e-03 6.577613273716969612e-03 5.545319492993450693e-03 5.391566242098674855e-03 4.632727811840912750e-03 5.005525749276183885e-03 5.158809795439684917e-03 6.849517333665538187e-03 8.010012614852150478e-03 8.700046331394324650e-03 8.044218092204768675e-03 5.722925038201389335e-03 5.850892716511887047e-03 6.094049951066238605e-03
5.225663058676989665e-03 5.610005700073763223e-03 6.949730647693466885e-03 7.583982335184868105e-03 8.994599361951693267e-03 7.302269802074524974e-03 6.736107165557623025e-03 8.989794037872691698e-03 7.940099806722724154e-03 6.359717525284061014e-03 5.230771137418133675e-03 5.225391137883319582e-03 5.022075941336105395e-03 5.499273478009132979e-03 6.737100554462322616e-03 7.362592890532366000e-03 6.683649316990305372e-03 5.267800423421255089e-03 5.547545506875205083e-03 4.824016377589296183e-03 4.991686594952034206e-03 4.005533570290126244e-03
6.487455234495019367e-03 6.454506933528412170e-03 1.066288682501959940e-02 7.356807759166241086e-03 6.163524766193953855e-03 5.885813356979092276e-03 6.015517037073358012e-03 9.289390424832568230e-03 9.550526891682790259e-03 8.524659335814048847e-03 6.400479444038217371e-03 6.520101249147924882e-03 5.621803770517832567e-03 5.871001476135644624e-03 5.948304583991681146e-03 7.257915088168699971e-03 6.977359740971145370e-03 6.419429251718527032e-03 6.321795182915622598e-03 5.109143025429654060e-03 4.431892527174367304e-03 5.175076056613017034e-03
7.659042406683494626e-03 7.843636214944629120e-03 6.244204842446693729e-03 5.945893222734440105e-03 5.742872270660204746e-03 5.712719665997911117e-03 6.788145418594669980e-03 8.569660660985382525e-03 1.356040891490000941e-02 1.055381521831091039e-02 7.150454047986548427e-03 5.435501758897489689e-03 4.727155986541657640e-03 4.963932739328584358e-03 6.391696568840339078e-03 8.165598782057683844e-03 8.123911832570098954e-03 7.307240393222073395e-03 7.263653140163967362e-03 4.884471622703031105e-03 4.873832194347734771e-03 6.413034311292304182e-03
6.476774510280751060e-03 6.756545911894828831e-03 6.002808326730284423e-03 8.263731474824540651e-03 8.003649679382527499e-03 6.308329967525206326e-03 6.111896326067696623e-03 6.280014165162182971e-03 7.292077514770728755e-03 5.929298557031226213e-03 4.556425469246581927e-03 4.644965492509774314e-03 4.444961494585020385e-03 4.442232144838163983e-03 4.768913081329173922e-03 5.885898337463893286e-03 6.700073462098012599e-03 8.443649626365337321e-03 8.126990920065765497e-03 5.884661113721365022e-03 4.697542719457478699e-03 4.993309072956543179e-03
6.225561737179913582e-03 7.915150069677448844e-03 1.182240335329693033e-02 1.043545122289941951e-02 8.553089964599944889e-03 6.868660990458249661e-03 6.914322915621646734e-03 6.674675956966203035e-03 6.168787830785817106e-03 5.284246932817645431e-03 5.160265114941000111e-03 5.880007967609331664e-03 5.220288478585076962e-03 5.484129721473681926e-03 5.909277004309742773e-03 6.570386890697015383e-03 5.903975792217865635e-03 7.468226785018013819e-03 8.070694733200925106e-03 5.931398634314585284e-03 5.157892734655679899e-03 4.842181553375428035e-03
6.242678060761733955e-03 5.893170166765347717e-03 7.675124530988047984e-03 7.851942147000403813e-03 8.350263144662665657e-03 6.547633091153718873e-03 6.176901780603935924e-03 6.251568544151995914e-03 7.890173241989427086e-03 6.721195291300325995e-03 6.181141768520834884e-03 5.832972984596018068e-03 5.452005955020729384e-03 5.818232702055415109e-03 5.934201064613640886e-03 6.743190908213663598e-03 6.666796470931152588e-03 7.210234766730737321e-03 1.052660926648935937e-02 7.418469854514995673e-03 4.960736481800604933e-03 4.798585862703145209e-03
6.647033844889796254e-03 7.291372289352986841e-03 8.917126820696343395e-03 8.040137896562962044e-03 7.276371216817282238e-03 6.211902143650313048e-03 6.354870622592389412e-03 7.312944741755859034e-03 8.711414055225357930e-03 7.503730543670394416e-03 5.662269975977830827e-03 4.669046203833463610e-03 4.891605207623440400e-03 4.942797794200402134e-03 5.518046009454576420e-03 5.358278730275048071e-03 5.574228926395406215e-03 5.196867400583302619e-03 5.141915423292871615e-03 4.446577736098592838e-03 4.716690499009116092e-03 4.984289828421308369e-03
