1730 0 -2.795411133050881 0.5443291831618725
1730 10 -11.83845705485463 0.9985274141009215
1730 20 -10.75832646482602 0.9992691739270612
1730 30 -12.05861478262601 0.9994881658424135
1730 40 -12.31585556768685 0.9995996730636121
1730 50 -12.57361366849763 0.9996687127917649
1730 60 -12.76123978907938 0.9997164418805291
1730 70 -12.90894022689703 0.9997524906694508
1730 80 -13.02449196788717 0.999781006009629
1730 90 -13.10394217129293 0.999803986623591
1730 100 -13.15150248370026 0.9998227333158443
1730 110 -13.17590019608451 0.9998382067586105
1730 120 -13.18232044111421 0.9998511014422884
1730 130 -13.1705309547101 0.9998619262701685
1730 140 -13.12963648951283 0.9998710963767137
1730 150 -12.86942882516299 0.9998791069197189
1740 0 -13.72447281587515 0.5459786788942573
1740 10 -5.550621154084975 0.9985704379524214
1740 20 -4.404921634268527 0.9992898278974717
1740 30 -4.423729137599135 0.9995041456653271
1740 40 -4.5118012672338 0.9996116058424411
1740 50 -4.602416500981171 0.9996799935764212
1740 60 -4.663244949559228 0.9997277448148751
1740 70 -4.663410865237505 0.9997624799739513
1740 80 -4.518754602837519 0.9997887334209981
1740 90 -3.965581995641658 0.9998107952625184
1740 100 -3.972365275140733 0.9998271841976949
1740 110 -4.001362167464689 0.9998408447123902
1740 120 -4.530483042120349 0.9998532190055662
1740 130 -4.669148214957827 0.9998647207134128
1740 140 -4.651323995392383 0.9998740184007604
1740 150 -4.626761485087806 0.9998822940069501
1750 0 -4.069353211053478 0.5462512362774411
1750 10 -11.42438628149697 0.9986039754891469
1750 20 -11.76314884493858 0.9993071165891398
1750 30 -12.16119990846671 0.9995070829248465
1750 40 -13.1256226834583 0.9996100750190884
1750 50 -13.83799611687271 0.9996758266108985
1750 60 -13.84533926857644 0.9997205554475028
1750 70 -13.80445913765971 0.9997544302376411
1750 80 -13.14733463801626 0.9997827935472763
1750 90 -13.11697344978292 0.9998059771017465
1750 100 -12.8542802478507 0.9998249288214152
1750 110 -12.54908202223451 0.9998421905768031
1750 120 -12.82943821754587 0.9998554830891764
1750 130 -13.32884691663489 0.9998682243420469
1750 140 -13.33681112002809 0.999877648518751
1750 150 -13.33065289539327 0.999885641693735
1760 0 -2.968139210259851 0.5461471292016267
1760 10 -6.33231785795949 0.9986359975586896
1760 20 -8.384672700494917 0.9993366728710964
1760 30 -9.28631595807083 0.9995370165876893
1760 40 -9.558886667936395 0.9996350641367999
1760 50 -8.125532806163585 0.9996971824935541
1760 60 -7.42385907486874 0.9997412802775595
1760 70 -7.328212209409812 0.9997721588831872
1760 80 -6.705524492872941 0.9997962096358415
1760 90 -6.542026128727045 0.9998159374092698
1760 100 -6.510110553023683 0.9998313456107542
1760 110 -6.46762186668258 0.99984455633281
1760 120 -6.383927230547556 0.9998562088869578
1760 130 -5.718254610199716 0.9998681635074891
1760 140 -5.71059039640883 0.9998775403698515
1760 150 -5.707572409893718 0.9998855936751208
1770 0 +8.81155264651642 0.5465234657215191
1770 10 -12.18143111538577 0.9986693022933149
1770 20 -10.5228700569369 0.9993571374262575
1770 30 -10.46438820228399 0.9995501966080907
1770 40 -11.1448983299453 0.9996501742664525
1770 50 -10.4261180154442 0.9997110534706656
1770 60 -10.90478782270346 0.999753600041273
1770 70 -10.77361419425287 0.9997863264938047
1770 80 -10.19298300777701 0.9998132231077392
1770 90 -10.18353786515692 0.9998332741477469
1770 100 -10.13166793526318 0.9998491375132774
1770 110 -9.494164280257491 0.9998633564925417
1770 120 -9.53338616442902 0.9998739449001973
1770 130 -9.575287681977496 0.9998825473220316
1770 140 -9.621481620880944 0.9998897978418972
1770 150 -9.734543167373673 0.9998960483353079
1780 0 -1.657997144636442 0.5465426694158961
1780 10 -15.96186173309444 0.9986918592663945
1780 20 -14.45731012480127 0.999368586447391
1780 30 -14.45615721192191 0.9995581730085333
1780 40 -14.47226978466898 0.999650696245356
1780 50 -14.43134153252969 0.9997080881128581
1780 60 -14.40992217684402 0.9997481749612045
1780 70 -14.43471217613092 0.9997781405314412
1780 80 -14.50438602167719 0.9998016811217909
1780 90 -14.74171528137213 0.9998208159977839
1780 100 -15.2963899838159 0.9998377453999612
1780 110 -15.32365757010478 0.99985050198575
1780 120 -15.3353123520268 0.9998612169424066
1780 130 -15.33232873738137 0.9998705302026685
1780 140 -15.30977821131699 0.999878813372127
1780 150 -15.22299087608066 0.99988629840367
1790 0 +4.794108849499446 0.546589909507205
1790 10 -3.174094906437595 0.9986856717074152
1790 20 -3.555369310731122 0.9993586763458016
1790 30 -3.244666098335035 0.9995482959107985
1790 40 -3.082705855899321 0.9996455856776738
1790 50 -3.010108385351592 0.9997087365820534
1790 60 -2.994293740098835 0.9997539966972702
1790 70 -2.984320130725095 0.9997877580068368
1790 80 -2.960093227680298 0.9998137406507266
1790 90 -2.928413362501803 0.9998343143588178
1790 100 -2.901384415559291 0.9998508751679627
1790 110 -2.886599447071064 0.999864387568705
1790 120 -2.888437672256245 0.9998756056488811
1790 130 -2.910200212095019 0.9998850951547269
1790 140 -2.962843402401321 0.9998932563217529
1790 150 -3.220328791800206 0.9999004916767487
1800 0 +9.018190042330453 0.5461512538332097
1800 10 +0.3629711666023763 0.9987255566065512
1800 20 +1.112206328682756 0.9993868529526748
1800 30 +0.6639802121939038 0.9995737229262914
1800 40 +1.39811023514256 0.9996713629170374
1800 50 +2.092027990309249 0.9997335636785798
1800 60 +2.87927506138297 0.9997753182150255
1800 70 +3.662268560703874 0.9998085561140382
1800 80 +3.700009867709516 0.9998316175734761
1800 90 +3.726286099106638 0.9998496077758954
1800 100 +3.742857256454397 0.9998638994430407
1800 110 +3.754320884839004 0.999875470411177
1800 120 +3.764677627764863 0.9998850592742987
1800 130 +3.774350116991782 0.9998932046699416
1800 140 +3.781629284689441 0.9999002742205646
1800 150 +3.785620019503207 0.999906493672739
1810 0 -3.495032006485353 0.5462260814471194
1810 10 -6.11932707937073 0.9987206130016961
1810 20 -7.315043071154163 0.9993923988761467
1810 30 -7.188910957719818 0.9995812583924661
1810 40 -6.617523700548159 0.9996776914447933
1810 50 -6.54601497381976 0.9997368125238472
1810 60 -6.490719104946765 0.9997783557661246
1810 70 -6.433333590197164 0.9998093053002968
1810 80 -6.353313163081476 0.99983302935116
1810 90 -5.893146798195639 0.9998522321837889
1810 100 -5.62167289315363 0.9998691146356816
1810 110 -5.652860638895495 0.9998821507489933
1810 120 -6.188763021019566 0.9998937822705384
1810 130 -6.334876079853983 0.9999044806035948
1810 140 -6.309406624952826 0.9999127111198802
1810 150 -6.2412633688051 0.9999199121354001
1820 0 +6.995545438879025 0.5463530234086015
1820 10 -3.309527378158828 0.998731456468828
1820 20 -3.009442430186673 0.9994005142892688
1820 30 -2.782778876715204 0.9995852420599604
1820 40 -2.19717058902845 0.9996768594172454
1820 50 -2.350031747750009 0.9997355884649149
1820 60 -2.407501802907236 0.9997744080758608
1820 70 -2.537372458326927 0.9998025695009076
1820 80 -3.120216398437038 0.9998259458334549
1820 90 -3.109251839235651 0.9998435195501469
1820 100 -3.103768864365298 0.999858039514255
1820 110 -3.100270317697775 0.999870349420287
1820 120 -3.09524008270903 0.9998809800438899
1820 130 -3.087585844014717 0.9998903047939758
1820 140 -3.077991260263559 0.9998985913882011
1820 150 -3.067703106970302 0.9999060202184571
1830 0 +0.3406599461823219 0.5464706341300039
1830 10 -7.05676110513151 0.9987428282189417
1830 20 -8.667551487336699 0.9994097418025254
1830 30 -10.04388481512792 0.9995932201119018
1830 40 -9.607528144909644 0.9996811661392886
1830 50 -10.27618173272696 0.9997349219144439
1830 60 -10.33304461485004 0.9997713519020495
1830 70 -10.40782165561451 0.9997985812894448
1830 80 -10.4890409607925 0.9998202221098043
1830 90 -10.56529281023281 0.9998379537463657
1830 100 -10.62795364698335 0.999852711590226
1830 110 -10.69194087533335 0.9998652013321716
1830 120 -10.84933667672315 0.999876036522233
1830 130 -11.52180859534625 0.999887208637946
1830 140 -11.57579614750201 0.9998958430580991
1830 150 -11.63039641130652 0.9999035204645526
1840 0 +0.7747890410230671 0.5463936018405086
1840 10 -17.69907742866912 0.9987432920420461
1840 20 -18.29436645632692 0.9994148507634909
1840 30 -18.42848901629691 0.9995998458759512
1840 40 -17.50042875618453 0.9996910817552497
1840 50 -17.4997392191294 0.9997463431476541
1840 60 -17.37632278435662 0.9997840333756767
1840 70 -16.74274146888198 0.9998135703481901
1840 80 -16.1053559981654 0.9998366685007297
1840 90 -16.14667074324213 0.9998539745614442
1840 100 -16.18793926024763 0.9998680097303124
1840 110 -16.22807804771425 0.999879741735479
1840 120 -16.26778082728342 0.999889671484724
1840 130 -16.31546732416805 0.9998981281259243
1840 140 -16.62268705236293 0.9999055401454977
1840 150 -16.46029105787375 0.9999137920866321
1850 0 +0.3956465721466109 0.5463093013521342
1850 10 -13.36246977659756 0.9987601750229413
1850 20 -13.68565019426591 0.9994251244742587
1850 30 -14.28637681718279 0.9996095755155792
1850 40 -14.01346519795023 0.9996966561289358
1850 50 -13.21153187124262 0.9997496522227591
1850 60 -13.08741118700176 0.9997843797782457
1850 70 -12.41429637815582 0.9998103000901489
1850 80 -12.3483640114182 0.9998302212613714
1850 90 -12.36829223079739 0.9998452468256755
1850 100 -12.3898589321966 0.9998574525394563
1850 110 -12.40690417385962 0.9998676852252238
1850 120 -12.42100693950817 0.999876523995495
1850 130 -12.43289826137264 0.9998843595357663
1850 140 -12.44004166675818 0.9998914345715185
1850 150 -12.43698814393315 0.9998978777849055
1860 0 +5.972328616644473 0.5464120555215997
1860 10 +3.182028615157662 0.9987669799617214
1860 20 +1.854848939160446 0.9994290397213434
1860 30 +0.3005192074682752 0.9996043428884249
1860 40 -1.040831649997786 0.9996893064606819
1860 50 -1.817286439605851 0.999741883767305
1860 60 -1.407802351062604 0.9997774669211248
1860 70 -1.180390698985894 0.999806238030845
1860 80 -0.7705364685095051 0.9998302553772718
1860 90 -0.3713201444533125 0.9998479264470074
1860 100 -0.06103733606475026 0.9998638795557249
1860 110 -0.4092652922563856 0.9998763822517409
1860 120 -0.8135430598796342 0.9998884427147404
1860 130 -0.834094014967381 0.9998976414326998
1860 140 -0.8535557446919286 0.9999056434603371
1860 150 -0.8690585959730864 0.9999126639208524
1870 0 -2.138381811417958 0.546365221848921
1870 10 -0.9867745543425115 0.9987869839743193
1870 20 -1.689365828999811 0.9994371777793032
1870 30 -2.465095892647696 0.9996136770514004
1870 40 -4.140354231665011 0.99970217404217
1870 50 -3.021973220214506 0.9997576174448886
1870 60 -2.973958209470915 0.9997941582600947
1870 70 -2.938344286062774 0.9998208490146065
1870 80 -2.912374927384483 0.9998415396381742
1870 90 -2.893897462665837 0.9998582610544382
1870 100 -2.881780485551368 0.9998721252812344
1870 110 -2.87461646569657 0.9998837485288782
1870 120 -2.870862283174727 0.9998935701971496
1870 130 -2.869575553396452 0.9999019737978518
1870 140 -2.870505010049427 0.9999092846869349
1870 150 -2.873686583404195 0.9999157533055058
1880 0 -7.111865142975292 0.5463160269421601
1880 10 -5.412360553122067 0.9987563738314017
1880 20 -5.486803795787146 0.999407158317998
1880 30 -4.813166853849196 0.9995866384620413
1880 40 -4.948634068283193 0.9996769338220188
1880 50 -5.684098220379564 0.9997365574169284
1880 60 -5.812865603378532 0.9997775726508168
1880 70 -5.917416471499561 0.9998076663949751
1880 80 -6.005644740001337 0.999830773686448
1880 90 -6.083977201115287 0.9998490503294849
1880 100 -6.148854872075606 0.9998638148337575
1880 110 -6.191188131121489 0.99987597438013
1880 120 -6.202628450664925 0.9998861458102728
1880 130 -6.160097373621001 0.9998947478634039
1880 140 -5.491652572305608 0.9999033193804183
1880 150 -5.477322502345488 0.9999101172332374
1890 0 +0.8772590073030802 0.5462214920202568
1890 10 +5.256018412408869 0.9987762290921486
1890 20 +4.332406322689872 0.9994333300810707
1890 30 +3.81865772003983 0.9996129395175208
1890 40 +4.783461465375664 0.9997017432443183
1890 50 +5.452683799869074 0.9997582985726428
1890 60 +5.519709966410461 0.9997967406640277
1890 70 +5.55322603131136 0.9998256453529005
1890 80 +5.565007902526202 0.9998481281610856
1890 90 +5.568759054126732 0.9998657539131197
1890 100 +5.57191515276647 0.9998798142223462
1890 110 +5.577407129887376 0.9998912587011743
1890 120 +5.58654906917848 0.9999007303357506
1890 130 +5.599326024687858 0.9999087113728684
1890 140 +5.614550326697053 0.9999155648010536
1890 150 +5.630623212050761 0.999921543039225
1900 0 -5.644263569182167 0.5467409253108331
1900 10 -6.975686998486168 0.9987735995991858
1900 20 -7.704742187834865 0.9994149812308749
1900 30 -7.606583305833539 0.9995921577304292
1900 40 -6.869824601553324 0.9996780828729774
1900 50 -7.001812596427769 0.9997337012253624
1900 60 -6.475254468851972 0.9997711768461508
1900 70 -5.677350890129096 0.9998009807042104
1900 80 -5.641790242869571 0.999824306032728
1900 90 -5.697711506525242 0.9998426847720668
1900 100 -5.765897219673435 0.9998578235297029
1900 110 -5.839858028323325 0.9998704314450569
1900 120 -5.934041538907428 0.9998810575799484
1900 130 -6.608743917029649 0.9998910328637545
1900 140 -6.672996050759886 0.9998994915195633
1900 150 -6.680655565141821 0.9999062815094888
1910 0 +1.239346065649203 0.546491346181418
1910 10 -1.392324822116998 0.9987887742238649
1910 20 -1.175873247928419 0.9994300788388959
1910 30 -2.524142695504008 0.9996042805999366
1910 40 -1.868047395412794 0.999688382294438
1910 50 -1.280284144409334 0.9997408460241211
1910 60 -1.195450471785409 0.9997789964527772
1910 70 -1.286944333310197 0.9998076058922534
1910 80 -2.26455911399766 0.9998318893653131
1910 90 -2.672089537685838 0.9998522316322116
1910 100 -2.69197211573258 0.9998674869951396
1910 110 -2.717640681162521 0.9998800192459183
1910 120 -2.742222172173254 0.9998904303680308
1910 130 -2.758996275326191 0.9998991847685882
1910 140 -2.760447641491227 0.9999066610517595
1910 150 -2.723478199828898 0.9999131628033018
1920 0 +5.235035022895174 0.5464030276681709
1920 10 -1.423046061522399 0.9987688937109245
1920 20 -1.663584677795225 0.9994111952305715
1920 30 -2.864178332413479 0.9995811471556371
1920 40 -3.349196541101748 0.9996649309228054
1920 50 -3.53214632329079 0.9997171942242727
1920 60 -3.698688822168846 0.9997555371136323
1920 70 -3.76832271341424 0.9997859635289373
1920 80 -3.353461029485628 0.9998116553404628
1920 90 -3.070352608844272 0.9998340487384406
1920 100 -3.061309054492697 0.9998512486478317
1920 110 -3.105581717399719 0.9998654977661525
1920 120 -3.77180209565992 0.999879002714813
1920 130 -3.7615893256602 0.9998897226115528
1920 140 -3.748624216156048 0.9998986469532152
1920 150 -3.737689513291407 0.9999062931928759
1930 0 +4.381518662949254 0.5462298069757536
1930 10 -11.47134393769648 0.9987384062881095
1930 20 -10.24377825853229 0.9994039344367517
1930 30 -10.01907933584809 0.9995814062488868
1930 40 -10.10179864851094 0.9996705353626666
1930 50 -10.16414639561335 0.9997242140252346
1930 60 -10.21106968288203 0.9997624793056327
1930 70 -10.21817234856795 0.999792144642916
1930 80 -10.21156786235572 0.9998162033697634
1930 90 -10.21066037198007 0.9998362540716171
1930 100 -10.21005346870982 0.9998531704285385
1930 110 -10.181193667424 0.9998674610375753
1930 120 -9.768328176598501 0.9998798965507213
1930 130 -9.482740742255992 0.9998916798870027
1930 140 -9.482966044617124 0.9999005793914435
1930 150 -9.480022550641927 0.9999082589056154
1940 0 +0.8801505274757997 0.5463038485874532
1940 10 -7.79308672746366 0.9987540005489177
1940 20 -8.162133361610465 0.9994244050720194
1940 30 -7.185009836148037 0.9996092867385531
1940 40 -6.430714460517028 0.9996989185915619
1940 50 -6.39528080893608 0.9997518727510043
1940 60 -6.254723925509495 0.9997870488254501
1940 70 -5.707237196633768 0.9998142846258388
1940 80 -5.734666559416688 0.9998339930305771
1940 90 -5.781610490032646 0.9998499036792796
1940 100 -5.862439115485359 0.999863293526162
1940 110 -6.043937582314583 0.9998749288731722
1940 120 -7.098232185808965 0.9998871545979024
1940 130 -7.412612329149374 0.9998977214225313
1940 140 -7.415492054718851 0.9999055682438227
1940 150 -7.404309414495597 0.9999123318599393
1950 0 -7.364541966568493 0.5460805791426786
1950 10 -5.068174296632673 0.998765655541738
1950 20 -6.636990739963528 0.9994253778857817
1950 30 -7.534883330043517 0.9996060140434482
1950 40 -7.728963654115617 0.999696629219704
1950 50 -8.471141898790432 0.999749666251796
1950 60 -8.508719924733244 0.9997821793015704
1950 70 -8.535901195000124 0.9998045931306684
1950 80 -8.662872650405175 0.9998219158600208
1950 90 -8.873526591809078 0.9998381027940701
1950 100 -8.513874228200201 0.9998519223547033
1950 110 -8.521409815009298 0.999862813596551
1950 120 -8.52871716013788 0.9998725439179125
1950 130 -8.535535936255931 0.9998813551408762
1950 140 -8.542718151193521 0.9998893893057061
1950 150 -8.551747262205691 0.9998967357162876
1960 0 -1.15047491649704 0.5464967751488693
1960 10 -18.81491561233801 0.9987642289229994
1960 20 -19.44183989258008 0.9994165286079468
1960 30 -19.73425271543208 0.9995941159241992
1960 40 -20.66053312843131 0.999680842974457
1960 50 -20.91371503592779 0.9997331576238226
1960 60 -20.97100176297703 0.9997724350430568
1960 70 -20.37958501950101 0.9998034937569786
1960 80 -19.59575449762202 0.9998290961641152
1960 90 -18.91940253109301 0.9998467252760532
1960 100 -18.77244162578622 0.999859440357638
1960 110 -18.26938377719338 0.9998713106573003
1960 120 -18.28247529851151 0.9998800929961091
1960 130 -18.27998458562981 0.999887743977401
1960 140 -18.25178153781955 0.9998944971837237
1960 150 -18.15065528137131 0.9999004828488949
1970 0 +2.915987712352495 0.5462618228186507
1970 10 +0.4960081469044311 0.9987689415187143
1970 20 +0.1744848133979899 0.9994291005337175
1970 30 -0.9515155014709622 0.9996080258664725
1970 40 -0.2233546920015663 0.9996958784747554
1970 50 -1.111999350822396 0.9997491276375657
1970 60 -1.638766414493088 0.9997878556767754
1970 70 -1.793492798769155 0.9998150449087948
1970 80 -1.757984306974719 0.9998355956253833
1970 90 -1.11888271675579 0.9998538562357735
1970 100 -1.139109688998645 0.9998683350235966
1970 110 -1.158462600050387 0.9998802397853103
1970 120 -1.178802615879495 0.9998902002724519
1970 130 -1.206510980379985 0.9998985022003006
1970 140 -1.262726810858215 0.9999054317156453
1970 150 -1.875946527327742 0.9999121182262138
1980 0 +8.449567429270939 0.5464745330049665
1980 10 +10.67025867764429 0.9987711272028412
1980 20 +12.29838995242712 0.999434509152627
1980 30 +15.62720163114287 0.9996194591117731
1980 40 +15.39306664947692 0.9997084420472353
1980 50 +15.96170408766516 0.9997610126475138
1980 60 +15.04540178758083 0.9997996563994873
1980 70 +15.20219348803245 0.9998255956193232
1980 80 +15.32886003472609 0.9998451515996378
1980 90 +15.41905587539453 0.9998603986059963
1980 100 +15.47581898966456 0.999872586515673
1980 110 +15.50496076247905 0.999882622463456
1980 120 +15.51568805572224 0.9998910950962135
1980 130 +15.51726684241471 0.9998983665758857
1980 140 +15.51494032395697 0.9999046580915654
1980 150 +15.51042392140351 0.9999101196694056
1990 0 +8.639737918734451 0.5465471171844266
1990 10 +2.61638011055944 0.9988074886850264
1990 20 +3.048788458303207 0.9994577696609692
1990 30 +3.131880675004829 0.99964008890512
1990 40 +2.688277176175269 0.9997239490175971
1990 50 +2.863814980054277 0.9997720542809234
1990 60 +3.589752097017002 0.9998055606002769
1990 70 +3.659751185641422 0.9998283643339204
1990 80 +3.73128817379377 0.9998452795520929
1990 90 +3.826927639624803 0.9998586478306783
1990 100 +4.31475048368593 0.9998701937148569
1990 110 +4.635186705612176 0.999881301169431
1990 120 +4.67331007123023 0.9998899260343639
1990 130 +4.709785487461025 0.9998977936887936
1990 140 +4.741161734763843 0.9999052082974491
1990 150 +4.763997322632255 0.9999122829556879
2000 0 -4.866182139512217 0.5465287689073033
2000 10 +6.498497477753188 0.9988307545534496
2000 20 +6.782703168480205 0.999476731405343
2000 30 +7.042156411455112 0.9996423478797193
2000 40 +6.889319106927966 0.9997196781774952
2000 50 +8.188315722329664 0.9997671954625881
2000 60 +8.251948661240544 0.9997975420421352
2000 70 +8.230636514193353 0.9998203807157322
2000 80 +7.665102878087078 0.9998404789518396
2000 90 +7.74229918442173 0.9998559831787388
2000 100 +7.872761253900858 0.9998688871657103
2000 110 +8.530008651598086 0.9998813194101039
2000 120 +8.444424952843157 0.9998906014458506
2000 130 +7.828030307876025 0.9999000796531462
2000 140 +7.843746403811766 0.9999069769545881
2000 150 +7.852789245527369 0.9999129715701474
2010 0 +3.093602995684361 0.5462243227304955
2010 10 +4.984079657096815 0.9988574044632789
2010 20 +5.20906635387737 0.999475446217339
2010 30 +4.879329315568476 0.9996400233692471
2010 40 +3.19342167800748 0.9997215501621288
2010 50 +3.224395166948453 0.9997708892141641
2010 60 +2.826038625662145 0.999804676093249
2010 70 +2.546076350875112 0.9998279641636496
2010 80 +2.519859061293425 0.9998470973765283
2010 90 +3.829510276074078 0.9998645958892364
2010 100 +3.854734200242739 0.9998763761889784
2010 110 +3.893896398141585 0.9998860177437394
2010 120 +4.117965849718106 0.9998943906528679
2010 130 +4.608530403658657 0.9999032514950785
2010 140 +4.60627252932519 0.9999097268479615
2010 150 +4.606246034753127 0.9999154412195765
2020 0 -1.431124711103517 0.546605670849784
2020 10 +5.573038814645767 0.9988497522587169
2020 20 +6.48410006897983 0.9994870480367659
2020 30 +8.182571334203232 0.9996563725098365
2020 40 +8.134395370180945 0.9997373423358238
2020 50 +9.281079910594727 0.9997857388232546
2020 60 +9.605856982392009 0.9998184293000713
2020 70 +9.631177047900421 0.9998407269955626
2020 80  +9.648179586842 0.9998575965827925
2020 90 +9.655804549191611 0.9998708870205332
2020 100 +9.652000381795327 0.9998816684784984
2020 110 +9.634075555406298 0.9998906095790325
2020 120 +9.586637250401555 0.9998981565671983
2020 130 +8.967588661547731 0.9999055834588093
2020 140 +9.485270111016581 0.9999129567664877
2020 150 +9.532892584403026 0.9999188697064756
2030 0 -6.076356063542594 0.5465769999232002
2030 10 +10.25775053594712 0.9988309729507754
2030 20 +6.573169553886336 0.9994769283310518
2030 30 +4.923275173967217 0.9996472345580918
2030 40   +5.00402850077 0.9997243825550759
2030 50 +5.031354223401958 0.9997708889343306
2030 60 +5.426640016479521 0.9998036392276063
2030 70 +5.641883956186192 0.9998297517440057
2030 80 +5.60124488053197 0.9998497181282306
2030 90 +5.561226635543331 0.9998660319686534
2030 100 +5.494845708911853 0.9998794905276014
2030 110 +4.816316235057496 0.9998916660638882
2030 120 +4.759897562295405 0.9999018295522999
2030 130 +4.747503458316912 0.9999097386795028
2030 140 +4.715658580856802 0.9999163571037804
2030 150 +4.44513185745099 0.9999221000264072
2040 0 -6.713655982955299 0.5462964268295496
2040 10 +2.448812374246889 0.9987787051958172
2040 20 +2.055993873175495 0.9994356255173494
2040 30 +1.739641504912154 0.999617040615127
2040 40 +0.7944216665170867 0.9997033514020592
2040 50 +0.3083878432004323 0.9997580234015683
2040 60 -0.4274699850159762 0.9997958372283323
2040 70 -0.8272548270250759 0.9998231302022322
2040 80 -0.9432555374380476 0.9998462638790138
2040 90 -0.9350331629672199 0.9998617447869783
2040 100 -0.9202708995836373 0.9998735603990054
2040 110 -0.9061978982386476 0.9998828979321406
2040 120 -0.8951523638981695 0.9998905951448052
2040 130 -0.8864179090776392 0.999897180087764
2040 140 -0.8783605831794434 0.9999029802500219
2040 150 -0.8692606631175892 0.9999082099521142
2040 0 -6.7136559829553 0.5462964268295496
2040 10 +2.44881237424689 0.9987787051958172
2040 20 +2.055993873175494 0.9994356255173494
2040 30 +1.739641504912154 0.999617040615127
2040 40 +0.7944216665170858 0.9997033514020592
2040 50 +0.3083878432004332 0.9997580234015683
2040 60 -0.4274699850159767 0.9997958372283323
2040 70 -0.8272548270250759 0.9998231302022322
2040 80 -0.9432555374380476 0.9998462638790138
2040 90 -0.9350331629672199 0.9998617447869783
2040 100 -0.9202708995836377 0.9998735603990054
2040 110 -0.9061978982386476 0.9998828979321406
2040 120 -0.8951523638981687 0.9998905951448052
2040 130 -0.8864179090776392 0.999897180087764
2040 140 -0.8783605831794434 0.9999029802500219
2040 150 -0.8692606631175888 0.9999082099521142
2050 0 +3.227742100120453 0.5465371049305692
2050 10 +4.86749072965817 0.9987832866008555
2050 20 +3.424786834943013 0.9994467518589647
2050 30 +1.675834818254622 0.9996327640444291
2050 40 +1.81205225235118 0.9997196886264731
2050 50 +1.934651309880805 0.9997715530074458
2050 60 +2.03407277340393 0.9998069562096372
2050 70 +2.105477940344305 0.999832785562369
2050 80 +2.142687987513287 0.9998523978092602
2050 90 +2.132464127142683 0.9998678034550483
2050 100 +2.092947097506006 0.9998804034844957
2050 110 +2.087809954847693 0.9998912585845446
2050 120 +2.060813272459074 0.9999037573527032
2050 130 +2.031402161081672 0.9999130973115842
2050 140 +2.039923867179156 0.9999204155246613
2050 150 +2.055965557439965 0.9999267046297128
2050 0 +3.227742100120456 0.5465371049305692
2050 10 +4.867490729658169 0.9987832866008555
2050 20 +3.424786834943012 0.9994467518589647
2050 30 +1.675834818254621 0.9996327640444291
2050 40 +1.81205225235118 0.9997196886264731
2050 50 +1.934651309880805 0.9997715530074458
2050 60 +2.034072773403931 0.9998069562096372
2050 70 +2.105477940344305 0.999832785562369
2050 80 +2.142687987513286 0.9998523978092602
2050 90 +2.132464127142683 0.9998678034550483
2050 100 +2.092947097506006 0.9998804034844957
2050 110 +2.087809954847694 0.9998912585845446
2050 120 +2.060813272459074 0.9999037573527032
2050 130 +2.031402161081672 0.9999130973115842
2050 140 +2.039923867179156 0.9999204155246613
2050 150 +2.055965557439965 0.9999267046297128
2060 0 -0.7556776124422897 0.5466918351502565
2060 10 +1.161622366791909 0.9988072383438725
2060 20 +2.325699366637423 0.9994619976257169
2060 30 +3.131995202415753 0.99963684478548
2060 40 +3.495967201523994 0.999719438368972
2060 50 +5.430048694935667 0.9997716272709594
2060 60 +5.721148063230943 0.9998046207705431
2060 70 +6.388693710465038 0.9998300074281136
2060 80 +6.416708402952424 0.9998486351193985
2060 90 +6.427801723387695 0.9998639634656565
2060 100 +6.428320903885981 0.9998769618200378
2060 110 +6.424664188056555 0.9998880350384802
2060 120 +6.421701455577959 0.9998974491139565
2060 130 +6.421790842408029 0.9999054861851731
2060 140 +6.425217707468088 0.9999124077721508
2060 150 +6.431400474711642 0.9999184249781504
2070 0 -2.896752404498456 0.5465050474068731
2070 10 +5.397124065220662 0.9988013083900864
2070 20 +5.265993176368784 0.9994550307256207
2070 30 +4.53712615730862 0.9996279586370663
2070 40 +4.684854178661332 0.9997090632153935
2070 50 +5.615462099919295 0.9997605736302368
2070 60 +4.869628485752389 0.9997951423468315
2070 70 +4.793410275180353 0.9998196406059094
2070 80 +4.689570050867043 0.9998389954821465
2070 90 +3.976913913654891 0.9998562599066989
2070 100 +3.939103454628579 0.9998697928283485
2070 110 +3.916191522015972 0.9998807942625214
2070 120 +3.896984646788312 0.9998901717162776
2070 130 +3.88155613365451 0.9998982491141464
2070 140 +3.87036466498382 0.9999052032048809
2070 150 +3.863141679439655 0.9999112151899829
2080 0 -6.606979789576469 0.5464078091078319
2080 10 -6.52855205890135 0.9987966379434874
2080 20 -7.393911497311461 0.9994467238603909
2080 30 -7.350242373583008 0.9996193468753625
2080 40 -7.110940767343849 0.9997034298305428
2080 50 -7.137389924813024 0.9997556460887067
2080 60 -7.200127209444656 0.9997899016123251
2080 70 -7.154441183842655 0.999814118651145
2080 80 -6.364983970615441 0.9998332380898294
2080 90 -5.784274368636895 0.9998504300515723
2080 100 -5.76191404590294 0.9998625964151947
2080 110 -5.636147949660093 0.9998730342216315
2080 120 -4.987236616232313 0.9998838404906265
2080 130 -4.956683649362801 0.9998919827381358
2080 140 -4.913155264372915 0.9998990887570196
2080 150 -4.85523248929784 0.9999053709481351
2090 0 +4.821950976181369 0.5466218962630486
2090 10 +7.602488909866535 0.9987832224429184
2090 20 +7.24724418203734 0.9994467928447495
2090 30 +6.782655979603044 0.9996274704167156
2090 40 +8.051731026658166 0.9997124632556265
2090 50 +7.441796744016324 0.9997622433116795
2090 60 +7.469976005135849 0.999795732380714
2090 70 +7.494058293415516 0.9998201824773815
2090 80 +7.499314318073731 0.9998394481994504
2090 90 +7.497271896117226 0.9998552726367083
2090 100 +7.495129680115426 0.9998686478032817
2090 110 +7.494801972881421 0.9998801152888449
2090 120 +7.496314127022806 0.9998900124851507
2090 130 +7.500360120056486 0.9998986333655937
2090 140 +7.507493041462912 0.9999062063254234
2090 150 +7.517005493527737 0.9999128664734386
2100 0 +1.301897536580848 0.5465181506114568
2100 10 +5.257504767282137 0.9987787009312067
2100 20 +6.369626331025996 0.9994382480178727
2100 30 +5.186797344893925 0.9996156970126671
2100 40 +4.928126569096644 0.9997013829993499
2100 50 +4.389906090031818 0.9997558166676765
2100 60 +4.548540449303504 0.9997927058790531
2100 70 +4.731057822429533 0.9998203092906741
2100 80 +4.921202033093715 0.9998420553189528
2100 90 +5.394672993458355 0.9998599485117705
2100 100 +5.910564613914675 0.9998760417473977
2100 110 +6.622056116688866 0.9998895381743376
2100 120 +6.655888871587865 0.9998998297065901
2100 130 +6.677182191101558 0.9999083279346979
2100 140 +6.69361651035223 0.9999155869676548
2100 150 +6.706917814366026 0.9999218189265955
2110 0 +2.063211782483526 0.5466555330083896
2110 10 +12.54515111338564 0.998780836309723
2110 20 +14.6553336786771 0.999438524579791
2110 30 +14.50697019959496 0.9996149881094372
2110 40 +13.66635042326226 0.9997028717147671
2110 50 +14.35893008931716 0.9997566131435647
2110 60 +14.33649953947496 0.999792739770859
2110 70 +14.30674742050388 0.9998194716310929
2110 80 +14.28749735483054 0.9998405747516999
2110 90 +14.29008725333006 0.9998578052114153
2110 100 +14.31157207438742 0.9998719159117477
2110 110 +14.33822765784896 0.9998835094543976
2110 120 +14.35888877301688 0.9998930909598699
2110 130 +14.36954521219513 0.9999010362216676
2110 140 +14.37000778379917 0.9999077083973604
2110 150 +14.35923166847572 0.9999134251479018
2120 0 -4.886389554220878 0.5466366502560717
2120 10 +17.60116916331427 0.9987793581976933
2120 20 +15.97063318668742 0.9994272202369643
2120 30 +16.37077783436647 0.9996040993353128
2120 40 +17.41835060135467 0.9996920586234678
2120 50 +17.20135995889222 0.999749057224693
2120 60 +17.20852776675205 0.9997869129082753
2120 70 +17.20551948528092 0.9998150228969294
2120 80 +17.24054324443691 0.9998367599939366
2120 90 +17.45880687232365 0.9998540166464385
2120 100 +18.72511633353636 0.9998710291159143
2120 110 +18.7528208780276 0.9998826459530787
2120 120 +18.78387679865767 0.9998920347236886
2120 130 +18.81527275250455 0.9998999473166197
2120 140 +18.84196292999267 0.9999067319205877
2120 150 +18.85999649617515 0.9999126270474639
2130 0 +4.411371572399552 0.5462104761750751
2130 10 +20.10538488690435 0.998764556160098
2130 20 +19.66797236444021 0.9994247542574139
2130 30 +21.39149675933646 0.999611449057843
2130 40 +20.85430951641545 0.9997007807822715
2130 50 +20.89536072310378 0.9997540814337142
2130 60 +20.90583141128905 0.9997906682268998
2130 70 +20.90363856448689 0.9998178282248945
2130 80 +20.88013417076609 0.9998386545024094
2130 90 +20.80851375515329 0.9998548519378483
2130 100 +20.70852881305014 0.9998676745107418
2130 110 +20.05846202729877 0.9998789068847037
2130 120 +19.95674683299005 0.9998887178735834
2130 130 +19.95334494461083 0.9998964351788167
2130 140 +19.95414695781867 0.9999032392379446
2130 150 +19.95672676496813 0.9999092865192949
2140 0 +8.517372694826417 0.5466031317600402
2140 10 +7.082438071874678 0.998752905813548
2140 20 +5.495117695951365 0.9994146357544851
2140 30 +4.688278607109679 0.9996010355189568
2140 40 +4.783303541990073 0.999688036365407
2140 50 +4.56407475590085 0.9997411212973331
2140 60 +4.170255442916519 0.9997785175848531
2140 70 +4.685920421510289 0.9998076254483216
2140 80 +4.720752788342671 0.999828811628549
2140 90 +4.739024855600123 0.9998459287412114
2140 100 +4.741165856810596 0.9998601794386567
2140 110 +4.730333298019477 0.9998722985611288
2140 120 +4.711287387408199 0.9998827550534057
2140 130 +4.687879128330736 0.9998918673362756
2140 140 +4.660984784188458 0.9998998623246493
2140 150 +4.626296614879612 0.9999069065087639
2150 0 +5.027436351107204 0.5464454707528061
2150 10 +4.38617808566619 0.9987546164431637
2150 20 +6.776663947206853 0.999425681566865
2150 30 +7.486298447657504 0.999605087367565
2150 40 +6.900014406433954 0.9996940732997619
2150 50 +6.632544944307333 0.9997446381856356
2150 60 +6.209572647008429 0.9997812866126716
2150 70 +6.194321989165917 0.9998083074226609
2150 80 +6.181312808718609 0.9998297108999556
2150 90 +6.176857077818688 0.999846840362589
2150 100 +6.192710832506435 0.9998606278714769
2150 110 +6.40030314408774 0.9998719799665974
2150 120 +6.874140128444601 0.9998829745445859
2150 130 +6.844612738296671 0.9998909513009671
2150 140 +6.81593441805288 0.9998977999578309
2150 150 +6.788907415056251 0.9999037978721597
2160 0 -1.934741907121873 0.546232335354782
2160 10 +2.169755831489614 0.998756777162684
2160 20 +5.272022503526854 0.9994226074896497
2160 30 +4.840669293468567 0.9996012361192317
2160 40 +5.613800957834769 0.9996883339948935
2160 50 +6.906036837402024 0.9997436615573433
2160 60 +6.879241412736291 0.9997794235542049
2160 70 +6.835329848680567 0.9998058975628612
2160 80 +6.773424176532032 0.999826704682319
2160 90 +6.677417648007823 0.9998438473974478
2160 100 +6.072210037206734 0.999859263885815
2160 110 +5.901005673671103 0.9998732163604974
2160 120 +5.872928280630273 0.9998843319850923
2160 130 +5.851776649931811 0.9998938072024991
2160 140 +5.836936068562831 0.9999019227369332
2160 150 +5.827438873444267 0.9999089264756509
2170 0 +6.281797979928427 0.5463276367318064
2170 10 +8.588652382998774 0.9987248462595149
2170 20 +9.695582382538497 0.9994052929640455
2170 30 +10.12781585622133 0.9995898762955161
2170 40 +10.20857541936152 0.9996769139599826
2170 50 +10.85005378111956 0.9997316183063923
2170 60 +10.83793272856092 0.9997698767559755
2170 70 +10.38191508171731 0.9997989980743092
2170 80 +10.24648109688445 0.9998231643539319
2170 90 +10.31617981524391 0.9998417360470766
2170 100 +10.37575318553873 0.9998570170768818
2170 110 +10.42345828395621 0.9998698012213008
2170 120 +10.46203167434244 0.9998806156471295
2170 130 +10.49517469062908 0.9998898285984225
2170 140 +10.52604735410756 0.9998977220217455
2170 150 +10.5570640350209 0.999904525196236
2180 0 -7.048744545514506 0.5463509485428208
2180 10 -1.198053778857697 0.9987134922546166
2180 20 +0.3114073912723083 0.9993832282488297
2180 30 +0.920330991606914 0.9995634744964534
2180 40 +0.7032878851229274 0.9996528107168958
2180 50 +2.179158305495579 0.999711059959115
2180 60 +3.139773399681885 0.9997537889936725
2180 70 +3.766630195437723 0.9997849796310498
2180 80 +3.73487850037668 0.9998093059639874
2180 90 +3.670257947284262 0.9998290468274655
2180 100 +3.554157506085877 0.9998455118716814
2180 110 +2.75948915304264 0.9998600954552357
2180 120 +2.011685657750563 0.9998743435192254
2180 130 +1.777518619336634 0.9998843865861249
2180 140 +1.239755516908392 0.9998945042981993
2180 150 +1.21212345522229 0.9999017365404288
2190 0 -1.8089103575305 0.5462154986356826
2190 10 +3.305606128368724 0.9987382994631269
2190 20 +0.617613792772663 0.9994031303871831
2190 30 +0.6557947158046646 0.9995817582653537
2190 40 +0.598287032566202 0.9996674641387238
2190 50 +0.2488209509835105 0.999723881876239
2190 60 +0.8141582212594041 0.9997649390216972
2190 70 +1.357714475006345 0.9997963174583768
2190 80 +1.243329717103891 0.9998196342076395
2190 90 +1.129502383338594 0.999838387834824
2190 100 +0.9586560255348529 0.9998541209092666
2190 110 +0.305097779159871 0.9998689422818615
2190 120 +0.2443582934217994 0.9998805115259563
2190 130 +0.1895389517025214 0.9998902776202296
2190 140 +0.1385571949187945 0.9998986459962458
2190 150 +0.09255357385455198 0.9999059263948582
2200 0 +3.301771000624563 0.5463765116592533
2200 10 -3.217852218851997 0.9987591967237361
2200 20 -3.160899946643102 0.9994138304554734
2200 30 -4.217820612686927 0.999588724769102
2200 40 -4.52305419227463 0.9996761283189992
2200 50 -4.221229261817571 0.9997310354679043
2200 60 -4.876391506730082 0.9997690641220321
2200 70 -5.533381290723561 0.9997972241024765
2200 80 -5.552199193482466 0.9998175521981066
2200 90 -5.548155826304314 0.9998338116688129
2200 100 -5.501849531333492 0.9998473877053633
2200 110 -4.859731207397563 0.9998599387419287
2200 120 -4.802189519136347 0.9998706694521641
2200 130 -4.799857307821494 0.9998791840851875
2200 140 -4.798558515096523 0.9998865114323889
2200 150 -4.797597290632204 0.9998929973929098
2210 0 -4.505049127563282 0.5462158276686168
2210 10 +3.271776774219101 0.9987313311918073
2210 20 +1.323130550958608 0.9994086977358974
2210 30 +1.033880469014387 0.9995973131857125
2210 40 +0.2662279763336501 0.9996887204922146
2210 50 +0.2049964651561074 0.9997432177947795
2210 60 +0.181226522568549 0.9997812140500872
2210 70 +0.159264705303876 0.999809777569534
2210 80 +0.1295435266975775 0.9998319951136494
2210 90 +0.09382037101538865 0.9998496429950241
2210 100 +0.05521287703678679 0.9998639673876384
2210 110 +0.01521240788076472 0.9998758946699726
2210 120 -0.02707584484718994 0.9998860733215492
2210 130 -0.07743825489534206 0.9998948982860327
2210 140 -0.1660236613626473 0.9999025708785185
2210 150 -0.8511224383756688 0.9999106273955989
2220 0 +7.615416164403062 0.5464648852555419
2220 10 +0.8480708259140912 0.9987442923003478
2220 20 -0.306928814224277 0.999412975095916
2220 30 +0.6418603240346885 0.9995985159223897
2220 40 +1.263982307934591 0.999688348286223
2220 50 +0.3887704729938886 0.9997429867798844
2220 60 -0.1222185163221969 0.9997815614317903
2220 70 -0.2753276983133012 0.9998091689565715
2220 80 -1.032466536920544 0.9998325600204949
2220 90 -1.567453044480663 0.9998517330122223
2220 100 -1.523597592252221 0.9998660555448851
2220 110 -1.413118787465841 0.999877798922833
2220 120 -0.7589063151230859 0.9998892434344946
2220 130 -0.7410981134953374 0.9998977094160866
2220 140 -0.7168090353067091 0.9999049388764045
2220 150 -0.6786025396515174 0.9999113015300455
2230 0 -6.713312819481741 0.5462427294765877
2230 10 -1.882937717541733 0.9988032865693074
2230 20 -2.49529939565729 0.9994503862109428
2230 30 -1.731002451751281 0.9996178339954241
2230 40 -0.7282435107661445 0.9996990244084984
2230 50 -0.7139039544726085 0.9997523327832192
2230 60 -1.431893624923857 0.9997887650451138
2230 70 -1.539061872483139 0.9998148490005738
2230 80 -1.661415777346762 0.9998349776487601
2230 90 -2.387581948567997 0.9998522923168471
2230 100 -2.97943750252198 0.9998668883675828
2230 110 -2.902895867421901 0.9998776736441259
2230 120 -2.809296797391257 0.9998867273144372
2230 130 -2.621863807645957 0.999894615275415
2230 140 -2.023885297726912 0.9999031968923863
2230 150 -2.004399896533316 0.999909242786706
2240 0 +9.071674150109668 0.5464544168727357
2240 10 +7.228154405660591 0.9988113741247666
2240 20 +9.078281355135239 0.9994496048256742
2240 30 +10.38912813017487 0.999623116475614
2240 40 +10.58422299816827 0.9997083252968694
2240 50 +11.82245833280132 0.9997596074314282
2240 60 +11.74136709520711 0.9997919269658799
2240 70 +11.13021859125999 0.9998165009605873
2240 80 +11.15358330329239 0.99983500131011
2240 90 +11.18651667589163 0.9998507202566371
2240 100 +11.21397462748228 0.9998640059079036
2240 110 +11.28829072745678 0.9998781978337732
2240 120 +11.31463498698713 0.9998878382635834
2240 130 +11.33037316280532 0.9998957441783006
2240 140 +11.33950985293639 0.9999025037671012
2240 150 +11.34357180674503 0.9999083107239888
2250 0 +0.5792200299158494 0.5466185340878099
2250 10 -2.458092443584467 0.9987867234116297
2250 20 +0.5507724531197582 0.9994382748102549
2250 30 +0.9604897270367114 0.9996164436009436
2250 40 +0.1367858545551995 0.9997035511763326
2250 50 -0.1631300909219719 0.9997598307439191
2250 60 -0.1563718982857433 0.9997958090802441
2250 70 -0.1337174061138857 0.9998218761748938
2250 80 -0.1162063812389772 0.9998417840656701
2250 90 -0.1068939728021396 0.9998577573738285
2250 100 -0.1053866095544393 0.9998710703706699
2250 110 -0.108990137531654 0.9998823537197616
2250 120 -0.1130463098244736 0.9998918044347122
2250 130 -0.1141649772543564 0.9998996602974721
2250 140 -0.1117617917017109 0.9999062907525429
2250 150 -0.1066348672350748 0.9999120017920213
2260 0 -2.212704269808143 0.5465293250509171
2260 10 +1.275762483000482 0.9987838491294256
2260 20 +1.396965449045946 0.9994329392537853
2260 30 +1.512801416946643 0.9996118904361726
2260 40 +1.673529995975143 0.9996964770663053
2260 50 +2.648195813540204 0.9997480745312004
2260 60 +2.393642172067143 0.9997837854744904
2260 70 +2.235591401571623 0.999809755209548
2260 80 +2.234139752349244 0.9998291087068785
2260 90 +2.239572838663165 0.9998447338136753
2260 100 +2.262710389306492 0.9998577434030085
2260 110 +2.331853930812213 0.9998688632017873
2260 120 +2.968917680846219 0.999880072397064
2260 130 +2.972708998003575 0.9998887377723144
2260 140 +2.975853826705038 0.9998960685867506
2260 150 +2.978965295259169 0.9999024223161974
2270 0 +1.964859428735894 0.546496300886502
2270 10 +10.78768799433835 0.9987854842370349
2270 20 +12.64806342916724 0.999430064473265
2270 30 +13.44808271491545 0.999609803178324
2270 40 +12.90596915916206 0.9996953652910405
2270 50 +12.95435490854039 0.9997490038830781
2270 60 +12.89990110388639 0.9997868141690699
2270 70 +12.18899590603827 0.9998163930979223
2270 80 +12.11339447829678 0.9998382111066616
2270 90 +11.56307957721374 0.9998558125471324
2270 100 +11.28969217786869 0.9998709583093192
2270 110 +10.81779289010483 0.9998828919238838
2270 120 +10.36476901680635 0.9998940881722616
2270 130 +9.827882283881699 0.99990403004192
2270 140 +9.826250008292595 0.9999111450154528
2270 150 +9.825263672661286 0.9999171819749693
2280 0 +1.805343445536391 0.5467120416405528
2280 10 +11.78058573496591 0.9987958788549078
2280 20 +13.4133931399569 0.9994313758354822
2280 30 +13.871051423498 0.9995983728128277
2280 40 +14.75289026402648 0.9996782532622923
2280 50 +15.95167783072138 0.9997294576728302
2280 60 +15.87298572247559 0.9997639451577309
2280 70 +15.73845668182038 0.9997907779986748
2280 80 +14.96760064540505 0.9998140305984651
2280 90 +14.30202341142334 0.9998338341690391
2280 100 +14.28788557323205 0.9998491819519904
2280 110 +14.22677428322032 0.9998620657358552
2280 120 +13.54613641363424 0.9998746678322856
2280 130 +13.5563515098417 0.9998846436368203
2280 140 +13.57850674983029 0.9998932220493923
2280 150 +13.6395682294535 0.9999008338494009
2290 0 -1.58078953059356 0.5461329115684732
2290 10 +14.88309428931607 0.9988003207998917
2290 20 +13.04583956476656 0.9994479313595324
2290 30 +12.73735473322168 0.9996223221001498
2290 40 +12.78284191316079 0.9997024151369661
2290 50 +12.36711457304086 0.9997509426432549
2290 60 +12.06013935475286 0.999785791387054
2290 70 +12.00101028497263 0.9998113613877289
2290 80 +11.90694126387654 0.9998321350383799
2290 90 +11.23345113144251 0.999850832164211
2290 100 +11.22630651197779 0.9998663780857542
2290 110 +11.26035290960836 0.9998789993752872
2290 120 +11.29666540168062 0.9998894703158907
2290 130 +11.32787087596678 0.9998981513684913
2290 140 +11.35267592008858 0.9999054427980948
2290 150 +11.37267595217801 0.9999117086837948
2300 0 -1.880810341945276 0.5465588142925728
2300 10 +6.919331123098726 0.9988086881874407
2300 20 +7.197898713648399 0.9994484947395514
2300 30 +7.228636718318733 0.9996183767020965
2300 40 +8.205164547742124 0.9996993782378761
2300 50 +8.296756615598548 0.9997512389345682
2300 60 +9.57055019098345 0.9997869378825448
2300 70 +9.954799203695135 0.9998127899557205
2300 80 +10.45186348270801 0.9998336123231423
2300 90 +11.0157081090385 0.9998507743038704
2300 100 +10.9654316332757 0.9998638844108672
2300 110 +10.91610454441101 0.9998748712453418
2300 120 +10.83163380844769 0.9998843695316496
2300 130 +10.22355110901805 0.9998933225690002
2300 140 +9.536274792989424 0.9999021938067461
2300 150 +9.409340149873305 0.9999093949739667
2310 0 -2.546868234875671 0.5465228372687161
2310 10 +0.4472293166014092 0.998784790483624
2310 20 +3.19063448006638 0.999432274160202
2310 30 +3.899246843185735 0.9996034466240298
2310 40 +4.399927832317108 0.9996857549221868
2310 50 +3.711597860230953 0.9997378718526225
2310 60 +3.159426731209165 0.9997755582818806
2310 70 +2.605660371841245 0.9998045352012723
2310 80 +2.708128460704666 0.9998259324348819
2310 90 +2.918803924954039 0.9998430174284008
2310 100 +3.600959104483541 0.9998587322975283
2310 110 +3.840562528329564 0.9998706400415889
2310 120 +4.398448351086549 0.9998821049399589
2310 130 +4.426364869944722 0.9998903123744901
2310 140 +4.44565636433492 0.9998973048019991
2310 150 +4.444968473698856 0.9999034640206396
2320 0 +0.9865998114053394 0.5464495414064292
2320 10 +1.478573001631614 0.9987800383604437
2320 20 +1.817303232901843 0.9994376459767413
2320 30 +3.112710454241143 0.9996142516171461
2320 40 +3.663516983192139 0.9996975518866351
2320 50 +3.739443349535402 0.9997487807184459
2320 60 +4.094191754252677 0.9997839175353928
2320 70 +4.233657381126378 0.99980895666466
2320 80 +4.904823924340156 0.9998302019307395
2320 90 +4.906122038436079 0.999846282919614
2320 100 +4.900080891797952 0.99985946877984
2320 110 +4.898173806563207 0.9998705564911829
2320 120 +4.928902354380765 0.9998800546733608
2320 130 +5.569791235890817 0.9998896617774924
2320 140 +5.534840178657944 0.9998973385682957
2320 150 +5.468310594414373 0.9999037825486714
2330 0 +2.800389456365095 0.5465818164866316
2330 10 +2.189210526267932 0.9987927337884011
2330 20 +1.586388930507995 0.9994481799022815
2330 30 +1.844468174042583 0.9996255950998514
2330 40 +1.957943262285899 0.9997088790997328
2330 50 +1.998199540531348 0.9997589504160684
2330 60 +1.998349790177088 0.9997935543236172
2330 70 +1.988778836058582 0.9998195372822232
2330 80 +1.971798879322276 0.9998397459111401
2330 90 +1.949014428370581 0.9998559024147784
2330 100 +1.926138481473229 0.9998692293697865
2330 110 +1.906824164557384 0.9998805097684458
2330 120 +1.891086727035424 0.9998902401160467
2330 130 +1.877695307368427 0.9998987570343519
2330 140 +1.866092477333738 0.9999063010584381
2330 150 +1.856586357534829 0.9999130452498065
2340 0 +0.1754703017236481 0.5466573090479898
2340 10 +18.55601101102871 0.9987894584445475
2340 20 +16.06415833389463 0.9994437336678894
2340 30 +14.53478412181845 0.9996237265898971
2340 40 +14.58839662463458 0.9997118827429252
2340 50 +15.25876615910991 0.9997672994203624
2340 60 +15.24798132918809 0.9998051502141219
2340 70 +14.93869966188629 0.999832841515683
2340 80 +13.26657130450199 0.9998573191093164
2340 90 +13.14505054414234 0.9998747207944818
2340 100 +13.16920546152388 0.9998873580254686
2340 110 +13.17288066296907 0.999897563361839
2340 120 +13.09644165149939 0.9999060590862592
2340 130 +12.53197561928074 0.9999149913786787
2340 140 +12.56661790427667 0.9999213488200964
2340 150 +12.59546777879531 0.9999268087817981
2350 0 -5.220539834669009 0.5463368252634663
2350 10 +6.575796152665871 0.9987910296466004
2350 20 +7.957023584687748 0.9994363785523482
2350 30 +9.763667271754061 0.9996146705129552
2350 40 +9.310295512599112 0.9997034419956458
2350 50 +9.362608669073484 0.9997581239643824
2350 60 +9.409759942150094 0.9997957957864053
2350 70 +9.488450382672063 0.9998235283852267
2350 80 +9.821480744525495 0.9998451081251722
2350 90 +10.27706516736633 0.9998635987341148
2350 100 +10.30488546595135 0.9998770779534421
2350 110 +10.32465705932252 0.9998878410595923
2350 120 +10.33774076262355 0.9998965996798668
2350 130 +10.34625948264038 0.9999038943198698
2350 140 +10.35216145453089 0.9999101157394021
2350 150 +10.35670236857172 0.99991553008172
2360 0 +2.493218851995774 0.5466095406078054
2360 10 +2.64270179933661 0.9988015388210632
2360 20 +2.94760966653198 0.999437958011625
2360 30 +3.06016204614382 0.9996197085170844
2360 40 +3.187786586057006 0.9997053997240444
2360 50 +2.869927538077735 0.9997605163833843
2360 60 +2.769664234524684 0.9997959555096081
2360 70 +2.675027063038524 0.9998211942748282
2360 80 +2.544621434332387 0.9998402755886764
2360 90 +1.834699543673895 0.9998569926804395
2360 100 +1.807842105201487 0.9998699208510384
2360 110 +1.79684586764124 0.9998810416011866
2360 120 +1.799228887092887 0.9998909018621216
2360 130 +1.811085493270066 0.9998995219314237
2360 140 +1.827182998940369 0.999907014251519
2360 150 +1.844271723813381 0.9999135664864265
2370 0 -6.029351116956111 0.5466176924400825
2370 10 -6.690370338523564 0.9987874672015351
2370 20 -5.359784134087861 0.9994325361078189
2370 30 -5.234387679380839 0.999605483437886
2370 40 -4.460224724577254 0.9996927999662416
2370 50 -4.595567722609187 0.9997464239336757
2370 60 -5.277610531368149 0.9997845911627573
2370 70 -5.478989712605475 0.9998126776080158
2370 80 -5.5687984303921 0.9998326909961095
2370 90 -5.645993420151052 0.9998479289180231
2370 100 -5.71062772030069 0.9998599782453503
2370 110 -5.765840539682557 0.9998699344324529
2370 120 -5.815588208941024 0.9998785608831879
2370 130 -5.864436382178386 0.9998863266995084
2370 140 -5.921132158326403 0.9998934656969192
2370 150 -6.033872619920894 0.9999000756103518
2380 0 +2.698565086986431 0.5464644104443495
2380 10 -0.6300656255868908 0.9987567368964769
2380 20 -3.695745286094457 0.9994272852244879
2380 30 -2.904020225617597 0.9996078447223933
2380 40 -3.510063143029771 0.9996940597219817
2380 50 -3.497236262404245 0.9997441951907544
2380 60 -3.521752631875152 0.9997788263892351
2380 70 -3.547106911037145 0.9998048633332399
2380 80 -3.52112996085591 0.9998254511712223
2380 90 -3.210096324847627 0.9998425126079467
2380 100 -2.774454206878648 0.9998581965558186
2380 110 -2.32656576188965 0.999870449644624
2380 120 -2.044902441377291 0.9998820094579686
2380 130 -2.041090913754765 0.9998908071914463
2380 140 -2.032312130576056 0.9998985630765347
2380 150 -2.019107851774751 0.9999055340540359
2390 0 -5.033247626312141 0.5463422477751555
2390 10 -1.741277283900853 0.9987521603557625
2390 20 -2.18593592254025 0.9994208486936572
2390 30 -1.902340225428178 0.9996015972503307
2390 40 -2.432620141224751 0.9996940598880715
2390 50 -2.467358772435911 0.999747071543021
2390 60 -2.513767136779683 0.9997836185827356
2390 70 -3.158463309331086 0.999812301397036
2390 80 -2.89754150736287 0.9998349158744555
2390 90 -2.429562954463018 0.9998540168453233
2390 100 -2.475587552753869 0.9998705792762154
2390 110 -2.690028959915732 0.9998835492449807
2390 120 -2.739318958738984 0.9998931989941202
2390 130 -2.791808687007578 0.9999013106084318
2390 140 -2.84784179274696 0.9999083446407937
2390 150 -2.908370681924235 0.9999146368051932
2400 0 +5.479090594175519 0.5464139097159717
2400 10 -11.88072432087754 0.9987474971235093
2400 20 -11.05762890270741 0.9994284919449486
2400 30 -10.32726956332096 0.9996120366629152
2400 40 -9.580196096484135 0.9996992871878509
2400 50 -9.457536012088291 0.9997506813215269
2400 60 -9.33702359529399 0.9997858127156114
2400 70 -8.859871936384991 0.999812205956967
2400 80 -8.559034141331917 0.9998339804144004
2400 90 -8.551471010619215 0.9998508400544801
2400 100 -8.546998520939967 0.999865116401209
2400 110 -8.52698467211451 0.9998766884411404
2400 120 -8.436821596156094 0.9998861986923734
2400 130 -7.790238652556983 0.9998959638178604
2400 140 -7.801354229179543 0.9999031237294947
2400 150 -7.810608217685164 0.9999093135283288
2410 0 -2.529201874586317 0.5465286838827316
2410 10 -12.13664509528352 0.9987322184598855
2410 20 -11.38238474809742 0.9994007631015893
2410 30 -10.2035342432987 0.9995796843286766
2410 40 -9.338753602195553 0.9996681741492618
2410 50 -8.828501052601224 0.999725090299951
2410 60 -9.323936660102346 0.9997655384755948
2410 70 -9.238632921946053 0.9997945951657927
2410 80 -8.326381104602987 0.9998189346571542
2410 90 -7.905072056952894 0.9998386939999435
2410 100 -7.901480402325361 0.9998534118865302
2410 110 -7.844162549176822 0.9998656559339479
2410 120 -7.611122237990458 0.9998761955068385
2410 130 -6.338796142090797 0.9998886958243127
2410 140 -6.308601894555492 0.9998968434325746
2410 150 -6.242327652389971 0.9999037847830881
2420 0 +8.108575110297105 0.5463156734145235
2420 10 -1.903879381130225 0.9987512223180863
2420 20 -3.549991415567478 0.9994108603904847
2420 30 -2.716277669006139 0.9995878779866693
2420 40 -2.649397217530095 0.9996741885945408
2420 50 -2.797269396295033 0.9997298322540487
2420 60 -2.812660977533459 0.9997673334076633
2420 70 -2.764629145202188 0.9997942451571731
2420 80 -2.144511781840505 0.9998168088213168
2420 90 -2.09659663591682 0.9998339461773715
2420 100 -2.041775772920838 0.9998483205334696
2420 110 -2.004668851397348 0.9998607509538018
2420 120 -1.983225107231978 0.999871623960235
2420 130 -1.970561930233095 0.9998812230626939
2420 140 -1.962662237456986 0.9998898158745564
2420 150 -1.957653854127333 0.999897631894469
2430 0 +3.266166013122532 0.5463935552847234
2430 10 -3.933352041917028 0.9987747852264051
2430 20 -4.379182606846001 0.9994172932667029
2430 30 -3.556638673798801 0.9995913222944113
2430 40 -3.039847616694595 0.9996833308015259
2430 50 -4.361672555334262 0.9997409342948935
2430 60 -4.386204904837722 0.9997806956520415
2430 70 -4.378791681658904 0.9998100665409231
2430 80 -4.386569633426822 0.9998327880213306
2430 90 -4.411812388429457 0.9998506052678998
2430 100 -4.44964596282927 0.9998647815631712
2430 110 -4.492982512391609 0.9998763680665238
2430 120 -4.535118972132168 0.9998861310758675
2430 130 -4.572266991479673 0.9998945696103102
2430 140 -4.603989010049784 0.9999019933680249
2430 150 -4.631674008286364 0.9999085952609902
2440 0 -10.83473626075568 0.5464228518533334
2440 10 +12.12550872841588 0.9987585515138622
2440 20 +13.42859846151313 0.9994292449522452
2440 30 +13.99444272157439 0.999612342394939
2440 40 +13.47632113468656 0.999700686422504
2440 50 +13.49498582386557 0.9997536536339571
2440 60 +13.44701222873454 0.9997906174326436
2440 70 +13.34433120840517 0.9998182353020587
2440 80 +13.24018677951665 0.9998393132028159
2440 90 +13.14978068042741 0.9998555541317475
2440 100 +13.04911433587407 0.9998683284056268
2440 110 +12.44250789377683 0.9998792585226377
2440 120 +12.2504723853534 0.9998890294106407
2440 130 +12.15387955188105 0.999896421712362
2440 140 +11.52109136325456 0.9999045127010907
2440 150 +11.53489837059728 0.9999104134249095
2450 0 -3.114670521152745 0.5463943112782029
2450 10 +9.460201973182535 0.998760407316714
2450 20 +9.040661065132868 0.9994225515233605
2450 30 +8.385797977727332 0.9996019140597452
2450 40 +8.376376670628147 0.9996888070110542
2450 50 +8.880641748714735 0.9997429801618507
2450 60 +8.102497184604172 0.999780557560026
2450 70 +7.565427945998924 0.9998090680400868
2450 80 +7.588590724247657 0.9998300929063013
2450 90 +7.606451936866192 0.9998473000484909
2450 100 +7.62194280993354 0.9998618088076402
2450 110 +7.63577497504444 0.9998742858844847
2450 120 +7.647480471024666 0.9998851627091093
2450 130 +7.656195336578464 0.9998946870793202
2450 140 +7.661690388143343 0.9999029562390416
2450 150 +7.664788369691649 0.9999100254717683
2460 0 +3.576976424417456 0.546323273663279
2460 10 +13.45114927828524 0.9987398377897627
2460 20 +13.11682529101954 0.9994082622620046
2460 30 +12.18630847077071 0.9995987768045218
2460 40 +11.55636134036097 0.9996910647879607
2460 50 +11.83857224950636 0.9997507172797043
2460 60 +11.15150285114611 0.9997907385785858
2460 70 +10.84336789455245 0.9998199299794848
2460 80 +9.643248220480743 0.9998443338067358
2460 90 +9.701146633334524 0.9998608485240397
2460 100 +9.736676377171502 0.9998741124075494
2460 110 +9.742495335277461 0.9998850310288123
2460 120 +9.725543337800024 0.9998941059076678
2460 130 +9.702666902361727 0.999901822759459
2460 140 +9.685860983254777 0.999908547112982
2460 150 +9.677425653627095 0.9999145193259786
2470 0 +0.3626665853969997 0.546281702130063
2470 10 +19.47283505559654 0.9987587189223948
2470 20 +19.76163179950538 0.9994220502119009
2470 30 +19.23504189023102 0.9996018647769251
2470 40 +18.14968931963568 0.999691178289992
2470 50 +18.16046490005587 0.9997440978189582
2470 60 +17.53410571624999 0.9997809226365214
2470 70 +17.29579406383809 0.9998068612837503
2470 80 +16.93170351565561 0.9998277792597334
2470 90 +17.00735954964414 0.999843217913434
2470 100 +17.07711157824255 0.9998560167652841
2470 110 +17.1279102644612 0.9998670278365125
2470 120 +17.1537200934089 0.9998766978910403
2470 130 +17.15036073782305 0.999885310037127
2470 140 +17.08361812700725 0.9998930946156642
2470 150 +16.40291172548149 0.9999016881033518
2480 0 +0.45452252426879 0.5463825547704975
2480 10 +1.277055108796022 0.998764139860848
2480 20 +2.294733610076237 0.9994238127251074
2480 30 +1.191053083657124 0.9996055575500281
2480 40 +1.312114851935628 0.9996879892609658
2480 50 +1.925358240528034 0.9997383827940716
2480 60 +2.014244310635801 0.9997740846354917
2480 70 +1.968822196242449 0.9998005828214223
2480 80 +1.902091522657321 0.9998217686127465
2480 90 +1.755535066421804 0.9998387714620377
2480 100 +1.041703559274753 0.9998539727471945
2480 110 +0.7907009684170365 0.999865604378282
2480 120 +0.3537520490523769 0.9998769202531945
2480 130 +0.9647503212906572 0.9998866451068534
2480 140 +0.9157397786994621 0.9998941185297185
2480 150 +0.8607135693470394 0.9999004276218305
2490 0 -0.7467924344196453 0.5463821493279395
2490 10 -6.597309728760401 0.998784884976021
2490 20 -6.827444743121241 0.9994372414356592
2490 30 -7.568244929511592 0.9996201155127866
2490 40 -7.578564067042056 0.9997048626995906
2490 50 -7.607640303874822 0.9997563348758105
2490 60 -7.643834163948416 0.9997926232980081
2490 70 -7.675456852368482 0.9998203075451425
2490 80 -7.703872771743118 0.9998421037968512
2490 90 -7.748018488628372 0.9998593219842776
2490 100 -8.302481438336528 0.9998737493216276
2490 110 -8.152101088296456 0.9998861187763335
2490 120 -7.686810458616087 0.9998971080828079
2490 130 -7.690003943314361 0.9999053200365635
2490 140 -7.695975520223367 0.9999125516077427
2490 150 -7.703797352809929 0.9999190178948012
2500 0 +1.657953645095285 0.5464209721662785
2500 10 -13.54257936938409 0.9987786498772215
2500 20 -14.27738163530015 0.9994313599744979
2500 30 -15.45840416987366 0.9996033109183193
2500 40 -15.50577892807686 0.9996853920178851
2500 50 -15.01563155394605 0.9997355990662846
2500 60 -15.4596664725298 0.9997728318417374
2500 70 -15.42173700600555 0.9997991600593182
2500 80 -15.39110078349683 0.9998200345240653
2500 90 -15.361311630927 0.9998375495668876
2500 100 -15.32637819996403 0.9998527292885662
2500 110 -15.28628241606084 0.9998659073344034
2500 120 -15.24454421643976 0.9998771941842729
2500 130 -15.20259252566652 0.9998867450875771
2500 140 -15.15747380142315 0.9998947994235543
2500 150 -15.09287800287133 0.9999016176070317
2510 0 -6.205908943056379 0.546393201672672
2510 10 -13.09419110852007 0.9987815565732165
2510 20 -11.71764744574279 0.9994319386250214
2510 30 -12.56208759023161 0.9996111081133896
2510 40 -13.49699966589025 0.9996995483677774
2510 50 -12.72711329874787 0.9997544921807406
2510 60 -12.94877988685419 0.9997897732550636
2510 70 -14.21533531844996 0.9998188893252986
2510 80 -14.11015920552634 0.9998391196631902
2510 90 -13.44780636944236 0.9998568819843172
2510 100 -13.44682527467894 0.9998702234625099
2510 110 -13.44373456689882 0.9998813586553752
2510 120 -13.44075385477147 0.9998908669331807
2510 130 -13.43986967915582 0.9998990237206177
2510 140 -13.44192281344184 0.9999060226093492
2510 150 -13.44687370922797 0.9999120357592377
2520 0 -3.144275832311547 0.546065725272916
2520 10 -6.912061973379782 0.9987770102826077
2520 20 -7.09845517548446 0.9994270071012242
2520 30 -7.964588637318895 0.9996124348415656
2520 40 -8.056144043680288 0.9996973355721621
2520 50 -9.217303523194257 0.9997509157903792
2520 60 -9.300701448910413 0.9997890440683921
2520 70 -8.705283485598928 0.9998173323048479
2520 80 -8.73836735089013 0.9998380029112698
2520 90 -8.79081649039955 0.9998545225131037
2520 100 -8.872828635619809 0.9998682907501313
2520 110 -9.283229351098125 0.9998803607873652
2520 120 -9.661782094213807 0.9998920791068313
2520 130 -9.694202937890122 0.9999008682331549
2520 140 -9.733773704897178 0.999908338336124
2520 150 -9.798200243964185 0.9999146877405543
2530 0 +7.779383295553735 0.5464620167091161
2530 10 -16.77735534746459 0.998767464070295
2530 20 -17.31012457137827 0.9994235327370096
2530 30 -17.97042094365172 0.9995972462914313
2530 40 -18.03465186568542 0.9996777040554681
2530 50 -18.10025217204205 0.999727869668959
2530 60 -18.11696412915082 0.9997644280212007
2530 70 -18.03156593792003 0.9997932144829895
2530 80 -16.78060677534249 0.9998188306298768
2530 90 -16.74938711750059 0.9998394298551745
2530 100 -16.82013032116882 0.9998551933063602
2530 110 -16.89097802589178 0.9998681044134803
2530 120 -16.95917492027586 0.9998787562489031
2530 130 -17.02310414535685 0.999887698961897
2530 140 -17.07998997446805 0.9998954016499693
2530 150 -17.12742101005524 0.9999021854457421
2540 0 -3.927640848247253 0.5464817076355006
2540 10 -1.443202189749067 0.9988329414450769
2540 20 -1.992453067462785 0.9994643932640419
2540 30 -2.754121093273269 0.9996295833280806
2540 40 -2.597125968211589 0.9997074119030975
2540 50 -2.228658286066114 0.9997574975354191
2540 60 -2.816111429595093 0.9997928410267888
2540 70 -2.328261206773454 0.999818704629776
2540 80 -2.23172296574241 0.9998397629821013
2540 90 -2.291940339032413 0.9998559085669749
2540 100 -2.545329114672448 0.9998691810710494
2540 110 -2.982538208896914 0.9998815189976833
2540 120 -2.945447244809693 0.9998906090008955
2540 130 -2.905309008422184 0.999898450910502
2540 140 -2.870810394243089 0.9999054070055529
2540 150 -2.844876970328755 0.9999115302622077
2550 0 -7.074421751301436 0.5465115805052957
2550 10 -9.161927590300866 0.9988227937772067
2550 20 -10.69608002617474 0.9994595776980781
2550 30 -10.70502364561463 0.9996267600294125
2550 40 -11.53433942535283 0.9997071584028736
2550 50 -11.54108180672932 0.9997565676827027
2550 60 -10.96236700605726 0.9997926129732595
2550 70 -10.96287455593807 0.9998184554645091
2550 80 -10.9751424363231 0.9998386688698322
2550 90 -10.43538332449264 0.9998578546463677
2550 100 -9.430880948082244 0.9998742737376254
2550 110 -9.447771277222913 0.9998850815296482
2550 120 -9.469901099086805 0.999894092144509
2550 130 -9.49839736476661 0.9999017877870653
2550 140 -9.532059917665162 0.9999084944737906
2550 150 -9.568529161189073 0.9999144405908369
