7.749758718656433662e-03 4.657424993866742663e-03 3.980056659201468630e-03 3.451389469161101047e-03 2.603459150708853191e-03 3.150382595895635102e-03 4.233962956211261182e-03 6.558672071433052815e-03 1.044165107686606010e-02 1.262367858254813922e-02 2.579690223541220018e-02 9.448017882400962242e-02 2.436498943388011873e-01 5.167013712426956618e-01 7.378996990960875468e-01 1.189344951786462934e+00 9.405308502491986911e-01 3.950643652428186270e-01 1.256198406875473905e-01 7.325305749196428518e-02 2.675836353735268000e-02 1.438573283742902026e-02
5.124471723197001650e-03 3.474871340214511113e-03 2.921878609036355785e-03 3.101375278777750849e-03 6.637964162513255995e-03 7.678705273095229669e-03 2.267538824403321843e-02 4.626132884821199109e-02 4.151594193131676047e-02 3.818387214999509338e-02 1.168870409085270984e-01 9.937064847742934637e-01 5.386756079910298700e-01 2.493047286935869966e-01 3.552250664013896775e-01 4.680264867721953825e-01 4.116443142755997209e-01 2.075208639665440113e-01 6.250473010819024289e-02 3.032943804046293879e-02 1.264032435002825083e-02 7.947697037703599018e-03
5.407512097320271369e-03 3.557826796499121043e-03 3.336916581287287069e-03 3.023110389596005924e-03 9.293391761676560170e-03 9.813264839434492764e-03 3.382646456053985812e-02 6.649505221795638799e-02 6.054747527915430028e-02 5.337072567064927303e-02 1.675864367299171875e-01 1.429681977670995030e+00 7.451987665970098984e-01 1.976374508207058012e-01 2.732190055499387205e-01 3.241969710090750190e-01 3.255190613408763811e-01 1.858286837040019068e-01 5.572913649789362767e-02 2.305677001742737972e-02 1.146341420456467065e-02 6.798834533114831921e-03
7.628861804926231893e-02 1.309213808269417967e-01 1.941982112563050977e-01 2.876283990709350147e-01 1.823737471171205105e-01 3.460194606761093222e-02 4.876064330638202327e-02 6.130258655352376768e-02 1.816352004645284124e-01 1.538787421341830108e-01 6.557280160440999428e-02 2.966266591307175071e-01 1.467349287410658898e-01 2.424576532448056987e-02 4.235126690755988688e-02 2.597770077562917140e-02 1.772256641122381057e-02 2.315690410830108931e-02 1.616010585806864144e-02 3.189294799447629780e-02 4.044319012443108735e-02 1.001159326947465983e-01
1.477023043816960007e-02 2.097993198607230048e-02 2.500378744060524974e-02 3.639087009879647672e-02 3.649622580212492223e-02 2.647863011650011117e-02 8.264526741938335586e-02 1.641123582173119877e-01 1.386363111693433015e-01 1.120505604799554022e-01 2.485010590408852083e-01 2.871951543604466917e+00 1.304951367882869029e+00 1.269237425465238045e-01 7.110978368665756000e-02 3.895909880452749774e-02 1.282386257998958112e-01 1.709210561720360955e-01 4.008063754523599753e-02 1.660759110118047860e-02 1.298704420748515026e-02 1.839729656334520083e-02
3.447547525021429221e-02 6.867580212894255909e-02 9.238347062000730470e-02 1.297276940219301011e-01 8.896648835502313224e-02 8.597773118932248992e-02 2.007646435912399940e-01 1.733726916165705956e-01 2.077107026232890008e-01 1.586626968993332942e-01 1.464090367401696124e-01 9.242326188139943222e-02 2.662350860421937998e-02 1.300975441568757995e-02 1.305255624098288977e-02 8.661137222133987595e-03 4.237831555427940683e-03 4.807119460335875644e-03 7.902422296270136121e-03 1.774686775458808943e-02 2.384775349726268173e-02 4.603960901733786942e-02
5.967586634945436230e-02 1.119251617322579023e-01 1.782731252938790090e-01 2.701940527325645269e-01 1.673615029682760935e-01 4.913110030596223171e-02 8.527492742468695264e-02 7.748886421759733356e-02 1.307477632313951976e-01 1.637491026152604889e-01 1.317382247841195897e-01 7.133645012152306508e-02 2.154837599680462998e-02 1.350900628874493990e-02 2.219422969642953145e-02 1.427620523365548920e-02 4.154805877327504178e-03 6.077639542781071089e-03 1.103212704135205988e-02 3.094352648133142855e-02 3.792435365585582197e-02 8.242250396950381863e-02
1.153127714857318971e-02 1.346532739581930010e-02 2.419516077904274032e-02 2.304437544193815857e-02 2.390927759429043939e-02 5.388662714801174813e-02 1.239853558207772988e-01 1.315809793973171937e-01 4.394870522412301916e-01 1.392741824964764952e+00 1.123962634478214984e+00 5.253487450563678607e-01 8.239060730921782261e-02 4.692062874083610668e-02 1.746901176084925122e-02 1.439770761324386979e-02 8.811209290763037313e-03 7.555539699824098850e-03 5.919220587307019200e-03 6.268855928458751982e-03 7.399303289904585017e-03 8.343073884688623904e-03
1.646855779577966958e-02 1.779990842136772861e-02 1.622842132978626062e-02 3.517734084023196178e-02 4.298547871177096913e-02 2.823333431893624845e-01 7.945835223366337630e-01 6.492659120881550949e-01 6.491693883601428183e-01 2.561585399458304879e-01 2.740350765391164067e-01 2.056986082604088939e-01 6.343471213533202757e-02 1.875915255346775889e-02 1.664393167403655990e-02 8.876493204689736571e-03 8.143394130404098957e-03 8.009784929790412025e-03 1.179608591459366945e-02 1.229755687438677074e-02 2.180245474334566169e-02 2.239884296767994873e-02
3.787423135061212913e-03 3.737181912225744172e-03 5.707460361967653904e-03 7.011322521177111404e-03 6.625866738219282799e-03 2.454481414402236855e-02 5.931530332245660980e-02 6.534731999415424597e-02 1.215683166223159029e-01 2.267427354441982901e-01 2.933830424570879059e-01 8.660478101823134711e-01 8.136546342155188682e-01 1.326791774513222943e-01 4.603424029483144803e-02 1.782163774843405907e-02 6.600859861899209709e-03 3.424210920342474988e-03 3.395336653114269798e-03 2.833796054352326864e-03 4.256100666177171227e-03 4.900111446344011627e-03
5.415282292450851291e-03 5.411627860128924265e-03 8.573426010411890411e-03 9.413889058169004273e-03 1.048300954374268082e-02 3.577169256747050191e-02 9.421566970181620426e-02 8.685768774825433636e-02 1.691188031385612023e-01 2.815677546065145087e-01 2.986269226358734263e-01 5.073675611895110960e-01 4.193939587945944014e-01 7.314487365209544623e-02 3.224444736017050006e-02 1.557098131702006928e-02 5.533629135037488114e-03 3.797839450348174020e-03 3.962457479987170628e-03 3.669386769290787931e-03 5.651741835956126427e-03 6.076248912861627674e-03
3.058459270826611922e-03 3.410387647628619970e-03 3.453305817103641089e-03 5.124779832101659591e-03 3.347244240906514009e-03 8.476564223378999993e-03 1.457060002479756977e-02 4.153952784652493319e-02 8.183770903558013066e-02 1.627840767836274960e-01 3.148287383880528090e-01 2.411719769666234026e+00 2.532158163179734967e+00 4.167011950910777252e-01 1.325860312110568873e-01 4.178348842401528179e-02 1.404373636906297920e-02 4.385419929679117319e-03 5.014181633497084151e-03 3.046871060090132130e-03 6.611805031205637145e-03 8.492199421604887041e-03
3.229208095255165206e-03 5.542610919855830293e-03 7.093226195072528661e-03 1.286276669566813018e-02 1.117607577458715022e-02 2.028475957478468109e-02 3.625156887510377207e-02 1.416332234104278887e-01 1.048114102691976024e+00 9.179183910205268582e-01 2.332552484918118119e-01 3.162109540314069767e-01 3.458865428735315994e-01 9.924265230202272692e-02 2.450525581807367903e-01 1.697529104687608981e-01 3.707011732873073673e-02 2.428052207972292154e-02 1.393731919647588080e-02 7.821769426273423795e-03 4.053634665180440647e-03 4.717294895840737010e-03
1.528988802416172965e-02 3.113359550429803044e-02 5.433857889905398253e-02 1.634090311413295971e-01 1.387854820458676031e-01 2.907211504630450860e-01 2.222450024665849067e-01 6.469433185991545210e-02 1.135146175668227952e-01 1.174757843594411988e-01 8.259783596910472148e-02 3.001554111295443028e-02 2.183364602431460064e-02 1.018413419107432050e-02 2.596330365273093882e-02 2.490486697232055860e-02 4.077416634265978307e-02 3.150473388915298739e-02 2.151065814331312026e-02 1.159676830858876080e-02 5.456899463522181006e-03 7.202002326760320941e-03
2.081554550116067066e-03 3.654942768220129003e-03 4.095114536265637324e-03 9.100835705336469614e-03 7.621671694239599837e-03 1.226717713989377949e-02 1.308695863315588979e-02 2.375233773789547920e-02 1.224744622929595933e-01 2.036771427916428123e-01 2.130268587196771091e-01 4.362691395404322964e-02 5.418971673375191228e-02 2.067905895611060058e-02 8.164972480853162351e-02 1.311845934460129925e-01 6.205356268598348768e-01 4.779724544208462933e-01 4.939879080314450027e-02 1.612546449321311873e-02 3.551911398743527824e-03 3.451098282597619884e-03
2.199144687259646860e-03 4.724315883524788685e-03 7.913941134652255349e-03 1.580188224729439997e-02 1.784396767508902165e-02 3.870478954768694774e-02 7.012637508122288033e-02 1.109945258818275937e-01 8.430123181486376405e-01 7.029452467012385908e-01 1.959793307172547905e-01 7.719515216654267153e-02 1.056007943184198994e-01 5.934149189360293786e-02 2.255898301720581089e-01 1.133305600413703068e-01 3.845244655847718240e-02 2.702401653354566044e-02 9.992141969899418982e-03 5.561964414554770690e-03 2.468796726506095832e-03 2.772541308511402951e-03
7.862477390297788540e-03 1.914216556617507128e-02 3.403846590722847676e-02 8.170387415296215261e-02 8.947326591580896660e-02 2.433350612603082941e-01 2.645772997761088874e-01 7.521029547447977137e-02 4.226880783659998225e-02 3.821273004928173178e-02 5.446777076449933058e-02 1.345830747664281991e-02 1.188947942876684982e-02 4.809290974464713701e-03 1.375938747459895008e-02 2.610804791506936978e-02 1.163156895498188015e-01 9.088759854518643766e-02 1.794882527168609881e-02 8.091435728912675998e-03 3.300181782508098804e-03 4.561487274901588826e-03
6.479137470188147362e-03 2.066416536211417021e-02 4.369398622186430881e-02 4.530817082141103819e-02 5.355808649414404293e-02 1.704724360063961108e-01 2.573226431300699169e-01 1.717700131517060913e-01 8.223526918822207654e-02 2.446582793353263910e-02 1.888644213008654899e-02 7.264085394146958981e-03 6.372917270651294423e-03 4.720628364801180733e-03 9.189391574353262745e-03 2.075769922012902016e-02 6.579912315111668963e-02 5.112266988770326759e-02 2.910933609526056981e-02 1.494107462468710970e-02 5.543758399823386397e-03 4.757383595710972315e-03
7.689503739534856407e-03 1.379827867807898942e-02 2.427441802850180061e-02 6.993307586699550049e-02 7.321324402256597363e-02 1.945792061365803072e-01 2.221492461505744920e-01 5.923485636887759059e-02 5.859336677851560010e-02 9.610459482898468797e-02 1.575061243494841057e-01 3.845601564123767718e-02 1.637488857393196856e-02 7.414249283564437916e-03 1.755510981941454940e-02 3.581353122754146745e-02 9.868642404057585693e-02 7.639476089721414231e-02 4.691961379965856743e-02 2.302142241046250051e-02 8.223087140261533742e-03 6.353349752215197571e-03
6.579384986164596785e-03 1.143893339985842944e-02 2.738661958992700055e-02 7.584340699994801538e-02 8.351409498204508119e-02 1.454885322591988883e-01 1.561373591527500104e-01 4.074988595809882902e-02 3.533219533533928786e-02 3.824638436256005969e-02 5.282815213235222268e-02 1.481186914070116954e-02 1.021312087073339078e-02 6.792250783209688621e-03 1.887515436512170880e-02 4.954445143225060660e-02 1.726938845731340877e-01 1.342118399540186136e-01 8.111948387978086539e-02 4.041483526683373878e-02 1.416126757681634984e-02 7.393103408320978419e-03
4.193594544981247771e-03 8.797650032787969129e-03 1.624831278251754121e-02 1.555808476570324020e-02 1.782058262015439112e-02 3.258640915228867840e-02 7.313732281488175002e-02 8.242800843768995078e-02 4.576522714299145755e-02 4.536041573171799290e-02 6.259246960713439611e-02 1.755225019367501887e-02 1.307137679121283917e-02 6.231412687344338105e-03 1.013302835708215950e-02 1.717448103197694032e-02 8.569368928903693672e-02 6.310668918480467904e-02 1.250596921314560059e-02 5.788591896578751395e-03 3.389097067272767855e-03 3.084366162782467904e-03
2.726731478190247849e-03 5.949039440499973887e-03 8.403671741263144326e-03 1.000238724819840948e-02 1.185255712019587029e-02 3.899659842896872203e-02 5.928083062164188344e-02 4.361937579210498767e-02 2.917158622807412144e-02 1.166858751437015035e-01 1.708400256782466042e-01 3.438632197613054192e-02 3.563195587295280714e-02 1.069545923869428053e-02 2.912225219548002925e-02 6.643473885206838125e-02 4.567369603902101116e-01 3.239038174006297899e-01 4.828187105181541705e-02 1.520691213259870930e-02 3.809490722336055131e-03 3.721049717479310050e-03
3.632076047067125078e-03 7.154373492187007626e-03 1.151580151410334062e-02 2.083635617768352100e-02 3.303335718176136915e-02 1.564208957011979095e-01 1.989668883271646094e-01 6.061198700133606232e-02 3.944685710232462283e-02 3.175618770858557038e-02 4.127974685663639287e-02 2.448083009045726871e-02 1.056624682532049039e-02 7.588188761244525800e-03 1.233771966450373028e-02 2.350509906929833942e-02 3.930984309944240973e-02 3.062905053149875961e-02 1.745103583706414038e-02 1.043340828995083062e-02 5.386804843510707708e-03 3.731662041240836874e-03
2.641494821212224831e-03 6.381389177066595225e-03 1.258520431108283918e-02 9.201376625555885563e-03 1.416049487703333921e-02 4.783383415533797728e-02 7.184960398463074993e-02 5.409926705776583328e-02 9.972217684902193180e-02 1.310699661149047901e-01 8.562517076170561570e-02 3.712982782250111302e-02 1.590968155965643074e-02 6.283112468043590415e-03 1.495650753003370005e-02 2.707259994052086879e-02 4.631768474939838148e-02 3.421871227164063889e-02 1.882546899795533094e-02 9.949409693027325835e-03 3.962760643498364037e-03 2.799254768142154202e-03
6.740177811413623765e-03 1.264258212249905027e-02 1.844050605966045947e-02 3.930829583270992883e-02 4.081063287271492063e-02 1.251329711476653894e-01 1.364516072485456033e-01 3.665640296206348903e-02 2.359465003501706043e-02 1.839534731140133120e-02 2.701206283160844171e-02 2.485173540212659918e-02 9.485979303926774658e-03 7.761747239486374572e-03 1.077170281756952008e-02 1.994489506754900873e-02 2.852454341488811981e-02 2.279462630418641056e-02 1.377068583965813074e-02 1.001550719079163064e-02 5.559788916654528727e-03 5.410767223785934582e-03
3.030398000625540971e-03 4.672008612583445838e-03 6.197179156715872626e-03 1.017885802210033962e-02 1.216850255586631076e-02 4.461458833721237277e-02 5.519482201901061702e-02 2.638769915096434923e-02 6.124636884741298248e-02 1.205753123827773970e-01 1.422038080585656949e-01 4.363108029897826839e-02 1.780533286893628067e-02 7.314048088820076371e-03 2.147413607620774975e-02 3.980932277862959945e-02 5.615606463263812104e-02 4.268620140869974766e-02 2.597551579985491951e-02 1.314046092940407938e-02 5.821340619392285226e-03 3.623898263448980042e-03
4.756971235699078773e-03 6.471018491889152062e-03 7.969830256150303022e-03 1.281032160996914936e-02 1.259760191899001076e-02 3.081384143160609962e-02 3.603472869284687213e-02 1.378113143515160080e-02 1.518228882677187010e-02 2.096427509668375919e-02 2.893912915218704862e-02 1.419736556782326929e-02 8.794605501433672839e-03 7.363394462659069578e-03 1.338250752137470044e-02 3.659044395073617756e-02 1.091947044870043015e-01 8.195955012946562479e-02 4.902514305388026850e-02 2.603844035304600166e-02 1.088215019680979952e-02 6.348762713337136737e-03
6.009142077658530083e-03 9.376084625810937601e-03 2.058775978344402902e-02 3.564581373251120289e-02 3.526612462813955712e-02 4.344441976486321244e-02 3.883656271781703306e-02 1.712828831728640047e-02 2.354471287940069005e-02 8.462924825649437155e-02 1.534769842212682922e-01 3.802666062785133722e-02 1.409104812770830932e-02 5.497048625819054603e-03 8.153179987420532474e-03 1.076361527082751041e-02 1.557939473731822025e-02 1.177317595163126021e-02 9.121881837440162441e-03 6.252029065046472642e-03 4.648466260487896413e-03 4.499515634015019243e-03
4.173738691093002023e-03 7.828545820679398692e-03 1.175444289553607968e-02 7.950757379250713436e-03 1.086592156400541936e-02 2.013101382324593985e-02 2.628715507019903017e-02 1.519600165421905978e-02 1.679710603865306948e-02 1.703129689834237057e-02 2.211605591655873074e-02 1.961449673585088926e-02 1.006781783578187921e-02 7.320067586950094844e-03 9.154243902846652750e-03 1.352483578760759961e-02 1.145751719910684079e-02 9.792824956705734052e-03 6.938649599660539832e-03 6.896711732210505583e-03 5.509690031456977895e-03 4.115534884036022890e-03
5.150854189085068632e-03 7.188334530701622621e-03 1.148279103641841083e-02 1.950148921083333028e-02 1.980798737396265857e-02 4.159176925454136781e-02 4.298507837513394769e-02 1.875803129236261121e-02 1.523909669257743002e-02 1.398566131916408918e-02 1.750709447906187086e-02 1.234768542537087975e-02 6.568060601448980594e-03 5.627923390068667424e-03 7.563165717621386959e-03 1.222291279692003067e-02 1.247332643914845010e-02 1.064810637743890918e-02 7.130000736634388089e-03 5.306448873854006584e-03 3.882888293636629039e-03 4.189307786373405382e-03
4.451778824484334089e-03 1.052508161797065939e-02 3.410971356604158844e-02 2.016369376545259010e-02 3.433806048343923667e-02 3.301133279833976669e-02 3.379201571677097754e-02 2.405553096907403834e-02 3.021080936829229069e-02 3.020499648804548035e-02 2.712910025949876944e-02 1.624690023131181160e-02 1.025427260189972975e-02 7.853517640103079012e-03 1.993902813962681111e-02 3.171852265553507660e-02 1.400325279122058980e-02 1.025805865913335946e-02 6.155976057834989905e-03 4.929082639025019093e-03 3.831703417083769971e-03 3.424299933291562962e-03
6.779479013785646817e-03 1.431227298091657975e-02 3.916773808309750859e-02 3.660709003119627658e-02 4.602470614391838272e-02 4.660540722183718204e-02 4.413163304969257295e-02 2.386997131557632920e-02 2.497163816516083032e-02 2.021721672469202827e-02 2.865839014869456941e-02 9.760297382479203934e-03 4.813612409076301578e-03 3.554434769213052174e-03 3.049634750036494136e-03 3.787167436860413867e-03 5.584395223350937382e-03 5.231907031344642210e-03 3.523306701347244958e-03 3.042065531924781178e-03 3.822956229938178924e-03 4.039407259615714410e-03
3.808338638411039832e-03 5.957617707543923745e-03 1.601779943177948987e-02 8.951852958587984757e-03 1.583895661598271054e-02 1.440833701695662036e-02 1.895520613734041904e-02 1.561433431221762036e-02 1.676127306646994081e-02 1.420118556802981921e-02 1.446515882493380062e-02 9.758881920915913472e-03 7.599482472381358274e-03 6.279679313594015155e-03 6.762901881300801415e-03 8.259879018785283578e-03 9.517812917110016896e-03 8.650144812010726256e-03 4.816370249338756612e-03 4.255831450122313404e-03 4.083365051960557643e-03 3.361612039999819796e-03
5.187108137167889196e-03 1.779469648802484150e-02 5.050045822066526191e-02 3.545658506549338035e-02 3.332884464555638249e-02 3.207663349546865245e-02 2.858218687995948970e-02 3.094467464545391094e-02 5.774235748796507223e-02 7.560317081799482197e-02 4.943998675580067031e-02 1.540457298317371958e-02 1.063686391832678081e-02 5.625549989255661416e-03 8.960693937547300689e-03 1.102799075871162965e-02 6.206675156982070611e-03 5.256791237326905765e-03 3.576991633208720118e-03 3.480336028758713833e-03 4.591711465947305101e-03 3.444070406973481855e-03
5.590415535974612403e-03 1.754332017374313907e-02 6.081234187962405308e-02 3.879903628696067946e-02 5.628872986157439778e-02 4.320193064862119792e-02 4.977588330505806208e-02 3.732139757291325771e-02 5.698392872289150674e-02 7.616776010441302092e-02 5.074983203256051845e-02 1.666447756330027147e-02 8.416247839855268628e-03 4.481943803817860748e-03 4.730671834196895249e-03 5.849322098417252327e-03 9.008699663306829822e-03 8.606468418654119115e-03 2.920573434035940094e-03 2.684422069082989006e-03 3.415059084846894071e-03 3.182181507465063099e-03
4.300882378537665418e-03 7.918718398807745446e-03 1.780696775104444879e-02 1.394656171037964021e-02 1.814738579248839981e-02 1.944359027451073030e-02 2.077529622157113162e-02 1.452848013215178070e-02 3.019924499637288012e-02 2.359450739419724150e-02 1.372189907188368918e-02 9.163706854819795439e-03 6.211718156815027730e-03 5.306150033481102368e-03 7.709865224588230599e-03 1.112118909527327025e-02 6.997758624143667928e-03 8.132059755748719324e-03 5.434872852802439223e-03 4.898970692684198082e-03 4.878142494134980571e-03 4.220621714967676130e-03
4.663674535926838095e-03 1.086689614738402948e-02 3.378210648028921737e-02 1.999307676061443106e-02 2.695070474979583894e-02 2.079238354399686947e-02 2.364875299844878057e-02 1.633763164660743950e-02 1.974422727145394921e-02 2.190045402438511868e-02 2.463978835310690063e-02 1.051143171791150965e-02 7.019032588251697055e-03 5.424029979770133431e-03 7.690657745978782267e-03 1.069865858171497978e-02 5.956741587497655331e-03 5.169097488330271287e-03 4.378345066341978419e-03 4.585910680945577168e-03 4.921419340489841844e-03 3.689817880150382014e-03
3.465210770972821860e-03 7.493267469001906392e-03 1.332044204709863060e-02 8.927147273822905182e-03 1.070563705239514080e-02 1.101125913820360028e-02 1.538621657124585040e-02 1.279406603179692077e-02 1.425746836804783930e-02 1.513317993041399072e-02 1.204725145413272983e-02 8.779387927082946477e-03 7.538919862611898406e-03 7.025379590157788956e-03 9.832145104109457634e-03 1.366309012143013084e-02 5.572334652829379932e-03 4.527309094608616274e-03 3.318724194362722858e-03 3.344662398991833045e-03 3.507516127675670836e-03 3.370159145705551099e-03
3.440524418533280008e-03 6.744808265120253582e-03 1.181542223111508964e-02 6.406662198812810433e-03 8.135168229878565749e-03 8.079995300896303939e-03 1.170580743923001037e-02 1.635347737724804004e-02 4.585919670200855336e-02 6.965515541785095854e-02 4.793206373834914963e-02 1.776881371422910083e-02 1.312376366935277990e-02 7.314724662438100780e-03 2.059894277345664104e-02 2.806129880389486922e-02 7.062912637262841638e-03 5.497697642435333404e-03 4.426944415546810868e-03 4.052751997066523365e-03 3.915672395413966576e-03 3.311076259198273992e-03
3.789437753749750216e-03 7.328212978706871369e-03 9.662730734325806342e-03 5.784115636669902825e-03 6.151023294650848246e-03 6.432592860775147338e-03 7.506888100773589749e-03 7.537659587444240326e-03 1.112978714119317036e-02 1.967215273160236033e-02 3.496450083918650753e-02 1.260490646528514974e-02 9.766831576758488315e-03 9.318615275827368469e-03 2.622756628455239977e-02 4.219727525656043199e-02 1.095676596917126953e-02 8.650293635643476961e-03 5.282965276939183101e-03 5.492942961457940830e-03 4.357020797242056737e-03 4.055929497586049405e-03
3.817203758027326154e-03 5.400287644079469589e-03 1.177860984896040956e-02 6.988072152081788689e-03 1.130121440115887041e-02 1.115982496974328962e-02 1.957686328380435839e-02 2.112878942004383157e-02 3.811912991281329877e-02 5.501762331785498700e-02 3.168162867321967779e-02 1.145541778221059043e-02 7.584777980278285640e-03 5.371424719324171052e-03 1.053911613155610050e-02 1.400130521982189021e-02 5.239589011579992399e-03 4.963695730112024397e-03 4.686116629996206831e-03 8.261469801907183469e-03 8.100934686439006938e-03 4.635713860296973923e-03
4.154642085412012589e-03 1.622644870033205025e-02 3.797916391086318677e-02 1.446470728575677961e-02 2.428939617581497151e-02 1.927494135021771970e-02 2.319872635574338898e-02 1.989603580715823897e-02 4.144088100436395250e-02 6.311813870247102998e-02 5.467577221895231904e-02 1.707891414912198966e-02 2.856076487553801946e-02 2.520507485543592094e-02 1.369393074067231098e-01 2.183032590123878125e-01 2.729285377743168040e-02 1.116613312071523985e-02 4.534496238980595569e-03 5.157403087320617391e-03 4.169262467480490918e-03 3.756405657969183898e-03
5.038821589824973336e-03 1.488900807227071937e-02 3.325874540996068274e-02 1.870951032777831008e-02 2.232572142124390063e-02 1.760064116464915909e-02 2.745777579338359864e-02 2.490799691263098983e-02 2.070477900622380921e-02 1.506752973247933031e-02 1.155092143537315985e-02 6.797320594733229603e-03 5.068544758854032044e-03 4.073999795603341911e-03 7.211361490912323279e-03 1.011972993720769085e-02 5.730443368942727926e-03 4.825339311244692016e-03 3.996029614583685927e-03 3.877985318261195202e-03 4.179770841839239130e-03 3.749245499371260063e-03
5.249360646835152071e-03 8.651966862313687986e-03 1.551265088975286970e-02 6.919840362203287347e-03 4.522186435929361273e-03 4.079147504893248719e-03 6.956599657794804679e-03 7.030186404653025398e-03 6.753278485510612328e-03 8.791541573879353699e-03 1.592480299490035139e-02 1.163574359236681059e-02 9.003452141106342219e-03 9.084632726336147948e-03 3.070101763069105899e-02 5.143324190047116745e-02 1.089268902558315072e-02 8.628703580683747335e-03 5.824714609493625642e-03 6.360038500865885375e-03 5.099889540308618838e-03 4.934072922419041607e-03
4.897707077076651760e-03 1.290933531924145020e-02 2.475291263585431903e-02 1.244224688604141961e-02 1.496074777594996914e-02 1.380691790617537967e-02 1.894398371675564893e-02 1.994275211376944981e-02 1.338109404485375922e-02 1.022630383975146016e-02 7.152059440364986337e-03 8.005515814482552089e-03 4.762665327671371934e-03 4.886863786850072049e-03 4.368522682839035866e-03 5.008476103157639102e-03 4.140756823179454066e-03 4.106053373589938632e-03 3.925575379263411199e-03 4.396536596631217889e-03 6.616155425323510218e-03 7.070713533371963087e-03
3.510532255900486800e-03 5.016444656556187133e-03 8.761435567607172778e-03 6.569421432532565955e-03 7.201000810184411682e-03 6.537317307548201270e-03 8.660851660833168361e-03 8.026372493885942927e-03 7.756255207639696329e-03 9.952861444975355520e-03 1.085393471719134015e-02 7.580010902701113384e-03 4.768206189948866192e-03 4.765621237048099298e-03 4.887072202282984751e-03 5.397754986948483276e-03 4.978122404170471152e-03 5.828041884217132623e-03 5.095694951268350988e-03 9.792100843681905351e-03 8.901678182935558736e-03 4.188079279258282231e-03
3.189719332947829177e-03 6.080823806571719094e-03 1.121979098063828964e-02 7.492975027329217691e-03 9.580283649310288030e-03 9.154097802108251275e-03 1.608912909177902945e-02 1.515341636588738057e-02 1.124976432739372041e-02 2.204763704074068006e-02 3.128465403079386253e-02 1.203876555253264972e-02 7.194139222179082860e-03 5.645403434922372649e-03 7.515637980772264977e-03 9.704980953232586818e-03 5.670346495570461123e-03 5.219969418082752097e-03 4.030296794333149656e-03 4.961292279757588582e-03 4.025096090820937285e-03 3.193158123499295186e-03
4.858517159637987422e-03 1.344897857190447028e-02 2.991787363300384139e-02 1.055991526439752082e-02 1.527265855396869008e-02 1.333787505961392915e-02 2.818586571795414150e-02 3.125997546179232200e-02 1.470509550647807959e-02 8.393869305233506856e-03 6.825756599742740377e-03 6.577857478398918024e-03 4.762624121617242343e-03 5.084998716668828744e-03 5.118843484788974246e-03 5.112822561150568226e-03 4.946145022168878594e-03 4.778479748607762125e-03 3.727681584844376970e-03 5.269218762897844716e-03 6.174041323312059321e-03 4.905272738224231328e-03
4.299278234442155053e-03 1.172358969294932073e-02 2.960268264859513068e-02 1.639558179110019859e-02 1.942905386858960123e-02 1.414194882641888959e-02 2.117205097881467990e-02 2.055953052851704904e-02 1.589731529605235144e-02 1.154118585373247949e-02 9.797252798474318999e-03 7.176178429648068929e-03 4.973658489512063421e-03 5.076789206904627066e-03 5.563720079688534714e-03 6.185840685810150598e-03 5.576739565000137649e-03 5.206198836170372948e-03 4.096185539240388036e-03 3.751986787186863993e-03 4.242812204873475275e-03 3.587233704679445873e-03
5.105356742590534333e-03 1.249771326982323030e-02 1.944435049166955837e-02 6.552616972804711608e-03 8.156744747002236604e-03 7.487448441045112604e-03 1.447437819912229980e-02 1.496801633990722975e-02 1.118922587415374995e-02 1.169263557909870979e-02 9.577151660687281687e-03 5.999059419440803433e-03 4.595342466633067779e-03 3.815939965115156159e-03 4.078621107282406205e-03 4.518401274085652626e-03 4.896357540230601192e-03 4.857226222527735900e-03 4.568352057473321591e-03 6.604747665822523206e-03 6.806995141922167307e-03 6.266288956001309432e-03
4.295992112471527097e-03 8.281521857116407384e-03 7.904970826413056789e-03 5.394690422006349732e-03 5.329982156330874063e-03 5.106739019452598283e-03 9.076859864289126001e-03 1.107634432012991055e-02 9.282113532415810914e-03 1.223021705510328981e-02 1.537680073499191058e-02 8.075496811631442326e-03 6.849119988992075601e-03 6.054035365198173931e-03 1.859805901524928112e-02 2.924683561537743878e-02 7.952442698957408115e-03 6.455938697362073077e-03 4.386788301868119883e-03 7.100152449252873817e-03 7.319092905282559985e-03 6.246097348121539342e-03
4.395291081821342191e-03 7.196671055855254420e-03 8.643754132407428792e-03 5.104771483725181573e-03 6.852045516851886994e-03 7.107677042610329073e-03 1.274027205881527944e-02 1.344859287900971971e-02 1.304799720678206931e-02 1.325852535538932057e-02 1.253128012484997986e-02 9.576450948029361851e-03 6.583645122402184691e-03 4.802324762867037945e-03 8.634572045689072398e-03 1.109586475529786981e-02 5.519670724846987946e-03 4.657145024737941418e-03 3.970937422122864345e-03 4.735158552331804153e-03 7.143369018176964381e-03 8.944010664469771374e-03
3.942937769372695418e-03 7.347965495382560198e-03 1.115035732509314995e-02 6.116268746473201186e-03 7.287279429070188039e-03 7.011436414963705122e-03 8.933538234549780188e-03 9.816299992981744257e-03 9.919157930958630992e-03 1.320061346421533971e-02 1.253572404040242949e-02 8.265133955215128378e-03 5.794412365516195089e-03 4.489304209838676334e-03 4.919206453818075753e-03 5.638991003686157598e-03 5.385176139443822139e-03 6.009009398275059685e-03 7.137702231618382569e-03 1.578887331687543055e-02 1.681280139668228993e-02 7.795364747428793276e-03
3.923289434106178898e-03 7.400686795586724175e-03 1.203405350407662014e-02 5.791161005886008226e-03 8.132023503766046615e-03 6.399291909061603431e-03 9.726291702982864384e-03 1.000897124159422051e-02 1.269772976996449976e-02 1.620326240691486938e-02 1.467425993509775990e-02 8.728277220035333267e-03 5.239733219724814622e-03 4.409719264593807246e-03 4.377118703496724571e-03 5.484067377745950427e-03 3.685572101463560016e-03 4.822738795131613354e-03 4.863635408128142226e-03 1.260935978625779032e-02 1.216710406494947959e-02 5.154844012421205997e-03
2.994538213359715026e-03 4.473166143266611022e-03 7.958544881595893197e-03 5.130231908351160636e-03 6.265937805451777393e-03 6.268386956334798601e-03 1.176295640273068016e-02 1.068211835658267918e-02 9.566760468660827701e-03 1.186720803219398941e-02 1.168397151814348084e-02 8.619625291377663867e-03 5.957718514334598217e-03 6.153802685466150738e-03 1.165643371437074041e-02 1.746060707055456171e-02 5.852862675469006591e-03 5.932132118360178979e-03 5.048165398412543699e-03 5.909691952812888387e-03 4.980370114515567624e-03 3.682729018220511075e-03
5.633302555285766774e-03 2.777605821014355117e-02 6.582861904324510682e-02 1.170863505565047057e-02 1.836962413417244852e-02 8.557152847067371268e-03 1.779917436841264855e-02 1.302226872972857968e-02 9.717163801405415136e-03 9.875385377101069534e-03 9.684681855190621982e-03 6.990356613537950133e-03 4.918396588641978269e-03 4.622298587561479016e-03 6.330107902847405092e-03 7.836280766734354114e-03 4.222904164987410433e-03 4.120976073586996892e-03 4.740691088612343160e-03 1.493583865896064983e-02 1.437727155319381070e-02 6.265396966659240834e-03
4.013047994663664422e-03 1.061504856985076052e-02 2.265013815283609122e-02 8.052700178384148907e-03 1.152594224970462933e-02 9.684021582488107349e-03 2.991475187887446957e-02 3.171397637384819335e-02 1.437427898305392027e-02 1.163607009905734055e-02 1.040203752041106086e-02 5.438540786405992797e-03 4.284453368005890217e-03 3.996272966016066117e-03 8.490128308528724702e-03 1.291577141442290001e-02 4.761837630449348643e-03 4.310955049167976109e-03 3.590048069609080850e-03 3.431873789399405000e-03 3.858486380636981083e-03 4.170018609650234104e-03
3.702832735187117866e-03 4.478365186222806049e-03 6.044392614212789998e-03 5.810462525745263042e-03 5.594503371296547130e-03 6.683116886502810626e-03 7.948079925018560268e-03 9.653291202551041519e-03 9.731524839328200768e-03 1.930791243410194882e-02 2.243442223653258072e-02 9.654447116315387906e-03 5.637962337056221310e-03 4.158108245797258185e-03 3.542466656301829046e-03 3.928906846894151400e-03 4.716870330888894153e-03 5.340015879762614361e-03 6.103326866675803236e-03 1.512801268782616032e-02 1.389746894741545995e-02 6.603193748246407799e-03
5.286072435948702651e-03 9.233163526621164172e-03 1.202209471059760039e-02 6.152034454081591573e-03 7.783455584854683668e-03 7.594557980583978643e-03 1.711351220799256848e-02 1.783105632090196957e-02 9.235025459391742533e-03 8.793245700679621843e-03 9.667997385459918547e-03 5.968599639964033803e-03 4.434341405310290168e-03 4.832301364667776662e-03 6.088523522227165356e-03 7.569513381915400282e-03 5.468477257978403630e-03 5.431887241924114249e-03 4.419989855455098288e-03 5.594185367918411665e-03 6.429056518550635424e-03 5.943089205615794714e-03
4.297009459490836944e-03 4.604124201680922200e-03 5.757024914012765990e-03 4.925535184702473784e-03 5.091575389310899584e-03 5.198581126332525899e-03 9.188506215251541348e-03 1.286142162678174938e-02 9.526223875130593322e-03 7.309909839407733277e-03 6.022563796370605620e-03 6.345548898888575887e-03 5.278922026587564743e-03 5.190690957184338275e-03 1.042820477331433959e-02 1.497651038123450941e-02 7.251846836087688826e-03 6.588952401041655964e-03 9.269942497960368885e-03 5.612784772378807269e-02 6.428039020164275086e-02 1.412646170964673015e-02
3.463680960053281896e-03 7.221338975018766135e-03 1.339670117834972952e-02 6.211703639718850652e-03 7.882574422155019106e-03 7.716146496965682264e-03 1.648785533330983030e-02 1.445052909860241978e-02 8.563406888477287371e-03 7.819082834920304537e-03 7.132952986387160882e-03 6.233699668381684732e-03 5.636040882719932019e-03 5.895084262431279920e-03 8.558812140768753268e-03 1.110670526286824077e-02 7.758065490673335916e-03 7.851104722097053401e-03 5.528200972481814301e-03 5.248933265991751092e-03 4.484576061077314747e-03 4.325376650674500958e-03
4.457876059035353368e-03 6.502500518014334152e-03 6.575167333532735969e-03 4.150264099722063803e-03 4.110604453065897640e-03 3.950890701079869810e-03 5.307274485058023974e-03 5.932139676303468424e-03 1.158243994353914952e-02 1.296605401301518037e-02 9.712567148116919846e-03 6.675975351436775306e-03 4.718900454089127242e-03 4.423223853759633735e-03 5.015355716385577582e-03 5.534340030957648343e-03 4.392674283962924413e-03 5.372540931450738022e-03 4.747832421067021101e-03 8.486914900529956077e-03 7.879468655794598028e-03 5.509179543960235695e-03
8.186733106686033129e-03 6.805993331503147614e-03 7.226771373848924797e-03 4.226183763525031938e-03 4.811696216170108578e-03 5.333357766135120998e-03 1.656261301066873012e-02 1.484278291074847024e-02 8.517011856784750465e-03 1.101318634949684933e-02 1.380641278230882937e-02 7.388515152193911133e-03 4.815269460821654766e-03 4.176243667935898053e-03 4.722134941496213684e-03 6.743522520671517244e-03 7.244255577339267331e-03 8.953950329811416475e-03 8.338696057873056650e-03 2.346247056703288855e-02 2.670092458377237854e-02 1.541603522122360001e-02
4.129678726175128184e-03 6.725092856043292031e-03 1.059923361010347946e-02 6.469653911435898665e-03 7.460777284342283260e-03 7.410308421837806872e-03 2.012332818315110128e-02 1.680191160595901137e-02 9.343447907548024095e-03 9.387262832155782166e-03 1.170231762329743998e-02 8.931162013401577893e-03 4.772981346230128694e-03 4.134998261554249585e-03 3.682591596221604889e-03 4.047712474421900387e-03 3.962357770190100617e-03 4.208104905325797673e-03 4.394735693734200602e-03 7.522224180057279080e-03 7.876771814705750205e-03 5.171210537315823648e-03
9.092469079924904093e-03 1.964513863376697936e-02 1.598852037583138944e-02 4.752715191277608574e-03 6.006180499324623168e-03 5.773977047153779595e-03 1.720333205316696909e-02 1.671400669381124110e-02 1.057062397230393996e-02 9.788727016045701765e-03 7.913715760905357804e-03 6.936811695354076594e-03 5.030497570169514994e-03 4.324651894668134385e-03 4.008075536409515596e-03 4.327432715964057118e-03 4.916373673740473058e-03 4.619148535809410733e-03 4.075559421297770407e-03 4.083696499939088766e-03 5.693617498946558324e-03 8.640135103819220758e-03
5.341738157293108614e-03 1.011670959928144022e-02 1.431151942675470967e-02 5.943189055066550042e-03 6.163647666980295176e-03 6.448829461066755628e-03 1.262957906900308985e-02 1.206603341651051042e-02 6.961873453277389948e-03 7.459238427472689170e-03 8.954046156079522797e-03 5.659647283767567892e-03 4.191838638600269701e-03 3.530147270004680045e-03 4.578795293869563320e-03 5.874476967720241617e-03 5.748108666851496802e-03 6.774360595726183765e-03 5.795948696842271805e-03 7.258744967253841392e-03 6.660923572211274908e-03 6.192631219781320404e-03
6.522267527103973311e-03 1.326703518181444018e-02 1.720907323271525860e-02 1.004593928155316993e-02 1.399682225048255041e-02 1.088771884953240038e-02 1.195832053699403923e-02 9.888091795015336444e-03 8.631278173989783559e-03 7.306364057425133313e-03 6.476876524208143374e-03 4.864520123354018621e-03 4.122606179674481036e-03 4.382915324003765038e-03 6.391317252757077079e-03 8.241823899921474697e-03 5.587119245833873857e-03 7.469575888480462812e-03 6.684395409719691428e-03 1.296254889839944940e-02 1.481593962860293032e-02 7.856426815392838006e-03
3.453979950940171909e-03 5.742960300426393910e-03 8.318087357535999121e-03 3.933129702704518324e-03 5.159529816192828106e-03 5.095593332485478209e-03 9.670406112534989454e-03 1.039758996923906970e-02 9.359229231371593918e-03 8.897936017109329965e-03 7.016193392792820401e-03 9.138371979319995925e-03 6.019446666232432415e-03 5.747417078614256054e-03 8.127314790091379540e-03 9.805669642717841986e-03 5.150577805163977091e-03 4.840974292915935923e-03 4.556517703009720262e-03 8.312328836658805509e-03 9.039888357922848741e-03 4.792070340624871895e-03
3.410374586778200118e-03 6.189802711320959057e-03 1.035878531747913035e-02 4.101125321010811418e-03 5.551281678547501097e-03 5.249006693435571622e-03 1.765575987814048051e-02 1.677911654590838117e-02 1.683149629802670882e-02 2.463092076565865859e-02 2.212592067876138074e-02 8.956751632053391171e-03 7.079243697473864075e-03 5.520843157512181354e-03 7.743304454074836224e-03 8.954077628418745383e-03 4.791793082554013893e-03 4.767391065767894766e-03 4.266842063770025575e-03 3.679757113552205913e-03 3.685399959540796872e-03 3.820438896077710950e-03
4.984948679435489104e-03 4.501815291717335341e-03 5.914444283641085050e-03 3.806258134856891143e-03 3.620998826075372008e-03 3.711222621490796892e-03 6.113595191682245043e-03 9.108203178908128375e-03 8.917407082320335035e-03 1.339608050268790984e-02 1.390536747283505070e-02 7.689213155422562271e-03 7.823874758272553881e-03 7.697191553109276191e-03 2.323348168166720906e-02 3.486979758617902991e-02 9.064541721387346304e-03 8.181384751355904456e-03 5.845884214335799085e-03 4.867892464481955034e-03 5.630610382313026158e-03 6.621523484461079578e-03
5.611002655283777243e-03 7.115101308491341391e-03 6.782569001023176780e-03 5.257165404187015730e-03 6.972244693553316178e-03 7.798819326088819379e-03 8.282515077515732391e-03 6.547044262505960673e-03 7.145501514962530366e-03 9.963410011815391348e-03 1.155349431193601964e-02 7.251185686343477980e-03 5.297147446237806569e-03 4.370891424510430293e-03 4.699318365418300725e-03 5.383903918473063009e-03 4.805674424322552152e-03 5.394396057278752141e-03 5.512319390721653715e-03 6.465258250984248778e-03 6.631748506613103708e-03 6.569547718036565336e-03
4.314915646079152747e-03 5.598120738501667637e-03 9.511228329205062559e-03 6.094273668656828569e-03 7.827778420797449482e-03 8.188223115790371764e-03 1.038731910183906051e-02 1.040691854652549958e-02 7.061825368348462716e-03 9.153948459788624134e-03 9.929242814490953431e-03 6.308027301903972213e-03 3.828224510884594908e-03 4.155513735944789053e-03 4.328802442750343850e-03 5.125019392266919223e-03 4.843445839625895762e-03 6.001267195457126412e-03 6.126892239805240004e-03 5.916428085466686297e-03 5.726044624286861368e-03 4.030566242212500240e-03
4.411195270439418822e-03 5.439686352373728287e-03 6.247585098617297432e-03 4.122635338944288796e-03 4.851059517693410289e-03 5.133043315104657972e-03 1.163292836114949991e-02 1.845508772808263087e-02 9.953683304532008613e-03 8.319027403919685565e-03 8.726410067464378251e-03 6.192719395990591187e-03 5.074617916946068570e-03 4.178890883624235622e-03 7.341375177915215357e-03 1.095702862556426939e-02 8.059100657397745213e-03 7.930328951123364473e-03 6.119384090190561030e-03 1.298245730098012037e-02 1.181070961673138034e-02 5.330492645850701955e-03
4.730367104142462961e-03 6.278457851354457726e-03 5.445967863770920583e-03 3.995472962254074077e-03 4.416764874212063957e-03 4.789949602696788253e-03 6.865169871819940851e-03 6.853974301759387967e-03 6.127314313290097882e-03 1.137091193221516014e-02 1.356917002891984934e-02 7.631525479521120842e-03 5.464990128793821393e-03 5.140670375064539284e-03 5.580333234337269896e-03 7.610906639873712791e-03 7.162848691954624980e-03 7.647341665175336027e-03 4.274779218830931059e-03 4.758752912051622368e-03 4.387880475870280933e-03 5.812822086163097098e-03
4.695901817506522267e-03 9.515271567257399532e-03 1.536281213463855030e-02 6.270020233418733407e-03 8.213774795411615121e-03 6.812770722541098244e-03 1.080506809685631044e-02 9.953456002310834966e-03 8.664659268808274153e-03 8.492512524987033684e-03 1.138402312244611060e-02 1.273763399603007954e-02 7.553757969415234204e-03 4.795104455936476627e-03 4.559408450071233791e-03 4.460618024185057130e-03 4.030070590208678118e-03 4.517535024490611402e-03 4.453673582466187268e-03 8.669890909656773059e-03 8.889723362127732731e-03 5.380805273543927750e-03
4.018319790158919429e-03 6.987246542534651661e-03 1.152236790692541014e-02 4.557298413499149409e-03 5.462797546361164783e-03 5.087218170199463152e-03 9.147834232419811348e-03 1.041786081639946987e-02 6.662665078171367723e-03 5.775166980187637633e-03 6.324919747367097923e-03 5.731858724403248589e-03 4.357709210245984226e-03 4.434368320324602077e-03 4.836086784382381820e-03 5.230795024414574418e-03 5.459751897230689585e-03 7.704044399065934981e-03 1.123201995011199016e-02 6.407709736809056623e-03 5.252724424059785832e-03 4.205562557909200971e-03
3.446778945212418052e-03 4.888617112323503412e-03 6.622565347610523227e-03 5.000088961419374423e-03 5.438498391735348964e-03 5.495462779961000736e-03 9.443231249885582559e-03 1.085966201446665960e-02 8.086156060661394904e-03 1.081243674885349997e-02 1.154100585835297031e-02 7.196063167998982719e-03 4.969991908766568066e-03 3.830772561128046021e-03 4.650271838568371952e-03 5.235910469793578041e-03 5.174966989342139057e-03 6.436956370595258228e-03 6.189005137511906403e-03 4.675616445449813814e-03 4.051579172250566706e-03 3.733653131358510846e-03
5.110818657109206069e-03 7.112353871930282394e-03 7.335224686224764076e-03 4.975143317829344020e-03 4.136036459597906660e-03 4.417922260990247985e-03 5.220130676576816182e-03 6.459770524206010292e-03 7.335185639358123011e-03 9.416682504787245861e-03 9.552138231689457498e-03 9.261092466675670612e-03 6.319172002933469943e-03 5.962250591566018061e-03 8.264832794600062565e-03 7.167110035793792383e-03 6.871348479466695726e-03 6.497854355922225676e-03 5.819549614502931428e-03 4.945784792040101852e-03 7.042542609491229781e-03 7.159842368537830057e-03
3.180164490277233823e-03 3.814855366121320136e-03 4.637976702320315003e-03 3.763446492464267868e-03 4.236429698690194132e-03 4.520036344750596839e-03 1.066449124719156920e-02 1.764698586921146020e-02 1.264705868209914028e-02 9.074384515057213468e-03 7.519163076099178757e-03 7.750764863048023937e-03 5.717158259434890200e-03 5.308122841349978589e-03 7.983172200301218505e-03 9.925095197139131506e-03 4.472787228821889158e-03 4.959412393256464567e-03 7.077319795125342622e-03 4.876620863275536039e-03 4.181454110850860856e-03 3.559099561904856875e-03
4.047078889534649025e-03 4.774554069119216725e-03 6.001587180280036626e-03 4.015327736353858923e-03 4.515538437482924383e-03 4.357385289715913664e-03 4.732587158337753404e-03 5.642487074057477014e-03 8.567126404250181501e-03 1.343864496182657978e-02 1.131159847739064001e-02 6.502291984159649062e-03 5.523451173796799403e-03 5.266290752874358203e-03 9.391647417679470367e-03 1.204818800310428033e-02 6.606762376796199675e-03 6.390282829327511779e-03 5.207081801021645404e-03 4.901841173574364614e-03 5.282852499433890285e-03 5.050768696444887622e-03
4.732754079821234298e-03 7.029371001241280052e-03 1.146622811889451074e-02 6.071211606517011930e-03 7.396661587415974924e-03 6.446785235435822763e-03 1.014849939976990995e-02 9.675207601067003366e-03 6.580653365411348425e-03 8.922643620417450988e-03 1.199585007549519057e-02 6.462586681810790316e-03 4.543290944176008386e-03 4.163367201838399576e-03 3.842030608342531916e-03 4.245434223638462970e-03 5.406981794502760397e-03 6.256340953747153294e-03 6.567858031623929373e-03 6.173200523209826374e-03 6.746155369150763116e-03 5.293416727578422430e-03
3.982250583205463636e-03 5.505711976653390911e-03 6.874884804943271269e-03 5.367024921891671262e-03 5.511720940940281754e-03 6.153489515115687786e-03 1.122419053972315006e-02 1.777792539878596950e-02 1.483428313414936021e-02 9.115653162874716789e-03 6.308728778561932364e-03 7.425103390417618111e-03 5.137618066570942381e-03 4.285982065163331141e-03 4.216049563049415611e-03 5.025398624454954256e-03 7.009022001846606370e-03 8.901135853243157675e-03 8.101481230923484114e-03 5.003552420101825375e-03 4.174519621213672316e-03 4.579010401221016158e-03
4.680555043962931691e-03 8.981395004879514851e-03 6.544927633980537202e-03 4.429089238549290333e-03 4.726328994264405309e-03 5.735783090631603291e-03 1.362135257697888978e-02 1.491465833903085972e-02 9.819563026097806110e-03 1.183985086642875932e-02 1.451765223661796028e-02 7.510515131197695662e-03 5.240803027212978006e-03 3.980026201539476303e-03 4.784155486655720935e-03 4.645347805635877646e-03 4.262829504971630580e-03 5.336674266291151908e-03 5.050797352381735002e-03 6.652870532518927356e-03 6.183576377445900579e-03 4.652948625440555749e-03
6.142865909666905128e-03 9.825987306317961884e-03 1.718504656929311161e-02 8.053266362871708273e-03 6.282909964102715780e-03 6.549457686292435923e-03 7.592178471730396706e-03 7.989172592081808175e-03 8.109321699729343108e-03 9.918712367791572906e-03 1.216170061483641020e-02 7.819711803413332413e-03 5.009735847656609370e-03 4.365941893655945170e-03 4.557534573721593908e-03 5.855590745626940326e-03 6.330511502190151914e-03 7.094307371748868017e-03 5.177916511927048784e-03 7.971542434212124453e-03 9.489537368697677569e-03 7.362100393260786677e-03
4.883418674923581913e-03 7.379932399559003577e-03 7.801269695440776579e-03 4.830856431593922619e-03 4.813620910614621259e-03 4.780168643148554816e-03 8.487109153527010175e-03 1.006874183408787080e-02 7.609734378124343411e-03 9.060159194320497114e-03 9.934790897172765534e-03 8.927299243733557294e-03 6.028711848236346579e-03 5.784097965255337662e-03 7.568499365898578163e-03 8.285159242639355062e-03 5.380770223180261595e-03 5.534481651451095274e-03 5.769578445312836985e-03 5.812880794426181393e-03 6.108496701234110426e-03 5.443502920611230714e-03
6.371066924153876571e-03 1.417799933321054959e-02 1.230604252757760975e-02 6.637845294403170969e-03 6.965372590324900998e-03 6.897193179411866687e-03 1.648603253216835915e-02 1.773778476987851113e-02 8.462168029899061472e-03 8.762987425856270246e-03 1.006983616346071066e-02 8.384751307952131860e-03 4.721798489261620942e-03 4.025731774206093606e-03 4.668809531833388420e-03 5.289641631810986649e-03 5.339040609258749112e-03 6.213737357658126632e-03 5.488558784892298009e-03 1.452166415183150060e-02 1.523868000286808001e-02 8.529562733438456751e-03
3.917927935506805570e-03 6.059026124491553693e-03 5.300520082372187601e-03 4.227996311639683168e-03 4.441841683278668212e-03 4.800228252003159793e-03 8.279880062834596779e-03 1.217559836723254921e-02 7.326832449047234429e-03 8.137635561520849617e-03 1.113689972710414991e-02 8.484627297546523672e-03 5.596390001696676351e-03 4.547565120052455764e-03 6.548237067656847293e-03 8.172334981845941204e-03 5.236528229833721342e-03 5.533981969290822402e-03 6.153462843106348792e-03 9.337986704424129647e-03 1.118337230275937011e-02 5.968907514731085738e-03
4.449179501543036423e-03 4.459415489143492631e-03 4.054339244768234880e-03 3.753443861819580948e-03 3.994399216671095168e-03 4.235709395207470744e-03 4.925367669904657728e-03 5.153707438447282380e-03 6.199478026539998084e-03 9.732470058202609409e-03 1.423242401775159059e-02 1.958062573992156927e-02 9.237984259939865939e-03 4.716115488135499793e-03 5.781555871594541186e-03 6.375140775505614213e-03 5.215534000062462157e-03 6.822974672947942042e-03 1.093337766266457012e-02 7.196552024160214785e-03 6.249526529934384608e-03 6.924168797279139920e-03
8.623209670357491474e-03 1.558726884997770068e-02 1.234786740639474967e-02 5.829296588064965950e-03 5.926592162837336121e-03 5.222932734517454247e-03 6.288228649609413877e-03 5.552078263696367914e-03 6.541707826434582131e-03 7.383100882654245779e-03 1.029833387230585928e-02 6.008841774309721384e-03 3.982355383320650317e-03 3.885154879147160924e-03 3.602722585089975210e-03 4.381715864238000177e-03 5.909984818274210613e-03 6.873760303128425599e-03 6.719547918959758309e-03 6.076188994115053026e-03 6.557067122503651077e-03 8.536587230315450733e-03
4.740969210039800048e-03 5.832158725417968363e-03 6.215145277481741622e-03 3.999559349905415159e-03 4.394101868540548593e-03 4.039976393700370726e-03 5.849448006587903114e-03 6.521132257482710297e-03 7.378127161130925392e-03 7.226205562788444621e-03 6.588720594562834029e-03 7.233902547343276125e-03 5.602018093662872872e-03 5.220324691355411433e-03 8.751842351829082489e-03 9.931824356388651784e-03 5.246402950447993582e-03 6.386206770793300021e-03 9.116412831288790361e-03 6.770030477569357989e-03 6.419736682431982124e-03 5.953821451031546079e-03
4.585676250153755684e-03 6.924209102429644373e-03 6.270182539081846883e-03 3.876088152044732029e-03 4.474378095175815355e-03 5.304331066918738583e-03 1.389950124973781016e-02 1.338098772137158964e-02 6.634948197542975788e-03 7.398005715263985226e-03 6.750016843520305863e-03 5.673112098580484174e-03 5.001236567292280041e-03 4.835501620320510965e-03 1.157474835304976926e-02 1.691533370261695882e-02 5.466773172642612304e-03 6.339443880013894382e-03 9.293982795953068324e-03 5.653773853267312667e-03 4.676479560028612772e-03 5.495337063850576180e-03
5.920074549947113886e-03 8.733296780523468542e-03 8.723871771973168779e-03 5.925475789138274184e-03 6.233683459457657963e-03 5.162972526866027416e-03 5.582251691608397168e-03 6.293835821337605795e-03 4.793880689103541953e-03 6.651441448053002810e-03 7.258174134118777765e-03 5.032781077380102386e-03 3.907077915598177256e-03 5.468313370901842045e-03 5.980622059407907087e-03 5.377726232071793414e-03 5.117363244766667645e-03 5.903753643592768788e-03 7.958921228099080300e-03 5.984254936440480330e-03 6.907177679225479268e-03 7.282195220432712002e-03
6.884298788294955854e-03 1.180346386044518053e-02 7.193644162528130617e-03 4.376466043351423009e-03 3.932708679808432674e-03 4.016760254293941235e-03 5.650908368202403956e-03 7.556151550405680768e-03 9.099628223760631782e-03 8.424919181533069290e-03 7.926611213225749630e-03 9.254290914758187686e-03 5.820470498142408730e-03 4.532985849444201402e-03 5.313719037425572791e-03 6.319360598489539606e-03 5.262727696274967400e-03 5.514849293429979586e-03 4.393459414583117568e-03 4.690558514118677372e-03 6.204504717563297418e-03 8.638179614833253056e-03
5.009777393110714100e-03 4.686616678597780618e-03 4.815523292092595276e-03 4.513666271147510206e-03 4.426559223816355255e-03 4.859283079321109408e-03 5.473931766741254278e-03 6.685340211458920372e-03 6.058111802807256141e-03 7.187516241213613884e-03 8.437593947612329059e-03 8.282951761007588745e-03 5.269962311723812125e-03 6.063667170306019302e-03 7.253611844862188109e-03 7.854628612964672726e-03 5.657713686101461213e-03 7.365975818457212894e-03 6.500819564695678801e-03 6.639875757609408312e-03 8.160410133395148979e-03 7.446562624567270618e-03
4.658958280051997587e-03 5.694477622907825887e-03 5.419010607222102607e-03 4.473495085707821124e-03 5.032056648847801038e-03 5.542996414757418201e-03 1.021460256446764074e-02 9.523189011477646571e-03 5.783746580207639078e-03 5.821571217505287429e-03 6.452049110351959840e-03 6.531484036312108429e-03 4.452722344677364011e-03 4.121561776170057194e-03 4.248457544120209581e-03 3.903951940248933956e-03 4.109117992248408242e-03 5.740407581928433714e-03 6.428354082411539237e-03 8.623588939252782928e-03 8.259717789525420489e-03 5.859621235120949373e-03
3.930239503507552794e-03 4.567651905243025334e-03 6.588912470314221316e-03 4.177094158240401804e-03 5.616709412238893306e-03 5.033163673755556775e-03 7.696649714549943372e-03 8.092035568230657866e-03 7.356259513124091369e-03 7.950896805652106492e-03 1.051068984867043962e-02 8.197272190518979304e-03 6.059033657281128089e-03 4.775799066814144338e-03 8.167274039107809414e-03 1.034074120155487053e-02 5.993063415132259160e-03 5.411666246566059976e-03 5.270670695753392268e-03 4.777257143424971583e-03 5.179496613773752756e-03 4.242846939267266165e-03
1.057266539316232927e-02 6.082401401692679420e-03 4.851883501917065612e-03 4.315412349356902155e-03 4.727383605817360619e-03 5.024313191682156995e-03 5.789568783641007264e-03 6.237599800773533341e-03 9.742920156906803922e-03 9.090126987284584403e-03 7.075733805249018356e-03 8.164874393476510839e-03 5.867320864822742586e-03 4.564129459008371345e-03 5.398288334833855305e-03 5.028117177319593387e-03 7.055115943778391199e-03 6.306829197401797940e-03 4.244043922536628113e-03 5.221742737670899762e-03 1.193068289911921979e-02 1.993136577281937050e-02
4.304987696112718386e-03 4.071162918271935618e-03 5.115196126134121182e-03 3.546937728374254147e-03 4.060944694493640039e-03 4.680409034295041591e-03 1.050368613200203943e-02 1.068136822032444977e-02 7.400568745232682585e-03 9.019494086331706836e-03 1.279325059848994937e-02 3.252582160806270772e-02 1.470958136041778004e-02 5.902477104955993273e-03 7.649916440992919793e-03 8.760123086426256644e-03 4.417455856191238386e-03 4.226735957425208252e-03 4.883424374615324796e-03 4.185929965184117217e-03 4.671815840173683398e-03 5.073116585873341938e-03
5.183836219563747218e-03 7.704828073111553641e-03 9.761818530742812777e-03 6.632716512708754231e-03 5.808741811047816658e-03 5.606565660755818102e-03 6.520195221406146352e-03 7.522378827643123878e-03 6.531688062664484616e-03 6.580602810833846746e-03 6.702366396945158566e-03 6.106696758080429159e-03 4.851006816566436584e-03 3.985278974574285940e-03 4.198440506039743426e-03 4.034684783363751658e-03 6.342534194439071980e-03 5.588318214092446133e-03 4.166198277448440387e-03 5.614388072450969373e-03 6.462967623493815622e-03 6.325148443163028898e-03
5.321596795540097825e-03 5.494284623834658730e-03 7.485989119380220304e-03 4.849101951339794027e-03 3.996580333312141353e-03 4.097338465913882843e-03 4.327434237551902423e-03 4.489215961598085405e-03 4.882412704641857053e-03 7.602962780267862909e-03 9.301936055198477965e-03 5.892809294889347904e-03 4.804536609815663988e-03 4.830548910388944399e-03 5.737672053690376882e-03 6.132957632493377630e-03 1.352077998562280919e-02 1.087237124440684072e-02 7.579362245770496047e-03 5.946446390138126863e-03 6.362838186948178293e-03 6.359862940320416998e-03
